time_s,position_error_3d_m,orientation_error_deg,tip_speed_m_s,cutter_angular_speed_rad_s,ax_cmd_m_s2,ay_cmd_m_s2,az_cmd_m_s2,tip_x_m,tip_y_m,tip_z_m,target_x_m,target_y_m,target_z_m,wind_x_m_s,thrust_N,max_abs_torque_Nm,safe,task_success,anchor_active
0.0,0.0,0.0,0.0,0.0,0.0,0.0,0.0,0.225,0.0,0.38999999999999996,0.225,0.0,0.38999999999999996,1.5,129.8844,0.0,True,False,False
0.005,6.003160554136367e-07,0.0001282395300757419,0.00024009670461627952,0.000895168392884262,0.0,0.0,0.0,0.22500032675402332,0.0,0.38999949640177256,0.225,0.0,0.38999999999999996,1.5,129.88439999999852,0.00043042318414697884,True,False,False
0.01,2.3964889850760255e-06,0.0005114781128779521,0.00047784113246218413,0.0017773219859852267,0.0,0.0,0.0,0.22500130728947468,0.0,0.38999799147972747,0.225,0.0,0.38999999999999996,1.5,129.88439999997573,0.0008596543381830182,True,False,False
0.015,5.374007216046629e-06,0.0011450043645258225,0.0007127535774710064,0.0026430014367652696,0.0,0.0,0.0,0.22500294353583897,0.0,0.3899955038293712,0.225,0.0,0.38999999999999996,1.5,129.88439999987807,0.0012845215918919593,True,False,False
0.02,9.52004154733437e-06,0.002024417401856958,0.0009453189096816396,0.003494108993000431,0.0,0.0,0.0,0.22500523864185037,0.0,0.3899920509231588,0.225,0.0,0.38999999999999996,1.5,129.88439999961864,0.0017054024264695474,True,False,False
0.025,1.48234266518719e-05,0.0031456293297125767,0.0011757455648678835,0.004331056015930876,0.0,0.0,0.0,0.22500819685652312,0.0,0.3899876490680172,0.225,0.0,0.38999999999999996,1.5,129.88439999908002,0.0021229620388609743,True,False,False
0.03,2.1273561653951268e-05,0.004504526669166091,0.001404073325190798,0.005153323333566218,0.0,0.0,0.0,0.22501182353484117,0.0,0.3899823147392073,0.225,0.0,0.38999999999999996,1.5,129.88439999811547,0.0025380213809573365,True,False,False
0.035,2.8859740994523667e-05,0.0060967576180098685,0.0016302416633558329,0.00595981516556154,0.0,0.0,0.0,0.2250161251338636,0.0,0.3899760654077086,0.225,0.0,0.38999999999999996,1.5,129.88439999655066,0.002951473626902493,True,False,False
0.04,3.7570758287058186e-05,0.007917601924786574,0.0018541334032658669,0.006749083471871212,0.0,0.0,0.0,0.2250211092017908,0.0,0.3899689200470074,0.225,0.0,0.38999999999999996,1.5,129.88439999418435,0.003364231097548091,True,False,False
0.045,4.7394684735083515e-05,0.009961891722953734,0.0020756029702353293,0.00751947103559445,0.0,0.0,0.0,0.22502678436159207,0.0,0.3899608994358705,0.225,0.0,0.38999999999999996,1.5,129.88439999078923,0.0037771913932494127,True,False,False
0.05,5.8318877213781126e-05,0.012224002259504704,0.0022947101804987,0.008270390402500837,-0.01689867273959462,0.0,0.006792659898677665,0.22503316028912596,0.0,0.3899520261877212,0.225,0.0,0.38999999999999996,1.5,129.9743380750398,0.022429460640553314,True,False,False
0.055,7.026944421897634e-05,0.014700672604632186,0.0024878596089687724,0.00902135298501952,-0.01689867273959462,0.0,0.006792659898677665,0.22504024758889415,0.0,0.38994239855575547,0.225,0.0,0.38999999999999996,1.5,129.97433881147623,0.02105640071275828,True,False,False
0.06,8.318987004483641e-05,0.017393544634973213,0.0026841258174513643,0.009779503626141682,-0.01689867273959462,0.0,0.006792659898677665,0.2250480576571783,0.0,0.3899320955372261,0.225,0.0,0.38999999999999996,1.5,129.97433975332677,0.019705680010972934,True,False,False
0.065,9.7094843001412e-05,0.020304424731745697,0.0028832138674420213,0.01054297735643913,-0.01689867273959462,0.0,0.006792659898677665,0.22505660272256064,0.0,0.3899211105815955,0.225,0.0,0.38999999999999996,1.5,129.9743408933323,0.01837617827539377,True,False,False
0.07,0.00011199754065942148,0.023434502910441597,0.0030847557360524033,0.011309348829366142,-0.01689867273959462,0.0,0.006792659898677665,0.22506589578021938,0.0,0.389909439549123,0.225,0.0,0.38999999999999996,1.5,129.97434222420867,0.017066823099874756,True,False,False
0.075,0.00012790912286460458,0.02678420314261817,0.003288319959589374,0.012075707819256024,-0.01689867273959462,0.0,0.006792659898677665,0.22507595053177604,0.0,0.3898970812921042,0.225,0.0,0.38999999999999996,1.5,129.97434373866128,0.015776598945415093,True,False,False
0.08,0.00014483835862387517,0.030353055917092805,0.0034934242865881904,0.012838741521644133,-0.01689867273959462,0.0,0.006792659898677665,0.22508678132941068,0.0,0.3898840381485376,0.225,0.0,0.38999999999999996,1.5,129.97434542939632,0.014504557066048378,True,False,False
0.085,0.00016279135766397439,0.03413959527692664,0.003699550305996794,0.013594820518007724,-0.01689867273959462,0.0,0.006792659898677665,0.2250984031247028,0.0,0.3898703163418976,0.225,0.0,0.38999999999999996,1.5,129.97434728912825,0.013249825509914322,True,False,False
0.09,0.0001817713942180205,0.03814128050698266,0.0039061591792413494,0.01434008541851392,-0.01689867273959462,0.0,0.006792659898677665,0.22511083142238375,0.0,0.3898559262842557,0.225,0.0,0.38999999999999996,1.5,129.9743493105838,0.012011618543199319,True,False,False
0.095,0.00020177881627168239,0.04235444246616103,0.004112707718297667,0.015070531456088535,-0.01689867273959462,0.0,0.006792659898677665,0.2251240822389478,0.0,0.3898408827832266,0.225,0.0,0.38999999999999996,1.5,129.97435148650422,0.010789244991204988,True,False,False
0.1,0.00022281103474097863,0.04677425353606709,0.004318664149760057,0.01578208864768734,-0.03409588180106318,0.0,0.012239752489770725,0.22513817206584474,0.0,0.38982520515619,0.225,0.0,0.38999999999999996,1.5,130.046493145011,0.03664304014806197,True,False,False
0.105,0.00024480931113776347,0.05139465866087128,0.004503546086194786,0.01647030970930751,-0.03409588180106318,0.0,0.012239752489770725,0.22515311786874923,0.0,0.38980898555790344,0.225,0.0,0.38999999999999996,1.5,130.04649841023158,0.034477350480728794,True,False,False
0.11,0.00026771351624551784,0.056208493960744794,0.004687387438059894,0.017131767457134406,-0.03409588180106318,0.0,0.012239752489770725,0.22516893704972213,0.0,0.38979232043910933,0.225,0.0,0.38999999999999996,1.5,130.04650426879087,0.03235165049021088,True,False,False
0.115,0.0002915147186791458,0.06120746011965975,0.004869733186620548,0.017762145505520275,-0.03409588180106318,0.0,0.012239752489770725,0.2251856473388803,0.0,0.38977524258238433,0.225,0.0,0.38999999999999996,1.5,130.04651069383044,0.030268417224790047,True,False,False
0.12,0.00031620182722409766,0.06638217588051566,0.005050360144605027,0.018358231657938387,-0.03409588180106318,0.0,0.012239752489770725,0.2252032668243073,0.0,0.38975778894807234,0.225,0.0,0.38999999999999996,1.5,130.04651765795637,0.028227146717967933,True,False,False
0.125,0.00034176239423425273,0.07172239449599752,0.00522912784390128,0.01891709421823335,-0.03409588180106318,0.0,0.012239752489770725,0.22522181399545071,0.0,0.3897399998355098,0.225,0.0,0.38999999999999996,1.5,130.04652513397966,0.026226778760734575,True,False,False
0.13,0.0003681828482645592,0.07721704518844778,0.005405948436579807,0.019435906789036075,-0.03409588180106318,0.0,0.012239752489770725,0.2252413077151603,0.0,0.3897219187234632,0.225,0.0,0.38999999999999996,1.5,130.04653309499588,0.02426629137620288,True,False,False
0.135,0.0003954486799497275,0.08285425910810908,0.005580783196255854,0.019911920187036834,-0.03409588180106318,0.0,0.012239752489770725,0.22526176718242558,0.0,0.38970359217169753,0.225,0.0,0.38999999999999996,1.5,130.0465415144181,0.022344733303179865,True,False,False
0.14,0.0004235446112902138,0.08862138862538986,0.00575364123698019,0.020342444702041183,-0.03409588180106318,0.0,0.012239752489770725,0.2252832118891568,0.0,0.38968506974805006,0.225,0.0,0.38999999999999996,1.5,130.0465503659968,0.020461251445262015,True,False,False
0.145,0.0004524547596262898,0.09450502326180034,0.005924580485388817,0.020724844476088453,-0.03409588180106318,0.0,0.012239752489770725,0.22530566157209508,0.0,0.38966640396757024,0.225,0.0,0.38999999999999996,1.5,130.0465596238291,0.018615112400111267,True,False,False
0.15,0.0004821628080290007,0.10049100583912807,0.006093710678134036,0.02105654457617566,-0.048650752541559455,0.0,0.015259084533502363,0.22532913616112482,0.0,0.38964765022933673,0.225,0.0,0.38999999999999996,1.5,130.08659622752083,0.03969735235379906,True,False,False
0.155,0.0005126249058747129,0.10656444672021441,0.006252169309814066,0.021334990629934884,-0.048650752541559455,0.0,0.015259084533502363,0.2253536557907637,0.0,0.38962890449237103,0.225,0.0,0.38999999999999996,1.5,130.0866110360174,0.037098701417479216,True,False,False
0.16,0.0005437981926739544,0.11270973422101038,0.006409749338370783,0.0215577464413456,-0.048650752541559455,0.0,0.015259084533502363,0.22537924067668488,0.0,0.38961026549613476,0.225,0.0,0.38999999999999996,1.5,130.0866267128031,0.03455762982441002,True,False,False
0.165,0.0005756679553302486,0.11891059451862385,0.006566797486446152,0.021722609835650206,-0.048650752541559455,0.0,0.015259084533502363,0.2254059109991571,0.0,0.38959179679624306,0.225,0.0,0.38999999999999996,1.5,130.08664320706052,0.03207375552196366,True,False,False
0.17,0.0006082201745056411,0.12515015058269263,0.006723735731528041,0.021827578393629334,-0.048650752541559455,0.0,0.015259084533502363,0.22543368691841217,0.0,0.38957356426337153,0.225,0.0,0.38999999999999996,1.5,130.08666046841554,0.029646806921957952,True,False,False
0.17500000000000002,0.0006414418563367955,0.13141098530944825,0.00688106337487987,0.021870891220975498,-0.048650752541559455,0.0,0.015259084533502363,0.22546258852407763,0.0,0.3895556358335188,0.225,0.0,0.38999999999999996,1.5,130.08667844698195,0.02727661242779071,True,False,False
0.18,0.0006753213942156987,0.13767521676867867,0.007039356912349579,0.021851070964515107,-0.048650752541559455,0.0,0.015259084533502363,0.22549263578674866,0.0,0.389538081211575,0.225,0.0,0.38999999999999996,1.5,130.086697093407,0.024963087000581044,True,False,False
0.185,0.0007098489550638987,0.14392458520909515,0.007199267119379511,0.02176696360173567,-0.048650752541559455,0.0,0.015259084533502363,0.22552384851203278,0.0,0.3895209715296077,0.225,0.0,0.38999999999999996,1.5,130.0867163589193,0.0227062166140118,True,False,False
0.19,0.0007450168820995618,0.1501405508647576,0.007361512922081311,0.021617773760892103,-0.048650752541559455,0.0,0.015259084533502363,0.22555624629718943,0.0,0.38950437896384793,0.225,0.0,0.38999999999999996,1.5,130.0867361953794,0.020506041432561656,True,False,False
0.195,0.00078082010416385,0.15630440103316465,0.007526871832150377,0.021403093678745523,-0.048650752541559455,0.0,0.015259084533502363,0.22558984849030883,0.0,0.3894883763164719,0.225,0.0,0.38999999999999996,1.5,130.086756555334,0.018362638498365932,True,False,False
0.2,0.0008172565400772542,0.16239736434300528,0.007696166964214887,0.02112292433794859,-0.0580086018495654,0.0,0.013650595108479716,0.2256246741518127,0.0,0.3894730365701909,0.225,0.0,0.38999999999999996,1.5,130.0655518539121,0.03101928467043471,True,False,False
0.20500000000000002,0.0008543400570390233,0.16840069250860284,0.007873076369144843,0.020777167338931965,-0.0580086018495654,0.0,0.013650595108479716,0.22566074194506866,0.0,0.3894584125046787,0.225,0.0,0.38999999999999996,1.5,130.06557789047017,0.02850684077622869,True,False,False
0.21,0.0008920870362506682,0.17429572953546194,0.008055293980614022,0.020368457037296683,-0.0580086018495654,0.0,0.013650595108479716,0.22569807012966064,0.0,0.3894445565966526,0.225,0.0,0.38999999999999996,1.5,130.06560464298832,0.026165987025479433,True,False,False
0.215,0.0009305091002111693,0.18006575613794207,0.008244236592308003,0.019904642467896624,-0.0580086018495654,0.0,0.013650595108479716,0.22573667729290456,0.0,0.38943153386055573,0.225,0.0,0.38999999999999996,1.5,130.0656320012944,0.023983563415146812,True,False,False
0.22,0.0009696224497641404,0.1856946930597094,0.008440208534382338,0.01938290333520712,-0.0580086018495654,0.0,0.013650595108479716,0.22577658176037474,0.0,0.38941940679943704,0.225,0.0,0.38999999999999996,1.5,130.06565986836713,0.021931678968812783,True,False,False
0.225,0.0010094436654037968,0.1911655568438,0.008643572549200333,0.018800814524845205,-0.0580086018495654,0.0,0.013650595108479716,0.22581780089639542,0.0,0.3894082414280479,0.225,0.0,0.38999999999999996,1.5,130.06568816204856,0.01999019790041421,True,False,False
0.23,0.0010499909790524441,0.19646090058318344,0.008854819499159549,0.018157503384779852,-0.0580086018495654,0.0,0.013650595108479716,0.225860351173579,0.0,0.3893981055622347,0.225,0.0,0.38999999999999996,1.5,130.06571681018968,0.018146775865194482,True,False,False
0.23500000000000001,0.0010912850323897148,0.20156309601336755,0.00907430091141816,0.017450281699804147,-0.0580086018495654,0.0,0.013650595108479716,0.225904248186671,0.0,0.3893890677297604,0.225,0.0,0.38999999999999996,1.5,130.06574574729373,0.016395369715534444,True,False,False
0.24,0.0011333384392730032,0.2064501468754859,0.009300996274329452,0.016652351082376265,-0.0580086018495654,0.0,0.013650595108479716,0.2259495048880269,0.0,0.3893812136996128,0.225,0.0,0.38999999999999996,1.5,130.06577490909953,0.014745194197019348,True,False,False
0.245,0.0011761586936680282,0.21109647227148,0.00953641788601532,0.015773526321123454,-0.0580086018495654,0.0,0.013650595108479716,0.22599613171685276,0.0,0.3893746434014333,0.225,0.0,0.38999999999999996,1.5,130.06580423177513,0.013186006698489156,True,False,False
0.25,0.001219771273429773,0.21548221717218818,0.009782324897215628,0.014836432766907359,-0.06255972098954346,0.0,0.006939573149915607,0.2260441401627473,0.0,0.38936943415885206,0.225,0.0,0.38999999999999996,1.5,129.97703973383258,0.018908815328138803,True,False,False
0.255,0.0012642597263626974,0.21959317473684284,0.010041538950184043,0.013857150255540079,-0.06255972098954346,0.0,0.006939573149915607,0.22609354237996782,0.0,0.3893655571586683,0.225,0.0,0.38999999999999996,1.5,129.9770721134039,0.01718340301448283,True,False,False
0.26,0.0013097121012635284,0.22341863880415752,0.010310313914398704,0.012844898508316096,-0.06255972098954346,0.0,0.006939573149915607,0.22614435062501073,0.0,0.3893629698317711,0.225,0.0,0.38999999999999996,1.5,129.97710469297758,0.015508263562366287,True,False,False
0.265,0.0013561782130483697,0.2269504396058681,0.010588614733319459,0.011808297677544797,-0.06255972098954346,0.0,0.006939573149915607,0.22619657717583064,0.0,0.38936170351103244,0.225,0.0,0.38999999999999996,1.5,129.97713742997746,0.0138832048517996,True,False,False
0.27,0.0014037124446373093,0.23018265841339838,0.010876168707918247,0.01075451992716503,-0.06255972098954346,0.0,0.006939573149915607,0.22625023388810694,0.0,0.389361780717732,0.225,0.0,0.38999999999999996,1.5,129.97717028315296,0.012308041578540263,True,False,False
0.275,0.0014523721540564635,0.2331112712067401,0.011172531496800815,0.00968967329798829,-0.06255972098954346,0.0,0.006939573149915607,0.2263053320424734,0.0,0.38936321657310285,0.225,0.0,0.38999999999999996,1.5,129.97720321258373,0.010782610728969758,True,False,False
0.28,0.0015022163792755858,0.23573388382374827,0.01147713659848466,0.008619064416146464,-0.06255972098954346,0.0,0.006939573149915607,0.22636188223303605,0.0,0.38936601984770447,0.225,0.0,0.38999999999999996,1.5,129.97723617967608,0.009306781646850518,True,False,False
0.28500000000000003,0.0015533047604585296,0.23804952979547914,0.011789333010881076,0.0075473785445872585,-0.06255972098954346,0.0,0.006939573149915607,0.22641989428555637,0.0,0.38937019376256854,0.225,0.0,0.38999999999999996,1.5,129.97726914715363,0.007880461804396624,True,False,False
0.29,0.0016057051578187462,0.24006565070802194,0.012104891456753234,0.006560133866822607,-0.06255972098954346,0.0,0.006939573149915607,0.22647937466777207,0.0,0.3893757086848273,0.225,0.0,0.38999999999999996,1.5,129.97730207913537,0.006502948004938905,True,False,False
0.295,0.0016595193528319712,0.24182428373233475,0.012418071230182317,0.005740936753290004,-0.06255972098954346,0.0,0.006939573149915607,0.2265403163113609,0.0,0.3893823996896216,0.225,0.0,0.38999999999999996,1.5,129.97733494149693,0.005173389656804389,True,False,False
0.3,0.0017148323119851848,0.2433662850087369,0.01272893429811256,0.005040985023576934,-0.06360225178950475,0.0,-0.00206231323066469,0.2266027101606915,0.0,0.38939010656746875,0.225,0.0,0.38999999999999996,1.5,129.85820337795838,0.005626426905795859,True,False,False
0.305,0.0017717409612511715,0.24472084738899655,0.013031527552106495,0.004427702980506319,-0.06360225178950475,0.0,-0.00206231323066469,0.2266665493858873,0.0,0.38939860231279627,0.225,0.0,0.38999999999999996,1.5,129.8582367399741,0.004332338762961879,True,False,False
0.31,0.0018303172402340348,0.24590906393031223,0.01333197994693909,0.0038764410545440637,-0.06360225178950475,0.0,-0.00206231323066469,0.2267318291018005,0.0,0.3894076916663976,0.225,0.0,0.38999999999999996,1.5,129.85826996848752,0.003089896907481904,True,False,False
0.315,0.0018905794504963278,0.24694622724650472,0.013630806995451265,0.003370876338180357,-0.06360225178950475,0.0,-0.00206231323066469,0.22679854619099984,0.0,0.3894173146153549,0.225,0.0,0.38999999999999996,1.5,129.85830303097129,0.001899990178423766,True,False,False
0.32,0.0019525376888628577,0.24784365677522835,0.013928395951044701,0.0028987321647777346,-0.06360225178950475,0.0,-0.00206231323066469,0.22686669850273236,0.0,0.3894274267502522,0.225,0.0,0.38999999999999996,1.5,129.85833589579906,0.000764757034572891,True,False,False
0.325,0.002016193295535317,0.2486082898141707,0.014224818767469258,0.0024409917367216698,-0.06360225178950475,0.0,-0.00206231323066469,0.2269362831833518,0.0,0.38943800103306975,0.225,0.0,0.38999999999999996,1.5,129.85836852790615,0.0002945121371584758,True,False,False
0.33,0.0020815389913926307,0.24924325782410262,0.014519798409516744,0.0019938457300881737,-0.06360225178950475,0.0,-0.00206231323066469,0.22700729465775132,0.0,0.38944902565427153,0.225,0.0,0.38999999999999996,1.5,129.8584008873015,0.001276029748305249,True,False,False
0.335,0.002148565362528216,0.24975145106430072,0.014813531228816504,0.0015513629851061277,-0.06360225178950475,0.0,-0.00206231323066469,0.22707972638785234,0.0,0.38946048978811637,0.225,0.0,0.38999999999999996,1.5,129.85843293790853,0.002185651946874742,True,False,False
0.34,0.0022172580557917195,0.25012906425810744,0.015107927664610579,0.0010796815591446458,-0.06360225178950475,0.0,-0.00206231323066469,0.22715357396330513,0.0,0.3894724088035727,0.225,0.0,0.38999999999999996,1.5,129.85846464776895,0.0030282744200350736,True,False,False
0.34500000000000003,0.002287601260213545,0.25036739859977764,0.015403098297609816,0.0005800308631638291,-0.06360225178950475,0.0,-0.00206231323066469,0.22722883516687614,0.0,0.3894848171930015,0.225,0.0,0.38999999999999996,1.5,129.8584959885843,0.0038081987004722206,True,False,False
0.35000000000000003,0.002359583501727154,0.2504603574889105,0.01569868329325759,7.037199583364087e-05,-0.059386349791479075,0.0,-0.006211986085180348,0.22730550827468904,0.0,0.38949773921418906,0.225,0.0,0.38999999999999996,1.5,129.8034730221918,0.011137620508298293,True,False,False
0.355,0.0024332119304087624,0.2504086044375222,0.01599062897599171,0.0004303395329736167,-0.059386349791479075,0.0,-0.006211986085180348,0.22738359333638233,0.0,0.3895111205618587,0.225,0.0,0.38999999999999996,1.5,129.80350056355357,0.011569358613801345,True,False,False
0.36,0.0025084924731441412,0.2502145083511937,0.016282348084007334,0.0009235095466317415,-0.059386349791479075,0.0,-0.006211986085180348,0.22746309047437713,0.0,0.38952490021800307,0.225,0.0,0.38999999999999996,1.5,129.80352759429084,0.011957014157517258,True,False,False
0.365,0.002585418481127178,0.24988013012989793,0.016573723557069577,0.0014097676992049606,-0.059386349791479075,0.0,-0.006211986085180348,0.22754399932743144,0.0,0.38953907034746893,0.225,0.0,0.38999999999999996,1.5,129.80355410645973,0.012302632307253931,True,False,False
0.37,0.0026639825035466146,0.2494074025722813,0.01686463436886546,0.0018893915243135564,-0.059386349791479075,0.0,-0.006211986085180348,0.22762631889184284,0.0,0.38955362363688034,0.225,0.0,0.38999999999999996,1.5,129.80358009363275,0.01260787699392861,True,False,False
0.375,0.0027441764389272575,0.24879822135620142,0.017154956195092108,0.002362371928921506,-0.059386349791479075,0.0,-0.006211986085180348,0.22771004755695248,0.0,0.3895685529383349,0.225,0.0,0.38999999999999996,1.5,129.80360555071118,0.012874145020996375,True,False,False
0.38,0.002825991644932114,0.24805451991377062,0.017444562030139766,0.002828461372014102,-0.059386349791479075,0.0,-0.006211986085180348,0.22779518313647987,0.0,0.3895838509752928,0.225,0.0,0.38999999999999996,1.5,129.8036304737822,0.01310264874259534,True,False,False
0.385,0.0029094190176125034,0.24717833230546363,0.017733322778285737,0.00328721015249343,-0.059386349791479075,0.0,-0.006211986085180348,0.2278817228971193,0.0,0.3895995100946794,0.225,0.0,0.38999999999999996,1.5,129.80365486000935,0.013294475861815008,True,False,False
0.39,0.002994449048003418,0.24617184693316568,0.018021107846091487,0.003737994689483084,-0.059386349791479075,0.0,-0.006211986085180348,0.22796966358539913,0.0,0.38961552205441274,0.225,0.0,0.38999999999999996,1.5,129.80367870754475,0.013450632552913039,True,False,False
0.395,0.003081071861838314,0.24503745295380372,0.018307785759501503,0.004180040558058027,-0.059386349791479075,0.0,-0.006211986085180348,0.2280590014534989,0.0,0.3896318778391572,0.225,0.0,0.38999999999999996,1.5,129.80370201545813,0.013572074410762622,True,False,False
0.4,0.0031692772466725117,0.24377778060190575,0.01859322482428885,0.004612442227551997,-0.052753417097853895,0.0,-0.009688516465454579,0.22814973228449761,0.0,0.38964856749969645,0.225,0.0,0.38999999999999996,1.5,129.75747393790942,0.024092621038193457,True,False,False
0.405,0.0032590589732103014,0.24239574607167613,0.018874049552832978,0.005034115993585548,-0.052753417097853895,0.0,-0.009688516465454579,0.22824185123490484,0.0,0.38966553630748824,0.225,0.0,0.38999999999999996,1.5,129.75749183718,0.023772840909498147,True,False,False
0.41000000000000003,0.003350409113207431,0.24089457395934163,0.019153370070905885,0.0054439713832534296,-0.052753417097853895,0.0,-0.009688516465454579,0.22833535304057762,0.0,0.3896827283174106,0.225,0.0,0.38999999999999996,1.5,129.75750915153034,0.023430856264667593,True,False,False
0.41500000000000004,0.003443314572639939,0.2392778317401599,0.019431064091169334,0.005840730540352366,-0.052753417097853895,0.0,-0.009688516465454579,0.22843023223273065,0.0,0.38970012990197367,0.225,0.0,0.38999999999999996,1.5,129.75752589291986,0.0230674155084011,True,False,False
0.42,0.0035377621244557103,0.2375494598420636,0.019707013422917457,0.0062230701034820006,-0.052753417097853895,0.0,-0.009688516465454579,0.2285264829820666,0.0,0.38971772597280635,0.225,0.0,0.38999999999999996,1.5,129.75754207345926,0.022683292754462472,True,False,False
0.425,0.003633738396566204,0.2357137826184222,0.0199811049353885,0.006589635631723483,-0.052753417097853895,0.0,-0.009688516465454579,0.22862409912259776,0.0,0.3897354999352255,0.225,0.0,0.38999999999999996,1.5,129.75755770538868,0.022279284845593238,True,False,False
0.43,0.0037312298613498577,0.23377551509799538,0.020253231554125097,0.006939056654526914,-0.052753417097853895,0.0,-0.009688516465454579,0.22872307417572138,0.0,0.38975343365942305,0.225,0.0,0.38999999999999996,1.5,129.7575728010552,0.021856208624077514,True,False,False
0.435,0.0038302228273259372,0.2317397653690644,0.020523293274454388,0.007269962191465619,-0.052753417097853895,0.0,-0.009688516465454579,0.2288234013744621,0.0,0.3897715074689842,0.225,0.0,0.38999999999999996,1.5,129.75758737289118,0.021414898340562608,True,False,False
0.44,0.0039307034335803225,0.2296120324656504,0.02079119817366382,0.007580996552448751,-0.052753417097853895,0.0,-0.009688516465454579,0.22892507368779974,0.0,0.3897897001471652,0.225,0.0,0.38999999999999996,1.5,129.7576014333916,0.020956203138392207,True,False,False
0.445,0.004032657647440904,0.2273981997141993,0.021056863401635522,0.007870835210988587,-0.052753417097853895,0.0,-0.009688516465454579,0.2290280838450071,0.0,0.389807988961108,0.225,0.0,0.38999999999999996,1.5,129.7576149950931,0.020480984583844265,True,False,False
0.45,0.004136071265795179,0.2251045235434209,0.021320216128544435,0.008138200536487299,-0.046469194326458615,0.0,-0.011829895250884175,0.22913242435991696,0.0,0.3898263497039982,0.225,0.0,0.38999999999999996,1.5,129.72902872200507,0.02989007998604673,True,False,False
0.455,0.0042409307906233285,0.22273759473221863,0.021579312348113368,0.008382042785883526,-0.046469194326458615,0.0,-0.011829895250884175,0.22923808743934057,0.0,0.38984472982462576,0.225,0.0,0.38999999999999996,1.5,129.7290379126841,0.029029045149480702,True,False,False
0.46,0.004347222015152526,0.22030434342893213,0.021836029600878694,0.008601021757769521,-0.046469194326458615,0.0,-0.011829895250884175,0.2293450651211891,0.0,0.3898630754161854,0.225,0.0,0.38999999999999996,1.5,129.72904665686562,0.028163375079930688,True,False,False
0.465,0.004454929511847803,0.21781205633982093,0.022090335134722396,0.00879401241383393,-0.046469194326458615,0.0,-0.011829895250884175,0.22945334942178786,0.0,0.3898813581735039,0.225,0.0,0.38999999999999996,1.5,129.7290549727901,0.027293797577076374,True,False,False
0.47000000000000003,0.004564037799853342,0.2152682975759673,0.02234221414173538,0.008960329904913172,-0.046469194326458615,0.0,-0.011829895250884175,0.22956293223402047,0.0,0.38989954868727994,0.225,0.0,0.38999999999999996,1.5,129.72906287818972,0.026421331224259055,True,False,False
0.47500000000000003,0.004674531308569522,0.21268076294863694,0.022591663694098166,0.009099435448474948,-0.046469194326458615,0.0,-0.011829895250884175,0.22967380530163115,0.0,0.38991761700878613,0.225,0.0,0.38999999999999996,1.5,129.72907039034425,0.025547148022447546,True,False,False
0.48,0.0047863944808688285,0.21005740871364245,0.022838685099795742,0.009210224809610713,-0.046469194326458615,0.0,-0.011829895250884175,0.22978596030307724,0.0,0.3899355321486286,0.225,0.0,0.38999999999999996,1.5,129.72907752602353,0.02467188687339751,True,False,False
0.485,0.00489961182962479,0.20740648750990565,0.023083295185304126,0.009291744516039212,-0.046469194326458615,0.0,-0.011829895250884175,0.2298993889042002,0.0,0.38995326193843094,0.225,0.0,0.38999999999999996,1.5,129.72908430145642,0.023796161242337643,True,False,False
0.49,0.005014167959098235,0.20473649935384394,0.02332552666720502,0.009343225353725513,-0.046469194326458615,0.0,-0.011829895250884175,0.23001408277928853,0.0,0.3899707732230717,0.225,0.0,0.38999999999999996,1.5,129.72909073233535,0.022920572239760448,True,False,False
0.495,0.0051300475898874015,0.2020561353443507,0.02356542803296365,0.009364106093862328,-0.046469194326458615,0.0,-0.011829895250884175,0.23013003362985454,0.0,0.38998803208159144,0.225,0.0,0.38999999999999996,1.5,129.72909683382053,0.022045714905528164,True,False,False
0.5,0.005247235587311331,0.1993742152914686,0.02380306305070105,0.00935405204771814,-0.042043441810574025,0.0,-0.011801919568558042,0.23024723320122248,0.0,0.3900050040718463,0.225,0.0,0.38999999999999996,1.5,129.72927759547437,0.028157421702157674,True,False,False
0.505,0.005365717000224766,0.1966996365319488,0.024038517209490823,0.009312869640340192,-0.042043441810574025,0.0,-0.011801919568558042,0.23036567330406163,0.0,0.3900216545741466,0.225,0.0,0.38999999999999996,1.5,129.72928129111602,0.027034594329600946,True,False,False
0.51,0.005485477084632011,0.19404127434223334,0.024271874909289583,0.009240885768329696,-0.042043441810574025,0.0,-0.011801919568558042,0.2304853458156078,0.0,0.3900379490344652,0.225,0.0,0.38999999999999996,1.5,129.7292847360384,0.02592077488932911,True,False,False
0.515,0.0056065013344533815,0.1914079008740213,0.02450323899391888,0.009138501716110501,-0.042043441810574025,0.0,-0.011801919568558042,0.23060624268581792,0.0,0.3900538531423474,0.225,0.0,0.38999999999999996,1.5,129.72928794525941,0.024816488473885186,True,False,False
0.52,0.005728775529390477,0.18880813952257344,0.024732722203819748,0.009006353887094837,-0.042043441810574025,0.0,-0.011801919568558042,0.2307283559578298,0.0,0.3900693331561297,0.225,0.0,0.38999999999999996,1.5,129.72929093304742,0.023722264645760185,True,False,False
0.525,0.005852285774500187,0.18625039858944092,0.024960445314554252,0.008845305720347316,-0.042043441810574025,0.0,-0.011801919568558042,0.23085167777855659,0.0,0.3900843561637604,0.225,0.0,0.38999999999999996,1.5,129.729293712946,0.022638635327342525,True,False,False
0.53,0.005977018539651573,0.18374280795970488,0.025186535154340283,0.008656435116546794,-0.042043441810574025,0.0,-0.011801919568558042,0.2309762004087509,0.0,0.39009889033210793,0.225,0.0,0.38999999999999996,1.5,129.72929629779836,0.021566132795132996,True,False,False
0.535,0.006102960698103636,0.18129315991463457,0.02541112256883853,0.008441018053374078,-0.042043441810574025,0.0,-0.011801919568558042,0.23110191623278548,0.0,0.3901129051401256,0.225,0.0,0.38999999999999996,1.5,129.72929869977142,0.020505287656233242,True,False,False
0.54,0.00623009956346236,0.17890885512094323,0.02563434039980926,0.008200509111388102,-0.042043441810574025,0.0,-0.011801919568558042,0.23122881776835694,0.0,0.3901263715919614,0.225,0.0,0.38999999999999996,1.5,129.72930093038,0.01945662676802777,True,False,False
0.545,0.006358422924325109,0.17659685453194704,0.02585632153967448,0.007936519653367186,-0.042043441810574025,0.0,-0.011801919568558042,0.23135689767627177,0.0,0.3901392624069652,0.225,0.0,0.38999999999999996,1.5,129.72930300051001,0.0184206711129098,True,False,False
0.55,0.006487919076001076,0.1743636378134472,0.026077197116792527,0.007650794400629915,-0.04030707007793982,0.0,-0.009296211909243795,0.23148614877043247,0.0,0.3901515521842669,0.225,0.0,0.38999999999999996,1.5,129.7623977636542,0.02015466934404551,True,False,False
0.555,0.00661857770465208,0.1722151384587907,0.026298212726617504,0.0073454003923823065,-0.04030707007793982,0.0,-0.009296211909243795,0.23161656411084056,0.0,0.3901632488886773,0.225,0.0,0.38999999999999996,1.5,129.7623990826236,0.0190463769003155,True,False,False
0.56,0.006750389198369711,0.17015674242987944,0.02651823678584165,0.007022086196258636,-0.04030707007793982,0.0,-0.009296211909243795,0.23174813692835688,0.0,0.39017436262676575,0.225,0.0,0.38999999999999996,1.5,129.76240028762018,0.017954858429969217,True,False,False
0.5650000000000001,0.006883343682925352,0.16819324162201885,0.02673738079539186,0.006683407849366762,-0.04030707007793982,0.0,-0.009296211909243795,0.2318808605304782,0.0,0.3901848745990544,0.225,0.0,0.38999999999999996,1.5,129.7624013874071,0.0168810493503004,True,False,False
0.5700000000000001,0.007017431780148192,0.16632869836012343,0.026955749451154663,0.006331464737318038,-0.04030707007793982,0.0,-0.009296211909243795,0.23201472835404618,0.0,0.39019476885781457,0.225,0.0,0.38999999999999996,1.5,129.76240239017687,0.01582564875032561,True,False,False
0.5750000000000001,0.0071526448511555745,0.1645672374333131,0.027173489099837862,0.00596240218335432,-0.04030707007793982,0.0,-0.009296211909243795,0.23214973429230112,0.0,0.39020402920441877,0.225,0.0,0.38999999999999996,1.5,129.76240330355725,0.014789373758008695,True,False,False
0.58,0.007288975366855045,0.16291427274402492,0.027390753047853676,0.005574641573028973,-0.04030707007793982,0.0,-0.009296211909243795,0.23228587321637945,0.0,0.39021263436567105,0.225,0.0,0.38999999999999996,1.5,129.7624041346537,0.013772975185835142,True,False,False
0.585,0.00742641639681899,0.1613746407859587,0.027607653748977657,0.005171744190156737,-0.04030707007793982,0.0,-0.009296211909243795,0.23242314026760838,0.0,0.390220565333525,0.225,0.0,0.38999999999999996,1.5,129.76240489005713,0.012776713349476337,True,False,False
0.59,0.00756496151945618,0.15995222081584717,0.027824293653037763,0.004756842218066522,-0.04030707007793982,0.0,-0.009296211909243795,0.23256153071969324,0.0,0.39022780686115277,0.225,0.0,0.38999999999999996,1.5,129.76240557586436,0.011800811266061277,True,False,False
0.595,0.007704605655120457,0.15864835723379106,0.028041524183420995,0.0043577958063243,-0.04030707007793982,0.0,-0.009296211909243795,0.23270104062238967,0.0,0.39023435364989345,0.225,0.0,0.38999999999999996,1.5,129.76240619770655,0.010845555325460061,True,False,False
0.6,0.007845352276131928,0.15744751977155094,0.028261274167402095,0.00403736536231697,-0.04149105658380335,0.0,-0.005378810320463042,0.23284167229039374,0.0,0.39024026657420363,0.225,0.0,0.38999999999999996,1.5,129.81433149573812,0.00807003305456059,True,False,False
0.605,0.007987210242904691,0.1563293576708151,0.02848377085140691,0.0037773259557766993,-0.04149105658380335,0.0,-0.005378810320463042,0.2329834310632934,0.0,0.390245674422771,0.225,0.0,0.38999999999999996,1.5,129.81433217389966,0.007225458801035791,True,False,False
0.61,0.008130187100431107,0.15527899591746866,0.028707782684626905,0.003563104522059898,-0.04149105658380335,0.0,-0.005378810320463042,0.23312632140522208,0.0,0.3902506844770742,0.225,0.0,0.38999999999999996,1.5,129.81433279379607,0.006432754496318435,True,False,False
0.615,0.00827428930595035,0.15428354113017873,0.028933435313090616,0.003393602185560958,-0.04149105658380335,0.0,-0.005378810320463042,0.23327034832660626,0.0,0.39025534697015135,0.225,0.0,0.38999999999999996,1.5,129.81433336341362,0.0057986081633376535,True,False,False
0.62,0.008419523387686957,0.15333082192134975,0.029160425024299396,0.0032638327963763663,-0.04149105658380335,0.0,-0.005378810320463042,0.23341551693040147,0.0,0.3902597092026363,0.225,0.0,0.38999999999999996,1.5,129.81433389186728,0.0053043204778895105,True,False,False
0.625,0.0085658945571059,0.1524102092096378,0.029388423820986404,0.003168644704072813,-0.04149105658380335,0.0,-0.005378810320463042,0.2335618311424297,0.0,0.3902638125318809,0.225,0.0,0.38999999999999996,1.5,129.81433438639124,0.004923614551728401,True,False,False
0.63,0.008713406657726672,0.1515125536891512,0.02961707160533551,0.0031021645805998505,-0.04149105658380335,0.0,-0.005378810320463042,0.23370929367126897,0.0,0.3902676926045109,0.225,0.0,0.38999999999999996,1.5,129.81433485257193,0.004618657026522472,True,False,False
0.635,0.00886206150223255,0.15063090681383376,0.029845918676156033,0.003055770376668138,-0.04149105658380335,0.0,-0.005378810320463042,0.23385790544100588,0.0,0.3902713766157037,0.225,0.0,0.38999999999999996,1.5,129.81433529321788,0.0043243119173157745,True,False,False
0.64,0.009011859427491923,0.14976026782346585,0.030074778316837997,0.0030246874484138432,-0.04149105658380335,0.0,-0.005378810320463042,0.23400766612474957,0.0,0.3902748842045555,0.225,0.0,0.38999999999999996,1.5,129.8143357097154,0.004036866565861452,True,False,False
0.645,0.009162800086679843,0.1488967369534357,0.030303524634467886,0.003005688380186741,-0.04149105658380335,0.0,-0.005378810320463042,0.23415857484092487,0.0,0.39027823068062,0.225,0.0,0.38999999999999996,1.5,129.8143361034001,0.0037572780043985017,True,False,False
0.65,0.009314882614895017,0.14803720744694293,0.03053206072291207,0.0029964186341239316,-0.04430131750237423,0.0,-0.003877156021285185,0.23431063028360258,0.0,0.39028142823478834,0.225,0.0,0.38999999999999996,1.5,129.8343607799024,0.0009355568701245355,True,False,False
0.655,0.009468106325306256,0.1471790809365835,0.03076046178339203,0.0029956520315300005,-0.04430131750237423,0.0,-0.003877156021285185,0.23446383081691982,0.0,0.3902845059859179,0.225,0.0,0.38999999999999996,1.5,129.83436139018298,0.0010391143713030081,True,False,False
0.66,0.009622470145903455,0.1463201835903627,0.030988487789833378,0.003001612487323592,-0.04430131750237423,0.0,-0.003877156021285185,0.2346181744843792,0.0,0.3902874913856805,0.225,0.0,0.38999999999999996,1.5,129.8343619813652,0.0011376331616404969,True,False,False
0.665,0.009777972113360511,0.14545873409808494,0.03121608713915925,0.003013331297021019,-0.04430131750237423,0.0,-0.003877156021285185,0.23477365906272618,0.0,0.39029039141730826,0.225,0.0,0.38999999999999996,1.5,129.83436255429905,0.0012308651473483378,True,False,False
0.67,0.009934610026832392,0.14459319038081347,0.0314432153131929,0.003030093212628539,-0.04430131750237423,0.0,-0.003877156021285185,0.23493028212263295,0.0,0.3902932121248435,0.225,0.0,0.38999999999999996,1.5,129.83436310981577,0.0013186439360448072,True,False,False
0.675,0.010092381477106852,0.14372218777244114,0.03166983268570105,0.00305136466821944,-0.04430131750237423,0.0,-0.003877156021285185,0.23508804105041295,0.0,0.3902959588563175,0.225,0.0,0.38999999999999996,1.5,129.834363648724,0.001400861885397604,True,False,False
0.68,0.010251283866751502,0.14284449485379733,0.031895902987541004,0.0030767416342560865,-0.04430131750237423,0.0,-0.003877156021285185,0.2352469330628672,0.0,0.39029863643756024,0.225,0.0,0.38999999999999996,1.5,129.83436417180755,0.0014774540561630772,True,False,False
0.685,0.010411314423862453,0.14195898204100646,0.032121392235956926,0.0031059118914828045,-0.04430131750237423,0.0,-0.003877156021285185,0.2354069552172729,0.0,0.3903012492957717,0.225,0.0,0.38999999999999996,1.5,129.83436467982392,0.0015483869252325005,True,False,False
0.6900000000000001,0.010572470211318555,0.1410645993811283,0.03234626799129335,0.0031386278482919356,-0.04430131750237423,0.0,-0.003877156021285185,0.23556810441798168,0.0,0.390303801546827,0.225,0.0,0.38999999999999996,1.5,129.8343651735042,0.0016136503923132716,True,False,False
0.6950000000000001,0.0107347481329034,0.14016036101019397,0.03257049884460931,0.0031746870366058657,-0.04430131750237423,0.0,-0.003877156021285185,0.23573037742067163,0.0,0.3903062970564887,0.225,0.0,0.38999999999999996,1.5,129.83436565355242,0.0016732520743444022,True,False,False
0.7000000000000001,0.01089814493726796,0.13924533430124222,0.032794054068012855,0.0032139181803584947,-0.04752264413024157,0.0,-0.003544377082446693,0.23589377083499377,0.0,0.3903087394829601,0.225,0.0,0.38999999999999996,1.5,129.83893815631995,0.00680467681710476,True,False,False
0.705,0.011062657323225722,0.13831856776884635,0.03301691691755736,0.00325662599620013,-0.04752264413024157,0.0,-0.003544377082446693,0.23605828109969196,0.0,0.3903111369012435,0.225,0.0,0.38999999999999996,1.5,129.83893885960086,0.006670829615385964,True,False,False
0.71,0.011228281788509473,0.1373791523928081,0.03323902871789996,0.0033021921951023334,-0.04752264413024157,0.0,-0.003544377082446693,0.23622390446386848,0.0,0.39031349722188036,0.225,0.0,0.38999999999999996,1.5,129.8389395626675,0.006536211069241573,True,False,False
0.715,0.011395014551485293,0.13642629519518723,0.03346035978125542,0.0033504402433866226,-0.04752264413024157,0.0,-0.003544377082446693,0.23639063703694832,0.0,0.3903158235600187,0.225,0.0,0.38999999999999996,1.5,129.838940265471,0.006400782496395778,True,False,False
0.72,0.011562851681520325,0.13545925043372664,0.03368088105350914,0.0034012158944526118,-0.04752264413024157,0.0,-0.003544377082446693,0.2365584747872802,0.0,0.39031811884673084,0.225,0.0,0.38999999999999996,1.5,129.83894096796405,0.006264516044270493,True,False,False
0.725,0.011731789101672802,0.13447731413064784,0.033900563933226206,0.003454380813380042,-0.04752264413024157,0.0,-0.003544377082446693,0.23672741354404123,0.0,0.3903203858504479,0.225,0.0,0.38999999999999996,1.5,129.83894167009996,0.006127391893396245,True,False,False
0.73,0.011901822590650177,0.133479820243521,0.0341193801510346,0.0035098079099377417,-0.04752264413024157,0.0,-0.003544377082446693,0.23689744899859744,0.0,0.3903226271921023,0.225,0.0,0.38999999999999996,1.5,129.8389423718319,0.0059893962625765535,True,False,False
0.735,0.012072947784255907,0.13246613793905168,0.03433730169181465,0.0035673779678133117,-0.04752264413024157,0.0,-0.003544377082446693,0.2370685767054854,0.0,0.3903248453558003,0.225,0.0,0.38999999999999996,1.5,129.8389430731127,0.005850519967907716,True,False,False
0.74,0.012245160176518277,0.13143566970020756,0.03455430074708873,0.0036269772450237972,-0.04752264413024157,0.0,-0.003544377082446693,0.23724079208317062,0.0,0.3903270426962597,0.225,0.0,0.38999999999999996,1.5,129.83894377389404,0.005710757366023521,True,False,False
0.745,0.012418455120635432,0.13038785002723205,0.03477034968858871,0.003688495794371873,-0.04752264413024157,0.0,-0.003544377082446693,0.23741409041468914,0.0,0.39032922144395493,0.225,0.0,0.38999999999999996,1.5,129.8389444741265,0.0055701055658966755,True,False,False
0.75,0.012592827829829996,0.12932214451051863,0.03498542105655815,0.00375182631285197,-0.05086999752976873,0.0,-0.0034965904345858325,0.23758846684824464,0.0,0.39033138370869225,0.225,0.0,0.38999999999999996,1.5,129.8397530328801,0.010706725310664876,True,False,False
0.755,0.012768273370498445,0.12823798539399697,0.035199476312505695,0.003817312012688522,-0.05086999752976873,0.0,-0.0034965904345858325,0.23776391636303057,0.0,0.39033353251916464,0.225,0.0,0.38999999999999996,1.5,129.83975401056065,0.01037487405887605,True,False,False
0.76,0.01294478662235872,0.12713483670553916,0.03541248516252857,0.0038843708941367315,-0.05086999752976873,0.0,-0.0034965904345858325,0.2379404337572199,0.0,0.39033567078127374,0.225,0.0,0.38999999999999996,1.5,129.83975501007328,0.010047122607978666,True,False,False
0.765,0.013122362309961728,0.1260122704680171,0.035624420695633346,0.003952847766449616,-0.05086999752976873,0.0,-0.0034965904345858325,0.23811801370728436,0.0,0.39033780019153913,0.225,0.0,0.38999999999999996,1.5,129.83975603025618,0.009723385265213753,True,False,False
0.77,0.013300995022284283,0.12486990049461255,0.035835256707664874,0.004022605455070824,-0.05086999752976873,0.0,-0.0034965904345858325,0.2382966507596423,0.0,0.39033992228367004,0.225,0.0,0.38999999999999996,1.5,129.83975706996932,0.009403582641995503,True,False,False
0.775,0.013480679216152742,0.12370737782224071,0.03604496756560995,0.004093520386025858,-0.05086999752976873,0.0,-0.0034965904345858325,0.2384763393334429,0.0,0.3903420384462492,0.225,0.0,0.38999999999999996,1.5,129.8397581280962,0.009087639579138617,True,False,False
0.78,0.013661409219092374,0.12252438736882991,0.03625352811438515,0.004165479370010361,-0.05086999752976873,0.0,-0.0034965904345858325,0.2386570737229081,0.0,0.390344149936155,0.225,0.0,0.38999999999999996,1.5,129.83975920354254,0.008775483713372778,True,False,False
0.785,0.013843179231747441,0.12132064526536254,0.036460913613718914,0.004238377212862018,-0.05086999752976873,0.0,-0.0034965904345858325,0.23883884809934391,0.0,0.3903462578888186,0.225,0.0,0.38999999999999996,1.5,129.8397602952362,0.008467044489283523,True,False,False
0.79,0.01402598333001261,0.12009589685643625,0.03666709969637216,0.0043121149634272925,-0.05086999752976873,0.0,-0.0034965904345858325,0.2390216565129368,0.0,0.3903483633261534,0.225,0.0,0.38999999999999996,1.5,129.83976140212795,0.008162252476728624,True,False,False
0.795,0.014209815466969734,0.11884991509227952,0.036872062341397296,0.004386598644772394,-0.05086999752976873,0.0,-0.0034965904345858325,0.2392054928944096,0.0,0.39035046716281413,0.225,0.0,0.38999999999999996,1.5,129.8397625231907,0.00786103889905717,True,False,False
0.8,0.014394669474704766,0.11758249924966391,0.03707577785791673,0.0044617383469127804,-0.05386820613863136,0.0,-0.00358745279444069,0.23939035105659895,0.0,0.3903525702112187,0.225,0.0,0.38999999999999996,1.5,129.8387202525045,0.012292056478742475,True,False,False
0.805,0.014580539014019477,0.11629341828335549,0.0372782038363832,0.0045378385188062295,-0.05386820613863136,0.0,-0.00358745279444069,0.23957622466213094,0.0,0.3903546724382159,0.225,0.0,0.38999999999999996,1.5,129.8387217118829,0.011828084680940905,True,False,False
0.81,0.01476741758624954,0.11498246691498418,0.03747932355014947,0.00461439960282145,-0.05386820613863136,0.0,-0.00358745279444069,0.2397631072164941,0.0,0.39035677371115607,0.225,0.0,0.38999999999999996,1.5,129.83872320984588,0.011371953401836178,True,False,False
0.8150000000000001,0.014955298606861737,0.11364953181794021,0.03767911427753519,0.004691294159624135,-0.05386820613863136,0.0,-0.00358745279444069,0.23995099212465543,0.0,0.3903588745029842,0.225,0.0,0.38999999999999996,1.5,129.8387247440912,0.010923514440152788,True,False,False
0.8200000000000001,0.015144175377904703,0.1122945335555098,0.03787755406952812,0.0047684123370527725,-0.05386820613863136,0.0,-0.00358745279444069,0.24013987268158601,0.0,0.39036097515440915,0.225,0.0,0.38999999999999996,1.5,129.83872631236562,0.010482624335281387,True,False,False
0.8250000000000001,0.015334041091792433,0.11091742213750493,0.03807462162058427,0.004845657974938825,-0.05386820613863136,0.0,-0.00358745279444069,0.24032974207551644,0.0,0.39036307589140556,0.225,0.0,0.38999999999999996,1.5,129.83872791246546,0.010049142648022836,True,False,False
0.8300000000000001,0.0155248888345108,0.10951817350966861,0.03827029617637846,0.004922945634758254,-0.05386820613863136,0.0,-0.00358745279444069,0.24052059339072646,0.0,0.39036517683888283,0.225,0.0,0.38999999999999996,1.5,129.8387295422374,0.009622930816275323,True,False,False
0.835,0.015716711588390952,0.10809678683407471,0.038464557467986535,0.005000198360877657,-0.05386820613863136,0.0,-0.00358745279444069,0.2407124196099882,0.0,0.3903672780313612,0.225,0.0,0.38999999999999996,1.5,129.83873119957877,0.009203851402139753,True,False,False
0.84,0.015909502234565748,0.10665328232307793,0.038657385664907146,0.005077346007801017,-0.05386820613863136,0.0,-0.00358745279444069,0.2409052136167554,0.0,0.3903693794215048,0.225,0.0,0.38999999999999996,1.5,129.83873288243817,0.008791767605717064,True,False,False
0.845,0.01610325355519827,0.10518769944358661,0.03884876134146114,0.0051543239980397235,-0.05386820613863136,0.0,-0.00358745279444069,0.24109896819717327,0.0,0.3903714808870042,0.225,0.0,0.38999999999999996,1.5,129.83873458881575,0.00838654296126526,True,False,False
0.85,0.01629795823554833,0.1037000954873822,0.03903866545264883,0.005231072403336253,-0.05628148746459309,0.0,-0.003712342830443747,0.2412936760419631,0.0,0.39037358223624125,0.225,0.0,0.38999999999999996,1.5,129.837214018335,0.011794744992298057,True,False,False
0.855,0.016493608809553154,0.10219050023715268,0.03922706109920244,0.005307845496685688,-0.05628148746459309,0.0,-0.003712342830443747,0.24148932972031495,0.0,0.3903756819629789,0.225,0.0,0.38999999999999996,1.5,129.83721608771302,0.011266208246891563,True,False,False
0.86,0.01669019768473056,0.10065896012053525,0.039413937997772326,0.0053842604882226594,-0.05628148746459309,0.0,-0.003712342830443747,0.2416859216755549,0.0,0.390377778496785,0.225,0.0,0.38999999999999996,1.5,129.83721820028416,0.010747718030434087,True,False,False
0.865,0.01688771721619574,0.09910559055877453,0.03959927818121614,0.005460230476558692,-0.05628148746459309,0.0,-0.003712342830443747,0.24188344427178204,0.0,0.39037987142012026,0.225,0.0,0.38999999999999996,1.5,129.83722035291757,0.01023907403723249,True,False,False
0.87,0.017086159670172477,0.09753052965798495,0.03978306437977525,0.005535683535707097,-0.05628148746459309,0.0,-0.003712342830443747,0.2420818897859629,0.0,0.3903819602267841,0.225,0.0,0.38999999999999996,1.5,129.83722254256236,0.009740080012522058,True,False,False
0.875,0.01728551722735689,0.09593393438280116,0.03996527990951847,0.005610559474135371,-0.05628148746459309,0.0,-0.003712342830443747,0.24228125041090967,0.0,0.3903840443368758,0.225,0.0,0.38999999999999996,1.5,129.83722476624789,0.009250542451394464,True,False,False
0.88,0.017485781985786528,0.09431597755200977,0.040145908590661965,0.005684807346084866,-0.05628148746459309,0.0,-0.003712342830443747,0.24248151825785005,0.0,0.39038612310849263,0.225,0.0,0.38999999999999996,1.5,129.8372270210841,0.008770269757107927,True,False,False
0.885,0.017686945963322393,0.09267684549831338,0.04032493468735298,0.005758383558373317,-0.05628148746459309,0.0,-0.003712342830443747,0.24268268535867463,0.0,0.39038819584696444,0.225,0.0,0.38999999999999996,1.5,129.83722930426194,0.00829907171079702,True,False,False
0.89,0.017889001099842157,0.09101673616088564,0.040502342862845576,0.005831250438490469,-0.05628148746459309,0.0,-0.003712342830443747,0.24288474366794394,0.0,0.3903902618122407,0.225,0.0,0.38999999999999996,1.5,129.83723161305363,0.007836759152030984,True,False,False
0.895,0.018091939259217753,0.08933585756129309,0.04067811814570013,0.005903375154367548,-0.05628148746459309,0.0,-0.003712342830443747,0.2430876850647172,0.0,0.3903923202248559,0.225,0.0,0.38999999999999996,1.5,129.83723394481268,0.00738314380225789,True,False,False
0.9,0.0182957522311292,0.08763442652558286,0.04085224590387091,0.0059747288990040625,-0.05807411475417386,0.0,-0.0037981321211448442,0.24329150135424474,0.0,0.39039437027085244,0.225,0.0,0.38999999999999996,1.5,129.83620051934673,0.009765714083835631,True,False,False
0.905,0.018500431694394734,0.08591263480089821,0.04102469907700875,0.006045517252633098,-0.05807411475417386,0.0,-0.0037981321211448442,0.24349618424918773,0.0,0.39039641026609445,0.225,0.0,0.38999999999999996,1.5,129.83620318299785,0.009227447775828696,True,False,False
0.91,0.018705969232059357,0.08417068182679238,0.04119546886913807,0.006115471861409961,-0.05807411475417386,0.0,-0.0037981321211448442,0.24370172536625923,0.0,0.39039843849684464,0.225,0.0,0.38999999999999996,1.5,129.83620588177004,0.008699989912131768,True,False,False
0.915,0.01891235638314439,0.08240881358175575,0.041364541586716735,0.006184544965877215,-0.05807411475417386,0.0,-0.0037981321211448442,0.24390811626071218,0.0,0.3904004540353824,0.225,0.0,0.38999999999999996,1.5,129.83620861222843,0.008183107861356481,True,False,False
0.92,0.01911958461924838,0.08062728805776032,0.04153190408339161,0.0062527001263745375,-0.05807411475417386,0.0,-0.0037981321211448442,0.24411534842098737,0.0,0.39040245590672173,0.225,0.0,0.38999999999999996,1.5,129.83621137104308,0.007676572900925816,True,False,False
0.925,0.01932764534715044,0.0788263723722939,0.04169754367208314,0.00631990974553934,-0.05807411475417386,0.0,-0.0037981321211448442,0.24432341327106005,0.0,0.3904044430998874,0.225,0.0,0.38999999999999996,1.5,129.8362141549892,0.007180159298785883,True,False,False
0.93,0.0195365299110252,0.07700634050643806,0.041861448059551915,0.0063861531560364185,-0.05807411475417386,0.0,-0.0037981321211448442,0.2445323021724589,0.0,0.39040641457668285,0.225,0.0,0.38999999999999996,1.5,129.83621696094605,0.0066936437336445435,True,False,False
0.935,0.019746229594347388,0.0751674715510035,0.04202360529719698,0.006451415156099132,-0.05807411475417386,0.0,-0.0037981321211448442,0.24474200642601876,0.0,0.3904083692786129,0.225,0.0,0.38999999999999996,1.5,129.83621978589665,0.006216804943616927,True,False,False
0.9400000000000001,0.019956735621584093,0.07331004832383302,0.042184003761213,0.006515684571711866,-0.05807411475417386,0.0,-0.0037981321211448442,0.24495251727345835,0.0,0.39041030613223526,0.225,0.0,0.38999999999999996,1.5,129.83622262692685,0.0057494235457369244,True,False,False
0.9450000000000001,0.020168039159936174,0.0714343565181757,0.04234263216808287,0.0065789527855869305,-0.05807411475417386,0.0,-0.0037981321211448442,0.24516382589905067,0.0,0.3904122240525403,0.225,0.0,0.38999999999999996,1.5,129.83622548122477,0.005291281978269294,True,False,False
0.9500000000000001,0.020380131320678008,0.06954068365228532,0.04249947942944705,0.006641215334878873,-0.0593389472367321,0.0,-0.003805994802450416,0.24537592343088335,0.0,0.3904141219468462,0.225,0.0,0.38999999999999996,1.5,129.8361970340337,0.006836824384052118,True,False,False
0.9550000000000001,0.020593003147859987,0.0676292943759773,0.042654528521097336,0.006702637688008042,-0.0593389472367321,0.0,-0.003805994802450416,0.2455888009280798,0.0,0.3904159987880652,0.225,0.0,0.38999999999999996,1.5,129.83620014868842,0.006324931546743767,True,False,False
0.96,0.020806645613850067,0.06570045421668114,0.042807769573277456,0.006763041634697086,-0.0593389472367321,0.0,-0.003805994802450416,0.24580244937777346,0.0,0.3904178535455385,0.225,0.0,0.38999999999999996,1.5,129.83620328221195,0.0058235205510233055,True,False,False
0.965,0.02102104964141066,0.06375445771195755,0.04295919217797075,0.0068224090545675265,-0.0593389472367321,0.0,-0.003805994802450416,0.24601685971892442,0.0,0.39041968509826225,0.225,0.0,0.38999999999999996,1.5,129.83620643136737,0.005332347310970292,True,False,False
0.97,0.021236206102106497,0.06179160345599388,0.043108786313160646,0.006880729595375422,-0.0593389472367321,0.0,-0.003805994802450416,0.24623202283921047,0.0,0.390421492308815,0.225,0.0,0.38999999999999996,1.5,129.83620959303457,0.004851171783714057,True,False,False
0.975,0.021452105818123672,0.059812192122974464,0.0432565422785533,0.00693799888994074,-0.0593389472367321,0.0,-0.003805994802450416,0.24644792957668937,0.0,0.3904232740310353,0.225,0.0,0.38999999999999996,1.5,129.83621276420973,0.004379757344297457,True,False,False
0.98,0.02166873956380344,0.05781652492790565,0.043402450647374524,0.006994217175098393,-0.0593389472367321,0.0,-0.003805994802450416,0.24666457072121578,0.0,0.390425029115921,0.225,0.0,0.38999999999999996,1.5,129.83621594200307,0.003917870396970901,True,False,False
0.985,0.021886098066953297,0.05580490248549506,0.043546502229832175,0.007049388229601932,-0.0593389472367321,0.0,-0.003805994802450416,0.24688193701566596,0.0,0.3904267564161494,0.225,0.0,0.38999999999999996,1.5,129.83621912363753,0.0034652801451994404,True,False,False
0.99,0.022104172009984626,0.05377762393865828,0.04368868804506129,0.0071035185599539735,-0.0593389472367321,0.0,-0.003805994802450416,0.24710001915701194,0.0,0.390428454789556,0.225,0.0,0.38999999999999996,1.5,129.8362223064469,0.003021758467630597,True,False,False
0.995,0.02232295203091848,0.051734986240784174,0.04382899929926088,0.007156616776166823,-0.0593389472367321,0.0,-0.003805994802450416,0.2473188077972811,0.0,0.39043012310181135,0.225,0.0,0.38999999999999996,1.5,129.8362254878741,0.00258707986442468,True,False,False
1.0,0.02254242872428782,0.04967728366026543,0.04396742736837563,0.007208693111520599,-0.06022670450343957,0.0,-0.003725376445171196,0.24753829354442594,0.0,0.39043176022846576,0.225,0.0,0.38999999999999996,1.5,129.8373488875708,0.0035601940438869106,True,False,False
1.0050000000000001,0.02276259265408898,0.047604789510050136,0.044103962644798926,0.007259883973127069,-0.06022670450343957,0.0,-0.003725376445171196,0.24775846695372303,0.0,0.39043336618728586,0.225,0.0,0.38999999999999996,1.5,129.83735224827564,0.003092324422820227,True,False,False
1.01,0.02298343432913569,0.045517774239446945,0.04423859396287149,0.007310069113037296,-0.06022670450343957,0.0,-0.003725376445171196,0.24797931852518681,0.0,0.39043494100714843,0.225,0.0,0.38999999999999996,1.5,129.83735560928602,0.0026339591370479094,True,False,False
1.0150000000000001,0.02320494419803722,0.04341652615495892,0.044371313150817965,0.007359247879929076,-0.06022670450343957,0.0,-0.003725376445171196,0.24820083872005827,0.0,0.39043648358487637,0.225,0.0,0.38999999999999996,1.5,129.83735896788124,0.0021848597471559005,True,False,False
1.02,0.02342711266915494,0.04130133304701924,0.04450211229451513,0.00740742465079429,-0.06022670450343957,0.0,-0.003725376445171196,0.2484230179589248,0.0,0.3904379928186244,0.225,0.0,0.38999999999999996,1.5,129.83736232145623,0.001744792070123985,True,False,False
1.025,0.02364993011180666,0.03917248089091973,0.044630983692361674,0.00745460756441204,-0.06022670450343957,0.0,-0.003725376445171196,0.2486458466228349,0.0,0.3904394676128079,0.225,0.0,0.38999999999999996,1.5,129.83736566751875,0.0013135257398725897,True,False,False
1.03,0.023873386857275407,0.03703025290818477,0.04475791982157435,0.007500807540033252,-0.06022670450343957,0.0,-0.003725376445171196,0.24886931505424437,0.0,0.39044090688172634,0.225,0.0,0.38999999999999996,1.5,129.83736900368748,0.00089083393247354,True,False,False
1.035,0.02409747319965921,0.0348749288520647,0.04488291331280925,0.007546037522596213,-0.06022670450343957,0.0,-0.003725376445171196,0.24909341355782316,0.0,0.3904423095522337,0.225,0.0,0.38999999999999996,1.5,129.83737232768934,0.00047649320140978266,True,False,False
1.04,0.024322179396603676,0.032706784580545045,0.045005956930870235,0.00759031190431145,-0.06022670450343957,0.0,-0.003725376445171196,0.24931813240116021,0.0,0.3904436745656608,0.225,0.0,0.38999999999999996,1.5,129.83737563735713,7.028338584319851e-05,True,False,False
1.045,0.024547495669942812,0.0305260916494236,0.045127043559892444,0.007633646081653886,-0.06022670450343957,0.0,-0.003725376445171196,0.24954346181538783,0.0,0.3904450008791682,0.225,0.0,0.38999999999999996,1.5,129.83737893062673,0.00032801243308046985,True,False,False
1.05,0.024773412206271304,0.02833311717803331,0.045246166191841096,0.007676056115311317,-0.0608915579579802,0.0,-0.003564197113163971,0.24976939199574624,0.0,0.39044628746665594,0.225,0.0,0.38999999999999996,1.5,129.83955721845385,0.0003282484038179094,True,False,False
1.055,0.0249999191877719,0.026128108941600805,0.04536331899615924,0.007717660632865034,-0.0608915579579802,0.0,-0.003564197113163971,0.24999591309458974,0.0,0.3904475354319415,0.225,0.0,0.38999999999999996,1.5,129.83956062544823,9.242263670836137e-05,True,False,False
1.06,0.025227006751673088,0.02391131050316157,0.045478490831868425,0.007758367956350761,-0.0608915579579802,0.0,-0.003564197113163971,0.2502230152196485,0.0,0.39044874589506656,0.225,0.0,0.38999999999999996,1.5,129.83956401629786,0.0005048217553395087,True,False,False
1.065,0.025454664965579726,0.021682978076177205,0.045591674981053265,0.00779818441681115,-0.0608915579579802,0.0,-0.003564197113163971,0.25045068844688173,0.0,0.39044991786991945,0.225,0.0,0.38999999999999996,1.5,129.8395673889031,0.0009091705441819538,True,False,False
1.07,0.025682883863952666,0.019443365540970987,0.045702864904096564,0.007837119618685096,-0.0608915579579802,0.0,-0.003564197113163971,0.25067892281863546,0.0,0.39045105037838734,0.225,0.0,0.38999999999999996,1.5,129.83957074126812,0.0013056861830045424,True,False,False
1.075,0.0259116534489389,0.017192723684648626,0.04581205420769685,0.007875185501656182,-0.0608915579579802,0.0,-0.003564197113163971,0.25090770834442255,0.0,0.39045214245348725,0.225,0.0,0.38999999999999996,1.5,129.8395740714982,0.0016945817849558717,True,False,False
1.08,0.026140963691064077,0.014931299706293808,0.04591923662142455,0.007912395616160677,-0.0608915579579802,0.0,-0.003564197113163971,0.2511370350015831,0.0,0.3904531931415543,0.225,0.0,0.38999999999999996,1.5,129.83957737779687,0.002076066619604973,True,False,False
1.085,0.026370804529814253,0.01265933661807251,0.04602440598050584,0.00794876456879708,-0.0608915579579802,0.0,-0.003564197113163971,0.25136689273584745,0.0,0.3904542015037263,0.225,0.0,0.38999999999999996,1.5,129.83958065846315,0.0024503462541530102,True,False,False
1.09,0.026601165874139538,0.010377073217197398,0.046127556213167185,0.007984307600178651,-0.0608915579579802,0.0,-0.003564197113163971,0.25159727146183186,0.0,0.3904551666168674,0.225,0.0,0.38999999999999996,1.5,129.83958391188872,0.0028176226404990137,True,False,False
1.095,0.026832037602897096,0.008084743991760119,0.04622868133133915,0.008019040264606052,-0.0608915579579802,0.0,-0.003564197113163971,0.25182816106348044,0.0,0.39045608757408673,0.225,0.0,0.38999999999999996,1.5,129.8395871365551,0.0031780941668004548,True,False,False
1.1,0.02706340956525094,0.005782578718154201,0.04632777542385491,0.00805297818727502,-0.061457970848519027,0.0,-0.003338948792108525,0.25205955139446984,0.0,0.39045696348493264,0.225,0.0,0.38999999999999996,1.5,129.84260884011607,0.00264099729107474,True,False,False
1.105,0.027295271622057814,0.003470789500713729,0.04642483320074842,0.00808623137226708,-0.061457970848519027,0.0,-0.003338948792108525,0.25229143227089695,0.0,0.39045779637936445,0.225,0.0,0.38999999999999996,1.5,129.8426121386585,0.0030204100763577407,True,False,False
1.11,0.02752761359539721,0.0011495842598550287,0.04651984534107111,0.008118714996377846,-0.061457970848519027,0.0,-0.003338948792108525,0.25252379347086257,0.0,0.3904585883020758,0.225,0.0,0.38999999999999996,1.5,129.8426154087757,0.0033927498959458735,True,False,False
1.115,0.027760425233615233,0.0011808171038979107,0.046612807407630734,0.008150436195670694,-0.061457970848519027,0.0,-0.003338948792108525,0.2527566247477135,0.0,0.3904593384000503,0.225,0.0,0.38999999999999996,1.5,129.8426186489368,0.0037582160982778043,True,False,False
1.12,0.02799369628881415,0.0035201993385587374,0.04670372512713068,0.008181412987656112,-0.061457970848519027,0.0,-0.003338948792108525,0.2529899158580635,0.0,0.39046004583346855,0.225,0.0,0.38999999999999996,1.5,129.84262185769902,0.0041170034084785576,True,False,False
1.125,0.028227416526275927,0.005868350416972346,0.046792595763673575,0.008211657438592338,-0.061457970848519027,0.0,-0.003338948792108525,0.253223656571164,0.0,0.39046070977943337,0.225,0.0,0.38999999999999996,1.5,129.84262503370508,0.004469302418686972,True,False,False
1.1300000000000001,0.02846157568727676,0.00822506234080053,0.04687941400400119,0.008241180362531034,-0.061457970848519027,0.0,-0.003338948792108525,0.25345783663181787,0.0,0.3904613294260601,0.225,0.0,0.38999999999999996,1.5,129.8426281756802,0.004815299823435596,True,False,False
1.135,0.028696163486763463,0.010590129993769348,0.04696417462428189,0.0082699931913712,-0.061457970848519027,0.0,-0.003338948792108525,0.253692445758055,0.0,0.39046190397284375,0.225,0.0,0.38999999999999996,1.5,129.84263128242947,0.005155178544941762,True,False,False
1.1400000000000001,0.028931169613779423,0.012963351547390202,0.04704687248140259,0.008298107633380288,-0.061457970848519027,0.0,-0.003338948792108525,0.2539274736415558,0.0,0.39046243263116603,0.225,0.0,0.38999999999999996,1.5,129.84263435283506,0.005489117832745374,True,False,False
1.145,0.02916658373185212,0.015344528699612645,0.04712750250708183,0.008325535417701094,-0.061457970848519027,0.0,-0.003338948792108525,0.25416290994804225,0.0,0.3904629146244391,0.225,0.0,0.38999999999999996,1.5,129.84263738585364,0.0058172933320124985,True,False,False
1.1500000000000001,0.029402395479351983,0.01773346636701406,0.04720605970405996,0.008352288104485947,-0.06200667927137087,0.0,-0.003067514133262441,0.2543987443176436,0.0,0.3904633491880181,0.225,0.0,0.38999999999999996,1.5,129.84627056833926,0.005277337748980329,True,False,False
1.155,0.029638594515072073,0.020129986461838514,0.047282537180719016,0.008378472928894588,-0.06200667927137087,0.0,-0.003067514133262441,0.2546349663560059,0.0,0.3904637390508233,0.225,0.0,0.38999999999999996,1.5,129.84627365839,0.005625448948198945,True,False,False
1.16,0.029875170463423886,0.022533913602617632,0.04735692899999506,0.008403999110860687,-0.06200667927137087,0.0,-0.003067514133262441,0.2548715656355693,0.0,0.39046408695145557,0.225,0.0,0.38999999999999996,1.5,129.84627671203054,0.0059674867225382,True,False,False
1.165,0.030112112874377314,0.024945059321425593,0.04742923038529827,0.008428868444792957,-0.06200667927137087,0.0,-0.003067514133262441,0.2551085317093388,0.0,0.39046439214784645,0.225,0.0,0.38999999999999996,1.5,129.84627972817225,0.006303627259022011,True,False,False
1.17,0.03034941127430713,0.02736323596090228,0.04749943670501231,0.008453084961492763,-0.06200667927137087,0.0,-0.003067514133262441,0.25534585410645405,0.0,0.3904646539000663,0.225,0.0,0.38999999999999996,1.5,129.8462827057996,0.006634042379532305,True,False,False
1.175,0.03058705516667554,0.02978825727225,0.04756754345072746,0.008476654199970277,-0.06200667927137087,0.0,-0.003067514133262441,0.25558352233284093,0.0,0.39046487147242354,0.225,0.0,0.38999999999999996,1.5,129.8462856439677,0.0069588998696988105,True,False,False
1.18,0.030825034032622867,0.03221993871759273,0.04763354622217121,0.008499582651788084,-0.06200667927137087,0.0,-0.003067514133262441,0.2558215258717836,0.0,0.39046504413482314,0.225,0.0,0.38999999999999996,1.5,129.84628854179954,0.0072783637055775716,True,False,False
1.185,0.031063337331487147,0.03465809774628088,0.04769744071697674,0.00852187734261703,-0.06200667927137087,0.0,-0.003067514133262441,0.2560598541844343,0.0,0.3904651711635987,0.225,0.0,0.38999999999999996,1.5,129.84629139848357,0.00759259421169323,True,False,False
1.19,0.03130195450127796,0.03710255383039286,0.047759222723953214,0.00854354552065073,-0.06200667927137087,0.0,-0.003067514133262441,0.2562984967102842,0.0,0.39046525184191394,0.225,0.0,0.38999999999999996,1.5,129.8462942132713,0.007901748173196083,True,False,False
1.195,0.03154087495911629,0.03955312851989544,0.04781888811889678,0.008564594426998725,-0.06200667927137087,0.0,-0.003067514133262441,0.25653744286760466,0.0,0.39046528545988607,0.225,0.0,0.38999999999999996,1.5,129.84629698547457,0.008205978917451017,True,False,False
1.2,0.031780088101658575,0.04200964543152802,0.047876432862253133,0.008585031128290274,-0.0625754162715855,0.0,-0.0027648472105629065,0.2567766820538759,0.0,0.39046527131446507,0.225,0.0,0.38999999999999996,1.5,129.85034613012516,0.007611678608634036,True,False,False
1.205,0.032019583350351245,0.04447194458833169,0.04793184742578192,0.008604963589899138,-0.0625754162715855,0.0,-0.0027648472105629065,0.2570162036347126,0.0,0.3904652125865729,0.225,0.0,0.38999999999999996,1.5,129.85034895658848,0.007938581529693407,True,False,False
1.21,0.032259350096583546,0.04693986743315183,0.047985130324366916,0.008624291059569703,-0.0625754162715855,0.0,-0.0027648472105629065,0.25725599694711054,0.0,0.3904651124616053,0.225,0.0,0.38999999999999996,1.5,129.85035174205078,0.008260156076735074,True,False,False
1.215,0.032499377662371584,0.049413240158132116,0.04803627779153258,0.008643010625146028,-0.0625754162715855,0.0,-0.0027648472105629065,0.2574960513157248,0.0,0.3904649702433909,0.225,0.0,0.38999999999999996,1.5,129.85035448573188,0.008576557367418431,True,False,False
1.22,0.03273965535116699,0.051891888494242096,0.04808528622479574,0.008661121770443278,-0.0625754162715855,0.0,-0.0027648472105629065,0.2577363560464617,0.0,0.3904647852326469,0.225,0.0,0.38999999999999996,1.5,129.85035718691285,0.008887936332033452,True,False,False
1.225,0.0329801724486367,0.054375638269543856,0.04813215216423625,0.008678625634460627,-0.0625754162715855,0.0,-0.0027648472105629065,0.25797690042722504,0.0,0.3904645567292595,0.225,0.0,0.38999999999999996,1.5,129.8503598449331,0.009194440064729286,True,False,False
1.23,0.033220918223353824,0.0568643158097401,0.04817687227780048,0.008695524447565491,-0.0625754162715855,0.0,-0.0027648472105629065,0.25821767372858484,0.0,0.3904642840338058,0.225,0.0,0.38999999999999996,1.5,129.85036245918846,0.009496212068086138,True,False,False
1.235,0.03346188192741799,0.059357748183413335,0.04821944335144156,0.008711821108341213,-0.0625754162715855,0.0,-0.0027648472105629065,0.2584586652043847,0.0,0.3904639664485273,0.225,0.0,0.38999999999999996,1.5,129.85036502912874,0.009793392425789325,True,False,False
1.24,0.03370305279703111,0.06185576334703157,0.048259862282735294,0.008727518869861905,-0.0625754162715855,0.0,-0.0027648472105629065,0.2586998640923104,0.0,0.39046360327789625,0.225,0.0,0.38999999999999996,1.5,129.85036755425568,0.010086117926967005,True,False,False
1.245,0.03394442005304137,0.06435819021669599,0.04829812607699729,0.008742621109777669,-0.0625754162715855,0.0,-0.0027648472105629065,0.258941259614431,0.0,0.3904631938288813,0.225,0.0,0.38999999999999996,1.5,129.85037003412052,0.010374522158064541,True,False,False
1.25,0.034185972901471365,0.06686485865847475,0.04833423184520333,0.008757131163852884,-0.06317094659003086,0.0,-0.0024403333035284713,0.2591828409777277,0.0,0.39046273741097387,0.225,0.0,0.38999999999999996,1.5,129.85471144649844,0.00972300945717372,True,False,False
1.2550000000000001,0.03442770057585409,0.0693756146846097,0.048368167148742154,0.00877115869745815,-0.06317094659003086,0.0,-0.0024403333035284713,0.25942459736062917,0.0,0.39046223749223496,0.225,0.0,0.38999999999999996,1.5,129.8547139832381,0.010036739526149047,True,False,False
1.26,0.03466959228499364,0.07189030466326815,0.04839993563350882,0.008784593863081912,-0.06317094659003086,0.0,-0.0024403333035284713,0.25966651791842166,0.0,0.390461697541082,0.225,0.0,0.38999999999999996,1.5,129.8547164766338,0.01034564582862426,True,False,False
1.2650000000000001,0.034911637177058606,0.07440875785983296,0.04842953475202637,0.008797430017890235,-0.06317094659003086,0.0,-0.0024403333035284713,0.259908591802346,0.0,0.39046111686128715,0.225,0.0,0.38999999999999996,1.5,129.854718926108,0.01064986554689859,True,False,False
1.27,0.03515382438774719,0.07693080204722026,0.048456962144266695,0.008809663189425087,-0.06317094659003086,0.0,-0.0024403333035284713,0.2601508081510268,0.0,0.3904604947494557,0.225,0.0,0.38999999999999996,1.5,129.85472133113493,0.010949531920307226,True,False,False
1.2750000000000001,0.03539614304118921,0.07945626415235602,0.04848221561553721,0.008821291303901437,-0.06317094659003086,0.0,-0.0024403333035284713,0.26039315609133806,0.0,0.3904598304975827,0.225,0.0,0.38999999999999996,1.5,129.85472369123866,0.011244774615494462,True,False,False
1.28,0.03563858225075064,0.08198497070477233,0.0485052931212507,0.008832313598898358,-0.06317094659003086,0.0,-0.0024403333035284713,0.2606356247391824,0.0,0.3904591233948412,0.225,0.0,0.38999999999999996,1.5,129.85472600599098,0.011535719984434478,True,False,False
1.285,0.03588113111976824,0.08451674814115351,0.04852619275661923,0.008842730182534328,-0.06317094659003086,0.0,-0.0024403333035284713,0.26087820320020916,0.0,0.3904583727287943,0.225,0.0,0.38999999999999996,1.5,129.85472827500956,0.0118224912466035,True,False,False
1.29,0.03612377874223259,0.08705142303668766,0.04854491274986962,0.008852541706506272,-0.06317094659003086,0.0,-0.0024403333035284713,0.26112088057048666,0.0,0.3904575777861905,0.225,0.0,0.38999999999999996,1.5,129.85473049795593,0.01210520861998984,True,False,False
1.295,0.03636651420344246,0.08958882216767237,0.04856145145797986,0.0088617491262405,-0.06317094659003086,0.0,-0.0024403333035284713,0.26136364593715045,0.0,0.3904567378534178,0.225,0.0,0.38999999999999996,1.5,129.8547326745336,0.012383989417580819,True,False,False
1.3,0.03660932658063585,0.09212877263560156,0.04857580736421898,0.008870353526898673,-0.06377936686146829,0.0,-0.0020990059194606597,0.261606488379031,0.0,0.3904558522167537,0.225,0.0,0.38999999999999996,1.5,129.85929881372658,0.01170313363963769,True,False,False
1.305,0.03685220498110377,0.09467111747500223,0.04858796518294698,0.008878465497769465,-0.06377936686146829,0.0,-0.0020990059194606597,0.26184939695082193,0.0,0.3904549245322521,0.225,0.0,0.38999999999999996,1.5,129.859301048576,0.01200868506819909,True,False,False
1.31,0.03709513849410723,0.09721569947072954,0.04859793413832214,0.008885970056379063,-0.06377936686146829,0.0,-0.0020990059194606597,0.2620923606908361,0.0,0.3904539584539523,0.225,0.0,0.38999999999999996,1.5,129.85930323900806,0.012309731356897231,True,False,False
1.315,0.037338116159544105,0.09976234329937457,0.048605713117790925,0.008892858600509338,-0.06377936686146829,0.0,-0.0020990059194606597,0.26233536864277807,0.0,0.39045295325528506,0.225,0.0,0.38999999999999996,1.5,129.8593053845797,0.012606394965047701,True,False,False
1.32,0.0375811270120297,0.10231087160757414,0.048611301215284744,0.00889912541534951,-0.06377936686146829,0.0,-0.0020990059194606597,0.2625784098449189,0.0,0.39045190820042297,0.225,0.0,0.38999999999999996,1.5,129.85930748489318,0.012898794691834277,True,False,False
1.325,0.037824160081895306,0.10486110572632108,0.04861469770853361,0.008904766883107944,-0.06377936686146829,0.0,-0.0020990059194606597,0.26282147333105754,0.0,0.3904508225470693,0.225,0.0,0.38999999999999996,1.5,129.8593095395946,0.013187046052920804,True,False,False
1.33,0.03806720439608673,0.10741286617244908,0.048615902043284094,0.008909780880761522,-0.06377936686146829,0.0,-0.0020990059194606597,0.2630645481313929,0.0,0.39044969554847486,0.225,0.0,0.38999999999999996,1.5,129.85931154837164,0.013471261542035186,True,False,False
1.335,0.03831024897898737,0.10996597301135366,0.048614913822443886,0.008914166327212068,-0.06377936686146829,0.0,-0.0020990059194606597,0.2633076232733291,0.0,0.3904485264548449,0.225,0.0,0.38999999999999996,1.5,129.85931351095235,0.01375155081474674,True,False,False
1.34,0.03855328285319119,0.11252024610929506,0.04861173279874017,0.0089179228465295,-0.06377936686146829,0.0,-0.0020990059194606597,0.2635506877822361,0.0,0.3904473145143158,0.225,0.0,0.38999999999999996,1.5,129.85931542710287,0.014028020819684553,True,False,False
1.345,0.038796295040237135,0.11507550529233575,0.048606358869885256,0.008921050519961284,-0.06377936686146829,0.0,-0.0020990059194606597,0.2637937306821759,0.0,0.3904460589736066,0.225,0.0,0.38999999999999996,1.5,129.8593172966262,0.014300775894220902,True,False,False
1.35,0.03903927456132296,0.11763157046323434,0.048598792075531354,0.008923549705004329,-0.06437695683143535,0.0,-0.0017429288610943368,0.26403674099661134,0.0,0.3904447590784256,0.225,0.0,0.38999999999999996,1.5,129.86407908923766,0.013631398429008987,True,False,False
1.355,0.03928221047062303,0.12018827722080477,0.04858901439429408,0.008925530069168044,-0.06437695683143535,0.0,-0.0017429288610943368,0.26427970773031256,0.0,0.3904434186278787,0.225,0.0,0.38999999999999996,1.5,129.86408101366104,0.013930711295289397,True,False,False
1.36,0.039525091812244346,0.1227454607661582,0.04857704096951715,0.008926876518157227,-0.06437695683143535,0.0,-0.0017429288610943368,0.26452261987964265,0.0,0.3904420414184453,0.225,0.0,0.38999999999999996,1.5,129.86408289321284,0.014225719738298222,True,False,False
1.365,0.039767907593807494,0.12530293816119573,0.048562872289318305,0.008927580303289516,-0.06437695683143535,0.0,-0.0017429288610943368,0.2647654664566791,0.0,0.39044062668137847,0.225,0.0,0.38999999999999996,1.5,129.86408472755184,0.014516534105521419,True,False,False
1.37,0.040010646825668544,0.12786052441173595,0.048546509058500255,0.008927635631988033,-0.06437695683143535,0.0,-0.0017429288610943368,0.26500823647605026,0.0,0.390439173638578,0.225,0.0,0.38999999999999996,1.5,129.86408651637768,0.014803261384208146,True,False,False
1.375,0.04025329852197239,0.13041803317777098,0.04852795217603084,0.008927038886976246,-0.06437695683143535,0.0,-0.0017429288610943368,0.2652509189559546,0.0,0.39043768150543523,0.225,0.0,0.38999999999999996,1.5,129.86408825942868,0.015086005568451856,True,False,False
1.3800000000000001,0.04049585170160117,0.13297527733341122,0.04850720271920739,0.008925788030400663,-0.06437695683143535,0.0,-0.0017429288610943368,0.2654935029190839,0.0,0.39043614949296956,0.225,0.0,0.38999999999999996,1.5,129.86408995648077,0.015364867913113056,True,False,False
1.385,0.04073829538905084,0.13553206934253628,0.04848426193258322,0.008923882154790438,-0.06437695683143535,0.0,-0.0017429288610943368,0.26573597739348304,0.0,0.39043457680932164,0.225,0.0,0.38999999999999996,1.5,129.8640916073457,0.01563994711118357,True,False,False
1.3900000000000001,0.040980618615251964,0.13808822151361308,0.04845913122028582,0.008921321148093055,-0.06437695683143535,0.0,-0.0017429288610943368,0.2659783314133586,0.0,0.3904329626608444,0.225,0.0,0.38999999999999996,1.5,129.86409321186932,0.015911339419422,True,False,False
1.395,0.04122281041835275,0.14064354622161804,0.04843181214075257,0.008918105445930278,-0.06437695683143535,0.0,-0.0017429288610943368,0.26622055401985406,0.0,0.3904313062528473,0.225,0.0,0.38999999999999996,1.5,129.86409476993092,0.016179138749004923,True,False,False
1.4000000000000001,0.041464859844478404,0.1431978560248346,0.04840230640319005,0.008914235849743959,-0.06493841790944581,0.0,-0.0013727633490398892,0.26646263426180394,0.0,0.3904296067901228,0.225,0.0,0.38999999999999996,1.5,129.86904140753802,0.015562092450309888,True,False,False
1.405,0.04170675597598265,0.14575097878057833,0.04837059327027502,0.008909818786618444,-0.06493841790944581,0.0,-0.0013727633490398892,0.2667045611754925,0.0,0.39042786820373426,0.225,0.0,0.38999999999999996,1.5,129.869043011368,0.015854613828402708,True,False,False
1.41,0.0419484878940164,0.14830274212494376,0.04833669409189858,0.008904743773956975,-0.06493841790944581,0.0,-0.0013727633490398892,0.2669463237976499,0.0,0.3904260944228134,0.225,0.0,0.38999999999999996,1.5,129.86904457017303,0.01614297692770561,True,False,False
1.415,0.042190044657040536,0.150852956412559,0.04830061104731435,0.008899003331701301,-0.06493841790944581,0.0,-0.0013727633490398892,0.2671879111915611,0.0,0.39042428464034057,0.225,0.0,0.38999999999999996,1.5,129.86904608370625,0.016427281724960205,True,False,False
1.42,0.04243141533471852,0.15340143029853048,0.04826234653289984,0.00889259283101853,-0.06493841790944581,0.0,-0.0013727633490398892,0.26742931243148554,0.0,0.39042243804134136,0.225,0.0,0.38999999999999996,1.5,129.86904755175726,0.016707625140824613,True,False,False
1.425,0.04267258900897025,0.15594797141577466,0.04822190314076281,0.008885509755910062,-0.06493841790944581,0.0,-0.0013727633490398892,0.267670516603681,0.0,0.3904205538056795,0.225,0.0,0.38999999999999996,1.5,129.8690489741508,0.01698410138251253,True,False,False
1.43,0.04291355477493131,0.15849238691780831,0.04817928364355309,0.008877753138875353,-0.06493841790944581,0.0,-0.0013727633490398892,0.26791151280734204,0.0,0.3904186311101081,0.225,0.0,0.38999999999999996,1.5,129.86905035074508,0.017256802180034673,True,False,False
1.435,0.043154301741838236,0.1610344838499435,0.04813449098369051,0.00886932313478129,-0.06493841790944581,0.0,-0.0013727633490398892,0.26815229015547054,0.0,0.3904166691297701,0.225,0.0,0.38999999999999996,1.5,129.86905168143065,0.01752581695047524,True,False,False
1.44,0.0433948190338627,0.1635740694189157,0.04808752826573621,0.008860220702111402,-0.06493841790944581,0.0,-0.0013727633490398892,0.2683928377757002,0.0,0.39041466703926975,0.225,0.0,0.38999999999999996,1.5,129.86905296612906,0.01779123291366422,True,False,False
1.445,0.0436350957909046,0.16611095119823996,0.048038398751004414,0.008850447366329447,-0.06493841790944581,0.0,-0.0013727633490398892,0.26863314481108297,0.0,0.3904126240134605,0.225,0.0,0.38999999999999996,1.5,129.86905420479133,0.018053135175000158,True,False,False
1.45,0.04387512116936187,0.16864493725453655,0.047987105853772465,0.008840005045292738,-0.06544190786518866,0.0,-0.00098907878440384,0.2688732004208546,0.0,0.3904105392279788,0.225,0.0,0.38999999999999996,1.5,129.87417618212453,0.0175218629739409,True,False,False
1.455,0.04411488436510162,0.17117585033875762,0.04793362603363912,0.00882899457013428,-0.06544190786518866,0.0,-0.00098907878440384,0.2691129937581472,0.0,0.39040841674788873,0.225,0.0,0.38999999999999996,1.5,129.87417745236613,0.01780533558352552,True,False,False
1.46,0.044354374582113304,0.17370351331217115,0.047877987072380564,0.008817313792301365,-0.06544190786518866,0.0,-0.00098907878440384,0.2693525139858458,0.0,0.3904062606377334,0.225,0.0,0.38999999999999996,1.5,129.87417867767107,0.018084790541531896,True,False,False
1.465,0.044593581015937016,0.176227733308064,0.047820192854610255,0.008804957355363924,-0.06544190786518866,0.0,-0.00098907878440384,0.26959175030435906,0.0,0.3904040700664898,0.225,0.0,0.38999999999999996,1.5,129.8741798578925,0.018360318345967002,True,False,False
1.47,0.044832492881842295,0.17874831631586277,0.04776024747404279,0.00879192249381577,-0.06544190786518866,0.0,-0.00098907878440384,0.2698306919335557,0.0,0.3904018441975009,0.225,0.0,0.38999999999999996,1.5,129.8741809929162,0.018632006741643017,True,False,False
1.475,0.04507109941584334,0.18126506781803917,0.04769815521413062,0.008778208366935668,-0.06544190786518866,0.0,-0.00098907878440384,0.2700693281137566,0.0,0.3903995821910221,0.225,0.0,0.38999999999999996,1.5,129.87418208265922,0.01889994102656218,True,False,False
1.48,0.04530938987562918,0.18377779327717295,0.04763392053420678,0.008763815549070735,-0.06544190786518866,0.0,-0.00098907878440384,0.27030764810664887,0.0,0.39039728320609557,0.225,0.0,0.38999999999999996,1.5,129.87418312706865,0.019164204262848032,True,False,False
1.485,0.04554735354142459,0.18628629846995137,0.04756754805954199,0.008748745644142313,-0.06544190786518866,0.0,-0.00098907878440384,0.27054564119613567,0.0,0.39039494640192524,0.225,0.0,0.38999999999999996,1.5,129.87418412612018,0.019424877423150202,True,False,False
1.49,0.04578497971680223,0.18879038974431273,0.047499042574188674,0.008733000996689413,-0.06544190786518866,0.0,-0.00098907878440384,0.2707832966891413,0.0,0.390392570938882,0.225,0.0,0.38999999999999996,1.5,129.87418507981718,0.01968203949350209,True,False,False
1.495,0.046022257729459996,0.19128987420121724,0.0474284090158109,0.00871658447675961,-0.06544190786518866,0.0,-0.00098907878440384,0.2710206039163843,0.0,0.3903901559792158,0.225,0.0,0.38999999999999996,1.5,129.8741859881892,0.019935767546780777,True,False,False
1.5,0.04625917693197222,0.1937845598249087,0.04735565247193364,0.008699499320628737,-0.06587125857944473,0.0,-0.000593190651540779,0.2712575522331259,0.0,0.39038770068756456,0.225,0.0,0.38999999999999996,1.5,129.87946423176916,0.019513459761127824,True,False,False
1.5050000000000001,0.04649572671925013,0.19627426836981438,0.047280746463537734,0.00868183864227972,-0.06587125857944473,0.0,-0.000593190651540779,0.27149413099494873,0.0,0.39038520926226994,0.225,0.0,0.38999999999999996,1.5,129.87946515406236,0.019784695612358433,True,False,False
1.51,0.04673189650370118,0.1987588220970838,0.04720372532656982,0.008663511160888761,-0.06587125857944473,0.0,-0.000593190651540779,0.27173032957654425,0.0,0.3903826859027878,0.225,0.0,0.38999999999999996,1.5,129.87946603185367,0.020052081040789572,True,False,False
1.5150000000000001,0.046967675703628746,0.20123802950659084,0.04712459460245836,0.008644513971364768,-0.06587125857944473,0.0,-0.000593190651540779,0.271966137400864,0.0,0.390380129773106,0.225,0.0,0.38999999999999996,1.5,129.8794668651067,0.020315697289203245,True,False,False
1.52,0.047203053765339585,0.20371169859510066,0.04704336002758396,0.008624846383488118,-0.06587125857944473,0.0,-0.000593190651540779,0.2722015439185636,0.0,0.3903775400342365,0.225,0.0,0.38999999999999996,1.5,129.87946765381326,0.020575623148123626,True,False,False
1.5250000000000001,0.04743802016408951,0.20617963741033515,0.046960027516645624,0.00860450935105617,-0.06587125857944473,0.0,-0.000593190651540779,0.2724365386089318,0.0,0.3903749158464054,0.225,0.0,0.38999999999999996,1.5,129.87946839799255,0.02083193521784515,True,False,False
1.53,0.047672564404956444,0.20864165445553376,0.04687460315067501,0.008583505034718318,-0.06587125857944473,0.0,-0.000593190651540779,0.27267111098075264,0.0,0.3903722563706449,0.225,0.0,0.38999999999999996,1.5,129.87946909768962,0.02108470808902022,True,False,False
1.5350000000000001,0.04790667602365297,0.21109755898290322,0.04678709316835351,0.00856183647100777,-0.06587125857944473,0.0,-0.000593190651540779,0.2729052505731108,0.0,0.3903695607699846,0.225,0.0,0.38999999999999996,1.5,129.8794697529746,0.021334014468231393,True,False,False
1.54,0.048140344587296366,0.21354716121755882,0.046697503959679906,0.008539507323929716,-0.06587125857944473,0.0,-0.000593190651540779,0.2731389469561577,0.0,0.3903668282102981,0.225,0.0,0.38999999999999996,1.5,129.8794703639414,0.02157992526647234,True,False,False
1.545,0.04837355969514767,0.2159902724889734,0.046605842061314434,0.008516521699729107,-0.06587125857944473,0.0,-0.000593190651540779,0.27337218973184824,0.0,0.39036405786091194,0.225,0.0,0.38999999999999996,1.5,129.8794709307069,0.02182250966262204,True,False,False
1.55,0.04860631097932473,0.2184267053624214,0.04651211415312148,0.008492884009449085,-0.06621618338318042,0.0,-0.00018751064096218014,0.27360496853465344,0.0,0.39036124889504864,0.225,0.0,0.38999999999999996,1.5,129.8848722419237,0.021522402902107274,True,False,False
1.555,0.048838588116540696,0.2208562850020589,0.046416290717942184,0.008468677896331657,-0.06621618338318042,0.0,-0.00018751064096218014,0.2738372730055669,0.0,0.3903584056317073,0.225,0.0,0.38999999999999996,1.5,129.88487280335087,0.021777908124899496,True,False,False
1.56,0.049070380810113313,0.22327883741397256,0.046318412618590044,0.008443824425753987,-0.06621618338318042,0.0,-0.00018751064096218014,0.2740690928137807,0.0,0.3903555323924916,0.225,0.0,0.38999999999999996,1.5,129.88487332123958,0.02202977366673965,True,False,False
1.565,0.04930167878343298,0.22569417702593783,0.04621848696117746,0.008418323081293217,-0.06621618338318042,0.0,-0.00018751064096218014,0.2743004176869487,0.0,0.3903526283556428,0.225,0.0,0.38999999999999996,1.5,129.88487379567107,0.022278071303607934,True,False,False
1.57,0.04953247179569708,0.228102118376275,0.046116521028964935,0.008392175113830294,-0.06621618338318042,0.0,-0.00018751064096218014,0.2745312373882158,0.0,0.3903496926990126,0.225,0.0,0.38999999999999996,1.5,129.88487422675047,0.022522870659874038,True,False,False
1.575,0.0497627496427696,0.2305024765631569,0.04601252226890171,0.008365383081262476,-0.06621618338318042,0.0,-0.00018751064096218014,0.2747615417170677,0.0,0.39034672460180886,0.225,0.0,0.38999999999999996,1.5,129.88487461460562,0.02276423942122819,True,False,False
1.58,0.049992502157979055,0.2328950675568185,0.04590649828186435,0.008337950495857843,-0.06621618338318042,0.0,-0.00018751064096218014,0.27499132051012243,0.0,0.39034372324587296,0.225,0.0,0.38999999999999996,1.5,129.884874959386,0.02300224348211543,True,False,False
1.585,0.05022171921287069,0.23527970844048257,0.04579845681552158,0.00830988155714897,-0.06621618338318042,0.0,-0.00018751064096218014,0.2752205636418792,0.0,0.3903406878166119,0.225,0.0,0.38999999999999996,1.5,129.88487526126212,0.02323694704896083,True,False,False
1.59,0.050450390717919805,0.23765621757449643,0.04568840575906713,0.008281180951352827,-0.06621618338318042,0.0,-0.00018751064096218014,0.2754492610254301,0.0,0.39033761750367585,0.225,0.0,0.38999999999999996,1.5,129.8848755204242,0.02346841271362215,True,False,False
1.595,0.05067850662322088,0.24002441471347616,0.045576353139285854,0.008251853701728767,-0.06621618338318042,0.0,-0.00018751064096218014,0.2756774026131495,0.0,0.39033451150143433,0.225,0.0,0.38999999999999996,1.5,129.88487573708156,0.023696701506799988,True,False,False
1.6,0.05090605691915585,0.24238412108131535,0.0454623071175737,0.008221905057491386,-0.06647134238239731,0.0,0.00022448645077491726,0.27590497839736317,0.0,0.39033136900930127,0.225,0.0,0.38999999999999996,1.5,129.89035321158426,0.02352405053107145,True,False,False
1.605,0.051133031642282695,0.24473516909889015,0.045346235150456465,0.008191407839659458,-0.06647134238239731,0.0,0.00022448645077491726,0.27613197838281384,0.0,0.39032819443953637,0.225,0.0,0.38999999999999996,1.5,129.89035340379607,0.02376045587220678,True,False,False
1.61,0.05135942086440538,0.24707739227976164,0.04522818441703316,0.008160296161177165,-0.06647134238239731,0.0,0.00022448645077491726,0.27635839261105993,0.0,0.39032499220812783,0.225,0.0,0.38999999999999996,1.5,129.8903535541493,0.023993481282010582,True,False,False
1.615,0.051585214691159786,0.24941061478156668,0.04510816347097929,0.008128571606930009,-0.06647134238239731,0.0,0.00022448645077491726,0.27658421119155163,0.0,0.3903217615241878,0.225,0.0,0.38999999999999996,1.5,129.89035366284378,0.024223188638805526,True,False,False
1.62,0.051810403271201115,0.25173466141420153,0.044986181023720276,0.008096237048313443,-0.06647134238239731,0.0,0.00022448645077491726,0.27680942427643934,0.0,0.3903185015987175,0.225,0.0,0.38999999999999996,1.5,129.89035373009798,0.0244496379717649,True,False,False
1.625,0.052034976796967614,0.2540493579546318,0.04486224593435483,0.008063296301884163,-0.06647134238239731,0.0,0.00022448645077491726,0.2770340220613328,0.0,0.39031521164586425,0.225,0.0,0.38999999999999996,1.5,129.89035375614864,0.024672887622577237,True,False,False
1.6300000000000001,0.05225892550539951,0.25635453137136566,0.04473636720228919,0.008029753867831562,-0.06647134238239731,0.0,0.00022448645077491726,0.27725799478601776,0.0,0.3903118908838623,0.225,0.0,0.38999999999999996,1.5,129.89035374124944,0.024892994358542163,True,False,False
1.635,0.052482239678621305,0.25865000999687776,0.044608553961795125,0.007995614731917762,-0.06647134238239731,0.0,0.00022448645077491726,0.27748133273513775,0.0,0.39030853853569986,0.225,0.0,0.38999999999999996,1.5,129.8903536856707,0.025110013452916365,True,False,False
1.6400000000000001,0.0527049096445961,0.26093562364718365,0.04447881547793558,0.007960884216808694,-0.06647134238239731,0.0,0.00022448645077491726,0.2777040262388494,0.0,0.39030515382959374,0.225,0.0,0.38999999999999996,1.5,129.8903535896982,0.025323998743232743,True,False,False
1.645,0.05292692577775836,0.2632112036933139,0.04434716114346647,0.007925567871247576,-0.06647134238239731,0.0,0.00022448645077491726,0.2779260656734566,0.0,0.39030173599934204,0.225,0.0,0.38999999999999996,1.5,129.89035345363274,0.02553500267481701,True,False,False
1.6500000000000001,0.05314827849963449,0.2654765831206373,0.04421360047643726,0.007889671387892065,-0.06663498201122481,0.0,0.0006385293387798983,0.27814744146203385,0.0,0.3902982842845258,0.225,0.0,0.38999999999999996,1.5,129.89584994245726,0.025489564853128466,True,False,False
1.655,0.05336895827892353,0.2677316044901422,0.04407809807753612,0.007853255790465663,-0.06663498201122481,0.0,0.0006385293387798983,0.27836814404567756,0.0,0.39029480315007214,0.225,0.0,0.38999999999999996,1.5,129.89584976442106,0.02570387451297166,True,False,False
1.6600000000000001,0.05358895562763424,0.2699761116022595,0.043940707036007984,0.00781626845856593,-0.06663498201122481,0.0,0.0006385293387798983,0.27858816391032876,0.0,0.3902912970653656,0.225,0.0,0.38999999999999996,1.5,129.89584954707064,0.025915111219006578,True,False,False
1.665,0.05380826110471075,0.27220994111917746,0.04380143722546037,0.007778712711366615,-0.06663498201122481,0.0,0.0006385293387798983,0.2788074916183104,0.0,0.39028776528314313,0.225,0.0,0.38999999999999996,1.5,129.8958492907163,0.026123326464963542,True,False,False
1.67,0.05402686531868617,0.27443293077668757,0.04366029865768447,0.007740592668237238,-0.06663498201122481,0.0,0.0006385293387798983,0.27902611778122277,0.0,0.3902842070599046,0.225,0.0,0.38999999999999996,1.5,129.89584899568234,0.026328570201111894,True,False,False
1.675,0.054244758928352066,0.2766449195754797,0.043517301475983594,0.007701913029443028,-0.06663498201122481,0.0,0.0006385293387798983,0.2792440330606125,0.0,0.3902806216566983,0.225,0.0,0.38999999999999996,1.5,129.89584866230626,0.026530890944198974,True,False,False
1.68,0.05446193264339358,0.2788457479290835,0.04337245595022874,0.007662678908212536,-0.06663498201122481,0.0,0.0006385293387798983,0.2794612281686088,0.0,0.3902770083397137,0.225,0.0,0.38999999999999996,1.5,129.8958482909379,0.02673033585605448,True,False,False
1.685,0.0546783772250064,0.28103525775673777,0.04322577247313883,0.007622895703696354,-0.06663498201122481,0.0,0.0006385293387798983,0.27967769386854224,0.0,0.39027336638066307,0.225,0.0,0.38999999999999996,1.5,129.89584788193932,0.026926950801098797,True,False,False
1.69,0.05489408348648536,0.2832132925551885,0.043077261557430586,0.00758256900578019,-0.06663498201122481,0.0,0.0006385293387798983,0.2798934209755358,0.0,0.3902696950571094,0.225,0.0,0.38999999999999996,1.5,129.89584743568304,0.027120780389691155,True,False,False
1.695,0.05510904229380747,0.285379697440426,0.04292693383358966,0.007541704524329075,-0.06663498201122481,0.0,0.0006385293387798983,0.28010840035709095,0.0,0.39026599365262865,0.225,0.0,0.38999999999999996,1.5,129.89584695255286,0.02731186801198479,True,False,False
1.7,0.055323244566198776,0.2875343191749705,0.04277480004808538,0.007500308036956625,-0.06670762683446055,0.0,0.0010499085041296027,0.28032262293365745,0.0,0.3902622614569507,0.225,0.0,0.38999999999999996,1.5,129.9012997242935,0.02739015983535878,True,False,False
1.705,0.05553668127066288,0.28967701234031984,0.04262082228951332,0.007458428116707885,-0.06670762683446055,0.0,0.0010499085041296027,0.2805360796490916,0.0,0.39025850293799214,0.225,0.0,0.38999999999999996,1.5,129.9012991842902,0.027579860506437685,True,False,False
1.71,0.05574934342495796,0.29180763280419886,0.04246505896495194,0.007416025385207025,-0.06670762683446055,0.0,0.0010499085041296027,0.2807487614994899,0.0,0.3902547225684846,0.225,0.0,0.38999999999999996,1.5,129.90129860846466,0.027766836864640883,True,False,False
1.715,0.055961222105991804,0.29392603145206514,0.042307521139016195,0.007373104550032399,-0.06670762683446055,0.0,0.0010499085041296027,0.2809606595647653,0.0,0.39025091965365327,0.225,0.0,0.38999999999999996,1.5,129.90129799722197,0.027951129578821503,True,False,False
1.72,0.056172308446187806,0.29603206057555875,0.04214821999556867,0.007329670643887565,-0.06670762683446055,0.0,0.0010499085041296027,0.2811717649800498,0.0,0.39024709350398656,0.225,0.0,0.38999999999999996,1.5,129.9012973509759,0.028132778083581368,True,False,False
1.725,0.056382593634057294,0.2981255739388909,0.04198716683434921,0.007285728926954003,-0.06670762683446055,0.0,0.0010499085041296027,0.2813820689362699,0.0,0.39024324343557426,0.225,0.0,0.38999999999999996,1.5,129.90129667014892,0.028311820638016596,True,False,False
1.73,0.05659206891476002,0.3002064268377664,0.04182437306837709,0.0072412848122746605,-0.06670762683446055,0.0,0.0010499085041296027,0.28159156268071006,0.0,0.3902393687703371,0.225,0.0,0.38999999999999996,1.5,129.90129595517126,0.028488294370245318,True,False,False
1.735,0.056800725590648256,0.30227447613319114,0.04165985022190061,0.0071963438095364336,-0.06670762683446055,0.0,0.0010499085041296027,0.28180023751756067,0.0,0.3902354688361921,0.225,0.0,0.38999999999999996,1.5,129.90129520648048,0.028662235312404364,True,False,False
1.74,0.057008555021803006,0.30432958027340706,0.04149360992873555,0.007150911483230021,-0.06670762683446055,0.0,0.0010499085041296027,0.2820080848084577,0.0,0.39023154296715173,0.225,0.0,0.38999999999999996,1.5,129.9012944245214,0.02883367842928345,True,False,False
1.745,0.05721554862655836,0.30637159930337293,0.04132566393088025,0.007104993421868643,-0.06670762683446055,0.0,0.0010499085041296027,0.28221509597301064,0.0,0.39022759050341765,0.225,0.0,0.38999999999999996,1.5,129.90129360974467,0.02900265764272238,True,False,False
1.75,0.057421697882023996,0.30840039487186466,0.04115602407732921,0.0070585952156164925,-0.06669106789327793,0.0,0.001453820754622851,0.282421262489329,0.0,0.39022361079137874,0.225,0.0,0.38999999999999996,1.5,129.90663884304956,0.029199632783947372,True,False,False
1.7550000000000001,0.05762699431353257,0.31041583459233474,0.040984650448872326,0.007011752592906329,-0.06669106789327793,0.0,0.001453820754622851,0.2826265758641736,0.0,0.39021960824793106,0.225,0.0,0.38999999999999996,1.5,129.90663795979685,0.029362711847616685,True,False,False
1.76,0.05783142950398975,0.3124177873330312,0.04081160601764082,0.006964439304712989,-0.06669106789327793,0.0,0.001453820754622851,0.28283102766329876,0.0,0.39021558729487277,0.225,0.0,0.38999999999999996,1.5,129.90663704517453,0.029523449991899327,True,False,False
1.7650000000000001,0.058034995106565346,0.3144061190994631,0.04063690291348027,0.006916661175285523,-0.06669106789327793,0.0,0.001453820754622851,0.2830346095425893,0.0,0.3902115472955797,0.225,0.0,0.38999999999999996,1.5,129.90663609965893,0.029681876718076403,True,False,False
1.77,0.05823768283524163,0.3163806975384237,0.04046055336748705,0.0068684238980854465,-0.06669106789327793,0.0,0.001453820754622851,0.28323731321846657,0.0,0.3902074876199126,0.225,0.0,0.38999999999999996,1.5,129.90663512373075,0.029838020605140705,True,False,False
1.7750000000000001,0.058439484465296586,0.3183413919202792,0.04028256971176155,0.006819733057351478,-0.06669106789327793,0.0,0.001453820754622851,0.28343913046837677,0.0,0.3902034076441053,0.225,0.0,0.38999999999999996,1.5,129.90663411787463,0.02999190931838145,True,False,False
1.78,0.058640391833786845,0.32028807309397067,0.040102964379023054,0.006770594144902844,-0.06669106789327793,0.0,0.001453820754622851,0.2836400531312787,0.0,0.39019930675067815,0.225,0.0,0.38999999999999996,1.5,129.90663308257868,0.0301435696205173,True,False,False
1.7850000000000001,0.058840396840028814,0.3222206134735703,0.039921749902127907,0.006721012573275991,-0.06669106789327793,0.0,0.001453820754622851,0.2838400731081296,0.0,0.3901951843283652,0.225,0.0,0.38999999999999996,1.5,129.9066320183344,0.03029302738462234,True,False,False
1.79,0.05903949144607745,0.32413888701571075,0.03973893891351947,0.006670993686088313,-0.06669106789327793,0.0,0.001453820754622851,0.284039182362368,0.0,0.39019103977205244,0.225,0.0,0.38999999999999996,1.5,129.9066309256362,0.03044030760831959,True,False,False
1.795,0.059237667677202156,0.32604276919497654,0.0395545441446294,0.006620542766334307,-0.06669106789327793,0.0,0.001453820754622851,0.2842373729203941,0.0,0.3901868724827347,0.225,0.0,0.38999999999999996,1.5,129.9066298049812,0.030585434428875638,True,False,False
1.8,0.05943491762236113,0.32793213699401136,0.03936857842524337,0.006569665043157952,-0.06658771206781447,0.0,0.0018456396682674106,0.28443463687204756,0.0,0.3901826818674593,0.225,0.0,0.38999999999999996,1.5,129.91180612190067,0.030895520929884276,True,False,False
1.805,0.0596312334192439,0.329806871450568,0.03918100046343918,0.00651838320860617,-0.06658771206781447,0.0,0.0018456396682674106,0.2846309663409928,0.0,0.3901784722380043,0.225,0.0,0.38999999999999996,1.5,129.91180492484978,0.0310304363726127,True,False,False
1.81,0.05982660726931599,0.3316668547963528,0.03899187691734264,0.006466684019622623,-0.06658771206781447,0.0,0.0018456396682674106,0.2848263535160091,0.0,0.39017424791097643,0.225,0.0,0.38999999999999996,1.5,129.9118037017899,0.031163422186974314,True,False,False
1.815,0.06002103145413598,0.33351196845042247,0.038801220860384525,0.006414574233405935,-0.06658771206781447,0.0,0.0018456396682674106,0.285020790681167,0.0,0.3901700083113284,0.225,0.0,0.38999999999999996,1.5,129.91180245324017,0.03129449647644086,True,False,False
1.82,0.06021449832076293,0.33534209568256457,0.03860904545019001,0.006362060041667429,-0.06658771206781447,0.0,0.0018456396682674106,0.28521427018578516,0.0,0.39016575287154914,0.225,0.0,0.38999999999999996,1.5,129.91180117971922,0.03142367673539517,True,False,False
1.825,0.06040700028215701,0.3371571214742222,0.0384153639312433,0.006309147207934731,-0.06658771206781447,0.0,0.0018456396682674106,0.28540678444483797,0.0,0.3901614810310823,0.225,0.0,0.38999999999999996,1.5,129.9117998817463,0.03155097980881022,True,False,False
1.83,0.060598529817587024,0.3389569324094132,0.03822018963655339,0.006255841173063847,-0.06658771206781447,0.0,0.0018456396682674106,0.28559832593936846,0.0,0.3901571922359676,0.225,0.0,0.38999999999999996,1.5,129.91179855984024,0.031676421870783913,True,False,False
1.835,0.06078907947305104,0.3407414165965722,0.03802353598861741,0.006202147135619704,-0.06658771206781447,0.0,0.0018456396682674106,0.2857888872169142,0.0,0.3901528859385318,0.225,0.0,0.38999999999999996,1.5,129.91179721451968,0.03180001841587882,True,False,False
1.84,0.060978641861700995,0.3425104635988331,0.037825416499887306,0.006148070112796935,-0.06658771206781447,0.0,0.0018456396682674106,0.28597846089193657,0.0,0.39014856159717703,0.225,0.0,0.38999999999999996,1.5,129.91179584630268,0.03192178425914671,True,False,False
1.845,0.06116720966426906,0.34426396440203827,0.03762584477288297,0.006093614986499197,-0.06658771206781447,0.0,0.0018456396682674106,0.2861670396462513,0.0,0.39014421867623095,0.225,0.0,0.38999999999999996,1.5,129.91179445570668,0.03204173354204701,True,False,False
1.85,0.061354775629496,0.34600181137696356,0.037424834500052226,0.0060387865382264,-0.06640024640907963,0.0,0.002221091197199234,0.2863546162294608,0.0,0.39013985664583106,0.225,0.0,0.38999999999999996,1.5,129.91674522209735,0.03245933636488396,True,False,False
1.855,0.061541332555612775,0.3477238990178662,0.037222343746791654,0.005983594387191394,-0.06640024640907963,0.0,0.002221091197199234,0.2865411834301375,0.0,0.39013547966154954,0.225,0.0,0.38999999999999996,1.5,129.91674375103466,0.03256496874494343,True,False,False
1.86,0.061726873310222134,0.34943012293482256,0.0370184418870011,0.005928038181734662,-0.06640024640907963,0.0,0.002221091197199234,0.2867267341074697,0.0,0.39013109188362705,0.225,0.0,0.38999999999999996,1.5,129.91674226012475,0.03266910448682717,True,False,False
1.865,0.06191139084940489,0.35112037994232764,0.03681314281920587,0.005872125504643622,-0.06640024640907963,0.0,0.002221091197199234,0.2869112612199268,0.0,0.3901266928007453,0.225,0.0,0.38999999999999996,1.5,129.91674074989618,0.032771750173188285,True,False,False
1.87,0.06209487819884349,0.352794568886541,0.03660646050987091,0.005815862958760215,-0.06640024640907963,0.0,0.002221091197199234,0.28709475779535415,0.0,0.3901222819100044,0.225,0.0,0.38999999999999996,1.5,129.91673922087452,0.03287291209013449,True,False,False
1.875,0.06227732845413562,0.35445259039381644,0.03639840899875272,0.005759256416097618,-0.06640024640907963,0.0,0.002221091197199234,0.2872772169312932,0.0,0.39011785871599663,0.225,0.0,0.38999999999999996,1.5,129.91673767358208,0.032972596139365346,True,False,False
1.8800000000000001,0.06245873478113348,0.35609434669073897,0.03618900240244674,0.00570231120900002,-0.06640024640907963,0.0,0.002221091197199234,0.28745863179532727,0.0,0.3901134227301175,0.225,0.0,0.38999999999999996,1.5,129.9167361085378,0.03307080778496937,True,False,False
1.885,0.06263909041630406,0.3577197414717772,0.03597825491666683,0.0056450322753888215,-0.06640024640907963,0.0,0.002221091197199234,0.28763899562544676,0.0,0.3901089734700585,0.225,0.0,0.38999999999999996,1.5,129.91673452625759,0.03316755202369388,True,False,False
1.8900000000000001,0.06281838866709845,0.3593286798047881,0.03576618081762943,0.005587424268391448,-0.06640024640907963,0.0,0.002221091197199234,0.28781830173042333,0.0,0.3901045104594618,0.225,0.0,0.38999999999999996,1.5,129.91673292725406,0.03326283337108673,True,False,False
1.895,0.06299662291233321,0.3609210680559254,0.0355527944628027,0.005529491638758938,-0.06640024640907963,0.0,0.002221091197199234,0.2879965434901953,0.0,0.39010003322765724,0.225,0.0,0.38999999999999996,1.5,129.9167313120365,0.03335665585836861,True,False,False
1.9000000000000001,0.06317378660256981,0.36249681385238686,0.035338110291201145,0.0054712386967289105,-0.06613152317070883,0.0,0.002576341578584729,0.2881737143562511,0.0,0.39009554130950563,0.225,0.0,0.38999999999999996,1.5,129.92140579442335,0.03387629722409888,True,False,False
1.905,0.06334987323900039,0.36405582502361183,0.03512208651702905,0.0054126620721553975,-0.06613152317070883,0.0,0.002576341578584729,0.2883498078241769,0.0,0.3900910386581245,0.225,0.0,0.38999999999999996,1.5,129.92140409852854,0.03395190138193478,True,False,False
1.9100000000000001,0.06352487639717755,0.3655980104251511,0.034904794199102786,0.005353774185107269,-0.06613152317070883,0.0,0.002576341578584729,0.28852481746505726,0.0,0.39008652923113635,0.225,0.0,0.38999999999999996,1.5,129.92140238960008,0.034026458147048105,True,False,False
1.915,0.06369878974795978,0.36712328212185047,0.034686247944041355,0.005294583389231397,-0.06613152317070883,0.0,0.002576341578584729,0.2886987369520865,0.0,0.3900820125824416,0.225,0.0,0.38999999999999996,1.5,129.9214006681417,0.03409996255266346,True,False,False
1.92,0.06387160703532203,0.36863155436197853,0.03446646241079251,0.005235096662142127,-0.06613152317070883,0.0,0.002576341578584729,0.28887156003137704,0.0,0.39007748827522937,0.225,0.0,0.38999999999999996,1.5,129.92139893465134,0.03417240964538948,True,False,False
1.925,0.06404332207658908,0.37012274324382183,0.034245452318449505,0.005175319962222512,-0.06613152317070883,0.0,0.002576341578584729,0.2890432805222,0.0,0.3900729558806319,0.225,0.0,0.38999999999999996,1.5,129.92139718962156,0.0342437943512766,True,False,False
1.93,0.06421392876270635,0.37159676645723555,0.03402323245151252,0.00511525850222463,-0.06613152317070883,0.0,0.002576341578584729,0.2892138923172617,0.0,0.3900684149767651,0.225,0.0,0.38999999999999996,1.5,129.92139543353966,0.03431411139180299,True,False,False
1.935,0.06438342105853676,0.37305354310560845,0.033799817663357594,0.005054916956903399,-0.06613152317070883,0.0,0.002576341578584729,0.28938338938300545,0.0,0.3900638651480547,0.225,0.0,0.38999999999999996,1.5,129.9213936668869,0.03438335523364247,True,False,False
1.94,0.06455179300318221,0.3744929935708079,0.03357522287844412,0.004994299619441265,-0.06613152317070883,0.0,0.002576341578584729,0.2895517657599377,0.0,0.39005930598470656,0.225,0.0,0.38999999999999996,1.5,129.92139189013997,0.03445152006124802,True,False,False
1.945,0.06471903871031119,0.37591503942949817,0.0333494630936276,0.004933410518725166,-0.06613152317070883,0.0,0.002576341578584729,0.2897190155629593,0.0,0.39005473708239674,0.225,0.0,0.38999999999999996,1.5,129.9213901037703,0.034518599764839966,True,False,False
1.95,0.0648851523684979,0.37731960338073794,0.0331225533788351,0.004872253507034738,-0.0657845674968898,0.0,0.0029080195546623373,0.2898851329817086,0.0,0.390050158042028,0.225,0.0,0.38999999999999996,1.5,129.92574376671416,0.03513486570735448,True,False,False
1.955,0.06505012821854109,0.37870660644261434,0.03289445292399364,0.004810812402897659,-0.0657845674968898,0.0,0.0029080195546623373,0.2900501122550082,0.0,0.39004557257362343,0.225,0.0,0.38999999999999996,1.5,129.9257419032114,0.03518002986960361,True,False,False
1.96,0.06521396057997934,0.38007597057724557,0.03266523340439732,0.004749112246866321,-0.0657845674968898,0.0,0.0029080195546623373,0.2902139477014446,0.0,0.3900409843915325,0.225,0.0,0.38999999999999996,1.5,129.92574003396183,0.03522460730867111,True,False,False
1.965,0.06537664387284307,0.38142762292222937,0.03243491001776207,0.004687162135882325,-0.0657845674968898,0.0,0.0029080195546623373,0.2903766337433922,0.0,0.3900363931161914,0.225,0.0,0.38999999999999996,1.5,129.92573815940895,0.035268581561501186,True,False,False
1.97,0.06553817259321085,0.3827614929582591,0.032203497999064454,0.00462496941164929,-0.0657845674968898,0.0,0.0029080195546623373,0.29053816487910417,0.0,0.3900317983781286,0.225,0.0,0.38999999999999996,1.5,129.9257362799888,0.03531193648391451,True,False,False
1.975,0.06569854131336265,0.38407751207281793,0.03197101263060445,0.004562540120831574,-0.0657845674968898,0.0,0.0029080195546623373,0.2906985356828721,0.0,0.390027199816264,0.225,0.0,0.38999999999999996,1.5,129.9257343961307,0.03535465607217286,True,False,False
1.98,0.06585774468198088,0.38537561324673114,0.031737469248817846,0.004499879367781815,-0.0657845674968898,0.0,0.0029080195546623373,0.2908577408052319,0.0,0.3900225970766827,0.225,0.0,0.38999999999999996,1.5,129.9257325082572,0.03539672434917534,True,False,False
1.985,0.06601577742439045,0.38665573081695864,0.03150288324881545,0.004436991582020333,-0.0657845674968898,0.0,0.0029080195546623373,0.29101577497320874,0.0,0.3900179898117465,0.225,0.0,0.38999999999999996,1.5,129.92573061678448,0.03543812529436435,True,False,False
1.99,0.06617263434282256,0.3879178003229906,0.031267270087324474,0.004373880719512719,-0.0657845674968898,0.0,0.0029080195546623373,0.2911726329905845,0.0,0.3900133776794771,0.225,0.0,0.38999999999999996,1.5,129.92572872212244,0.03547884280313368,True,False,False
1.995,0.06632831031669503,0.38916175837949774,0.0310306452845012,0.004310550413322174,-0.0657845674968898,0.0,0.0029080195546623373,0.2913283097381818,0.0,0.3900087603431336,0.225,0.0,0.38999999999999996,1.5,129.92572682467502,0.03551886066614548,True,False,False
2.0,0.06648280030290613,0.3903875426174625,0.03079302442494019,0.00424700408598733,-0.06536263057337796,0.0,0.0032131989443419688,0.29148280017416106,0.0,0.39000413747091683,0.225,0.0,0.38999999999999996,1.5,129.92972110677445,0.0362262815380983,True,False,False
2.005,0.06663609931266325,0.39159508713164015,0.03055436851996703,0.004183212999743945,-0.06536263057337796,0.0,0.0032131989443419688,0.29163609931087997,0.0,0.3899995124946857,0.225,0.0,0.38999999999999996,1.5,129.92971913929236,0.036240895021429916,True,False,False
2.0100000000000002,0.06678820243966552,0.39278432688676596,0.03031474877026172,0.004119214607771931,-0.06536263057337796,0.0,0.0032131989443419688,0.2917882022440932,0.0,0.3899948888504768,0.225,0.0,0.38999999999999996,1.5,129.9297171736256,0.03625538945967911,True,False,False
2.015,0.06693910488160568,0.3939552039586031,0.030074180846807706,0.004055018728986714,-0.06536263057337796,0.0,0.0032131989443419688,0.2919391041739002,0.0,0.38999026622650557,0.225,0.0,0.38999999999999996,1.5,129.9297152101227,0.03626973701947833,True,False,False
2.02,0.06708880191456691,0.39510766291601923,0.029832680443311603,0.003990633064176699,-0.06536263057337796,0.0,0.0032131989443419688,0.29208880037865115,0.0,0.38998564432185545,0.225,0.0,0.38999999999999996,1.5,129.92971324912457,0.03628391048578314,True,False,False
2.025,0.06723728889309562,0.3962416503022027,0.02959026328829575,0.00392606375510264,-0.06536263057337796,0.0,0.0032131989443419688,0.2922372862150248,0.0,0.3899810228444237,0.225,0.0,0.38999999999999996,1.5,129.92971129096486,0.03629788304069051,True,False,False
2.0300000000000002,0.0673845612503359,0.3973571142482665,0.029346945153303813,0.003861315812893668,-0.06536263057337796,0.0,0.0032131989443419688,0.292384557118167,0.0,0.3899764015094413,0.225,0.0,0.38999999999999996,1.5,129.9297093359704,0.03631162812098363,True,False,False
2.035,0.06753061449820719,0.3984540041951563,0.02910274185839519,0.003796393442736504,-0.06536263057337796,0.0,0.0032131989443419688,0.2925306086018721,0.0,0.3899717800384053,0.225,0.0,0.38999999999999996,1.5,129.92970738446127,0.03632511932890386,True,False,False
2.04,0.06767544422761539,0.39953227070958724,0.02885766927573926,0.0037313002880096026,-0.06536263057337796,0.0,0.0032131989443419688,0.29267543625879716,0.0,0.38996715815833016,0.225,0.0,0.38999999999999996,1.5,129.9297054367516,0.03633833037883595,True,False,False
2.045,0.06781904610868339,0.40059186533741364,0.02861174333187023,0.0036660396128043882,-0.06536263057337796,0.0,0.0032131989443419688,0.2928190357606959,0.0,0.3899625356012424,0.225,0.0,0.38999999999999996,1.5,129.92970349314922,0.03635123506821848,True,False,False
2.05,0.06796141589099443,0.401632740526248,0.028364980008991587,0.003600614437857572,-0.0648692401156911,0.0,0.0034893644875641787,0.2929614028586646,0.0,0.3899579121038519,0.225,0.0,0.38999999999999996,1.5,129.93330536044365,0.03714417692915019,True,False,False
2.055,0.0681025493810113,0.40265484338120494,0.028117342996929758,0.0035349837892614693,-0.0648692401156911,0.0,0.0034893644875641787,0.2931025333628844,0.0,0.3899532907899467,0.225,0.0,0.38999999999999996,1.5,129.9333033571741,0.03712840450486944,True,False,False
2.06,0.06824244247079722,0.4036581218273465,0.027868901915394914,0.003469197251755357,-0.0648692401156911,0.0,0.0034893644875641787,0.29324242316992133,0.0,0.3899486747873618,0.225,0.0,0.38999999999999996,1.5,129.93330136334995,0.03711298356927419,True,False,False
2.065,0.06838109115821421,0.4046425327743486,0.02761967278995956,0.0034032653373686464,-0.0648692401156911,0.0,0.0034893644875641787,0.293381068280157,0.0,0.3899440638532679,0.225,0.0,0.38999999999999996,1.5,129.93329937919222,0.03709787511271264,True,False,False
2.07,0.06851849152126048,0.4056080357780391,0.027369671655000666,0.0033371960938238555,-0.0648692401156911,0.0,0.0034893644875641787,0.29351846477399934,0.0,0.3899394577564249,0.225,0.0,0.38999999999999996,1.5,129.93329740491538,0.03708304103585664,True,False,False
2.075,0.0686546397180654,0.4065545924283795,0.02711891456760584,0.0032709957577577854,-0.0648692401156911,0.0,0.0034893644875641787,0.29365460881188116,0.0,0.38993485627479824,0.225,0.0,0.38999999999999996,1.5,129.93329544072716,0.03706844388770247,True,False,False
2.08,0.06878953198695346,0.40748216589966385,0.026867417617016658,0.003204669255123571,-0.0648692401156911,0.0,0.0034893644875641787,0.29378949663432674,0.0,0.3899302591938336,0.225,0.0,0.38999999999999996,1.5,129.9332934868294,0.037054046695731084,True,False,False
2.085,0.06892316464656427,0.40839072064018594,0.026615196930968348,0.003138220580312698,-0.0648692401156911,0.0,0.0034893644875641787,0.2939231245620744,0.0,0.38992566630521586,0.225,0.0,0.38999999999999996,1.5,129.93329154341828,0.037039812858366085,True,False,False
2.09,0.06905553409600679,0.40928022214093485,0.02636226867986099,0.0030716530810567066,-0.0648692401156911,0.0,0.0034893644875641787,0.2940554889962334,0.0,0.3899210774060035,0.225,0.0,0.38999999999999996,1.5,129.9332896106846,0.03702570607945549,True,False,False
2.095,0.06918663681503986,0.4101506367907348,0.026108649079406788,0.0030049696712551918,-0.0648692401156911,0.0,0.0034893644875641787,0.29418658641846657,0.0,0.3899164922980316,0.225,0.0,0.38999999999999996,1.5,129.9332876888144,0.03701169033109236,True,False,False
2.1,0.06931646936426712,0.41100193176225824,0.025854354392199193,0.0029381729892995795,-0.0643082265735008,0.0,0.003734377261047599,0.29431641339118775,0.0,0.3899119107875402,0.225,0.0,0.38999999999999996,1.5,129.93646917893878,0.037884289934676504,True,False,False
2.105,0.0694450283641854,0.4118340671501862,0.025599351856626925,0.002871210202499729,-0.0643082265735008,0.0,0.003734377261047599,0.29444496654058905,0.0,0.3899073356649929,0.225,0.0,0.38999999999999996,1.5,129.9364672106759,0.03783855013611275,True,False,False
2.11,0.06957231052334602,0.41264700380090036,0.025343708390328245,0.0028041426662117576,-0.0643082265735008,0.0,0.003734377261047599,0.29457224258158177,0.0,0.3899027697247523,0.225,0.0,0.38999999999999996,1.5,129.93646525934773,0.03779363124864045,True,False,False
2.115,0.0696983126562297,0.4134407133796017,0.02508744025478226,0.0027369815424631047,-0.0643082265735008,0.0,0.003734377261047599,0.2946982383313253,0.0,0.38989821279389764,0.225,0.0,0.38999999999999996,1.5,129.9364633250187,0.03774948334664343,True,False,False
2.12,0.06982303165859732,0.4142151703327908,0.0248305637071697,0.002669735200615101,-0.0643082265735008,0.0,0.003734377261047599,0.2948229506881796,0.0,0.3898936647117581,0.225,0.0,0.38999999999999996,1.5,129.93646140774857,0.03770605769813673,True,False,False
2.125,0.0699464645074065,0.41497035119197834,0.024573095015875398,0.0026024099595926917,-0.0643082265735008,0.0,0.003734377261047599,0.2949463766316227,0.0,0.3898891253272222,0.225,0.0,0.38999999999999996,1.5,129.93645950759216,0.03766330646406281,True,False,False
2.13,0.07006860826081122,0.4157062340795921,0.024315050471015807,0.002535010656381822,-0.0643082265735008,0.0,0.003734377261047599,0.2950685132222516,0.0,0.3898845944967547,0.225,0.0,0.38999999999999996,1.5,129.9364576246004,0.03762118250246165,True,False,False
2.1350000000000002,0.07018946005821866,0.41642279834045365,0.024056446391519232,0.0024675410766276636,-0.0643082265735008,0.0,0.003734377261047599,0.2951893576018402,0.0,0.3898800720830053,0.225,0.0,0.38999999999999996,1.5,129.93645575882056,0.03757963924352175,True,False,False
2.14,0.07030901712038976,0.4171200242925075,0.023797299129805643,0.0024000042780887697,-0.0643082265735008,0.0,0.003734377261047599,0.2953089069934415,0.0,0.3898755579538277,0.225,0.0,0.38999999999999996,1.5,129.93645391029636,0.037538630612437965,True,False,False
2.145,0.07042727674956614,0.4177978930601998,0.023537625074785972,0.0023324028321241564,-0.0643082265735008,0.0,0.003734377261047599,0.2954271587015161,0.0,0.3898710519816081,0.225,0.0,0.38999999999999996,1.5,129.93645207906906,0.03749811098450048,True,False,False
2.15,0.07054423632961863,0.4184563864501611,0.023277440653676873,0.002264739003190424,-0.06368372216485164,0.0,0.003946448720511463,0.29554411011208237,0.0,0.3898665540428357,0.225,0.0,0.38999999999999996,1.5,129.9391899554837,0.03844425692865172,True,False,False
2.1550000000000002,0.07065989330771373,0.41909547750240955,0.023016717547606313,0.0021969485292959016,-0.06368372216485164,0.0,0.003946448720511463,0.29565975867937383,0.0,0.3898620665735081,0.225,0.0,0.38999999999999996,1.5,129.93918809361526,0.03836920212037791,True,False,False
2.16,0.07077424522086,0.41971513995979337,0.02275551882954429,0.0021291040970505895,-0.06368372216485164,0.0,0.003946448720511463,0.29577410194801323,0.0,0.38985759201337317,0.225,0.0,0.38999999999999996,1.5,129.9391862558286,0.03829543274281606,True,False,False
2.165,0.0708872897105004,0.42031536012933235,0.022493860880026886,0.0020612174598921337,-0.06368372216485164,0.0,0.003946448720511463,0.2958871375623243,0.0,0.38985313026000823,0.225,0.0,0.38999999999999996,1.5,129.93918444200642,0.03822288828053129,True,False,False
2.17,0.07099902449989934,0.4208961272243733,0.022231760063349173,0.0019932972695609935,-0.06368372216485164,0.0,0.003946448720511463,0.29599886324840197,0.0,0.38984868122382726,0.225,0.0,0.38999999999999996,1.5,129.9391826520294,0.038151509685170004,True,False,False
2.1750000000000003,0.07110944739398543,0.42145743259347906,0.02196923274444843,0.001925349901871604,-0.06368372216485164,0.0,0.003946448720511463,0.2961092768139535,0.0,0.3898442448250637,0.225,0.0,0.38999999999999996,1.5,129.93918088577666,0.038081239038339106,True,False,False
2.18,0.07121855627928259,0.4219992691593636,0.021706295300369778,0.001857380089126836,-0.06368372216485164,0.0,0.003946448720511463,0.2962183761482288,0.0,0.3898398209915981,0.225,0.0,0.38999999999999996,1.5,129.93917914312607,0.03801201933129516,True,False,False
2.185,0.07132634912390841,0.42252163102735724,0.021442964127993878,0.0017893913990373576,-0.06368372216485164,0.0,0.003946448720511463,0.2963261592220189,0.0,0.38983540965738644,0.225,0.0,0.38999999999999996,1.5,129.93917742395496,0.03794379432357317,True,False,False
2.19,0.07143282397761898,0.4230245132020007,0.021179255649173247,0.0017213865943682348,-0.06368372216485164,0.0,0.003946448720511463,0.2964326240877005,0.0,0.3898310107613787,0.225,0.0,0.38999999999999996,1.5,129.93917572814027,0.03787650845484945,True,False,False
2.195,0.07153797894567895,0.4235078780806109,0.020915172465562445,0.0016529700345841376,-0.06368372216485164,0.0,0.003946448720511463,0.2965377688527995,0.0,0.38982662411978997,0.225,0.0,0.38999999999999996,1.5,129.93917405583153,0.03780475844229308,True,False,False
2.2,0.07164181208196296,0.42397148230285825,0.020650716876516505,0.0015833952139628412,-0.06300575776375407,0.0,0.00412562573364709,0.29664159157140957,0.0,0.38982224876194116,0.225,0.0,0.38999999999999996,1.5,129.9414700834072,0.03879185795994414,True,False,False
2.205,0.0717443215485285,0.4244150251439443,0.020385892793152133,0.0015129531756035897,-0.06300575776375407,0.0,0.00412562573364709,0.2967440904104834,0.0,0.389817885664931,0.225,0.0,0.38999999999999996,1.5,129.94146840413995,0.0386674647964002,True,False,False
2.21,0.0718455056638717,0.42483824056738095,0.02012075488858898,0.0014414841446867576,-0.06300575776375407,0.0,0.00412562573364709,0.2968452636939318,0.0,0.38981353593691714,0.225,0.0,0.38999999999999996,1.5,129.94146675988083,0.03853748184562547,True,False,False
2.215,0.0719453628521399,0.4252408373563709,0.01985532849128869,0.0013690164695882477,-0.06300575776375407,0.0,0.00412562573364709,0.29694510984550293,0.0,0.3898091984156514,0.225,0.0,0.38999999999999996,1.5,129.94146515150848,0.038402855956356396,True,False,False
2.22,0.07204389166302597,0.425622538060429,0.019589638409976955,0.0012956149264737576,-0.06300575776375407,0.0,0.00412562573364709,0.29704362741432744,0.0,0.3898048719922941,0.225,0.0,0.38999999999999996,1.5,129.9414635797471,0.03826428573335496,True,False,False
2.225,0.0721410907701892,0.42598308692930337,0.019323708855405356,0.001221364013984356,-0.06300575776375407,0.0,0.00412562573364709,0.29714081507344614,0.0,0.38980055564304156,0.225,0.0,0.38999999999999996,1.5,129.94146204520266,0.03812229349178573,True,False,False
2.23,0.07223695896885847,0.42632225388055744,0.019057563429008776,0.0011463569485289505,-0.06300575776375407,0.0,0.00412562573364709,0.2972366716174851,0.0,0.38979624844500743,0.225,0.0,0.38999999999999996,1.5,129.94146054838868,0.03797727401202931,True,False,False
2.235,0.0723314951730967,0.4266398359107257,0.018791225147684824,0.0010706886414956402,-0.06300575776375407,0.0,0.00412562573364709,0.29733119595996804,0.0,0.3897919495820367,0.225,0.0,0.38999999999999996,1.5,129.94145908974548,0.03782952806786866,True,False,False
2.24,0.0724246984129968,0.4269356569078659,0.018524716486325345,0.0009944514083734552,-0.06300575776375407,0.0,0.00412562573364709,0.29742438713054287,0.0,0.38978765834417495,0.225,0.0,0.38999999999999996,1.5,129.94145766965488,0.037679285865794845,True,False,False
2.245,0.07251656783195982,0.4272095665272828,0.01825805942734835,0.0009177325173477359,-0.06300575776375407,0.0,0.00412562573364709,0.29751624427227885,0.0,0.38978337412339253,0.225,0.0,0.38999999999999996,1.5,129.94145628845067,0.037526723728695956,True,False,False
2.25,0.07260710268413874,0.42746143854373864,0.017991275511131687,0.0008406129503893478,-0.06246210541485431,0.0,0.004317646989546387,0.297606766639121,0.0,0.3897790964072427,0.225,0.0,0.38999999999999996,1.5,129.94393700274065,0.038230520593196524,True,False,False
2.255,0.07269630234979074,0.4276912114169906,0.017724348251615184,0.0007635004206347315,-0.06246210541485431,0.0,0.004317646989546387,0.2976959536190216,0.0,0.389774827281297,0.225,0.0,0.38999999999999996,1.5,129.94393566545472,0.038047766303275686,True,False,False
2.2600000000000002,0.07278416632958767,0.4278988845698371,0.01745733643776042,0.0006863345764609968,-0.06246210541485431,0.0,0.004317646989546387,0.2977838047215268,0.0,0.389770569069795,0.225,0.0,0.38999999999999996,1.5,129.94393437375143,0.037864541563681235,True,False,False
2.265,0.07287069420928292,0.42808444780039523,0.017190258611023194,0.0006091489035269357,-0.06246210541485431,0.0,0.004317646989546387,0.2978703195341062,0.0,0.3897663217167091,0.225,0.0,0.38999999999999996,1.5,129.94393312755017,0.03768071464927307,True,False,False
2.27,0.07295588566738355,0.4282478992551549,0.016923133311897095,0.0005319691003364153,-0.06246210541485431,0.0,0.004317646989546387,0.2979554977370484,0.0,0.38976208520039457,0.225,0.0,0.38999999999999996,1.5,129.9439319267804,0.037496172616542554,True,False,False
2.275,0.07303974047481854,0.4283892436760371,0.01665597907838081,0.00045481586872750656,-0.06246210541485431,0.0,0.004317646989546387,0.2980393391031163,0.0,0.38975785952665737,0.225,0.0,0.38999999999999996,1.5,129.94393077137926,0.03731081630762399,True,False,False
2.2800000000000002,0.0731222584946677,0.4285084912462714,0.0163888144419063,0.0003777067489104624,-0.06246210541485431,0.0,0.004317646989546387,0.298121843497269,0.0,0.38975364472422325,0.225,0.0,0.38999999999999996,1.5,129.9439296612891,0.03712455694006266,True,False,False
2.285,0.07320343968193332,0.42860565686897323,0.016121657922229006,0.00030065731233413877,-0.06246210541485431,0.0,0.004317646989546387,0.29820301087643003,0.0,0.3897494408418792,0.225,0.0,0.38999999999999996,1.5,129.94392859645663,0.03693731375891108,True,False,False
2.29,0.07328328408332464,0.428680759721898,0.015854528022127844,0.00022368192560264297,-0.06246210541485431,0.0,0.004317646989546387,0.29828284128927185,0.0,0.3897452479467082,0.225,0.0,0.38999999999999996,1.5,129.94392757683156,0.03674901240061272,True,False,False
2.295,0.07336179183704195,0.4287338229861862,0.01558744322237599,0.00014679422989617046,-0.06246210541485431,0.0,0.004317646989546387,0.29836133487600147,0.0,0.38974106612302595,0.225,0.0,0.38999999999999996,1.5,129.94392660236576,0.03655958373736814,True,False,False
2.3000000000000003,0.07343896317255022,0.42876487368221927,0.015320421977217667,7.000743330450775e-05,-0.06213302253670879,0.0,0.0044941427044240916,0.29843849186813676,0.0,0.389736895471723,0.225,0.0,0.38999999999999996,1.5,129.94622575593417,0.03688924092124561,True,False,False
2.305,0.07351479841129764,0.4287739689426127,0.01505343648310748,6.459028136302316e-06,-0.06213302253670879,0.0,0.0044941427044240916,0.2985143125974984,0.0,0.3897327383846838,0.225,0.0,0.38999999999999996,1.5,129.94622485862274,0.036681656644996265,True,False,False
2.31,0.07358929797379167,0.4287611941230751,0.014786550665604864,8.267477427250779e-05,-0.06213302253670879,0.0,0.0044941427044240916,0.2985887974958501,0.0,0.38972859736503473,0.225,0.0,0.38999999999999996,1.5,129.94622401003357,0.03647369252261092,True,False,False
2.315,0.07366246236901515,0.4287266205522052,0.01451978168452576,0.00015864383897457566,-0.06213302253670879,0.0,0.0044941427044240916,0.29866194707559923,0.0,0.3897244726906598,0.225,0.0,0.38999999999999996,1.5,129.94622320992806,0.03626518123253511,True,False,False
2.32,0.07373429219021463,0.42867031815169054,0.014253146827365233,0.00023437147742104224,-0.06213302253670879,0.0,0.0044941427044240916,0.2987337619334248,0.0,0.3897203646356795,0.225,0.0,0.38999999999999996,1.5,129.94622245808708,0.03605597974597291,True,False,False
2.325,0.07380478811533499,0.4285923553402875,0.013986663486312991,0.0003098628012143245,-0.06213302253670879,0.0,0.0044941427044240916,0.2988042427507094,0.0,0.3897162734699479,0.225,0.0,0.38999999999999996,1.5,129.94622175430692,0.035845964156325974,True,False,False
2.33,0.07387395090737857,0.4284927991857053,0.013720349137510704,0.0003851220106246471,-0.06213302253670879,0.0,0.0044941427044240916,0.2988733902938992,0.0,0.38971219945966123,0.225,0.0,0.38999999999999996,1.5,129.94622109839617,0.0356350258907716,True,False,False
2.335,0.07394178141469153,0.4283717157358758,0.013454221322921733,0.00046015201016517,-0.06213302253670879,0.0,0.0044941427044240916,0.29894120541479474,0.0,0.3897081428685951,0.225,0.0,0.38999999999999996,1.5,129.94622049017298,0.03542306888794002,True,False,False
2.34,0.07400828057117481,0.42822917040933656,0.013188297634867866,0.0005349542646008259,-0.06213302253670879,0.0,0.0044941427044240916,0.299007689050767,0.0,0.38970410395962224,0.225,0.0,0.38999999999999996,1.5,129.94621992946333,0.035210007457861535,True,False,False
2.345,0.07407344939641748,0.42806522840948213,0.012922595703129404,0.0006095288008165241,-0.06213302253670879,0.0,0.0044941427044240916,0.2990728422248973,0.0,0.38970008299631725,0.225,0.0,0.38999999999999996,1.5,129.94621941609932,0.034995764631457496,True,False,False
2.35,0.07413728899575993,0.4278799551333556,0.012657133184437994,0.0006838742936921085,-0.06199061374034151,0.0,0.004619004129470645,0.2991366660460467,0.0,0.38969608024451907,0.225,0.0,0.38999999999999996,1.5,129.94785615438437,0.03500589498471222,True,False,False
2.355,0.07419980055274791,0.42767342849101697,0.012391886628336115,0.0007578950721680852,-0.06199061374034151,0.0,0.004619004129470645,0.29919916170792527,0.0,0.3896920975662204,0.225,0.0,0.38999999999999996,1.5,129.94785573298782,0.03478227294276725,True,False,False
2.36,0.07426098534001457,0.4274457378433818,0.012126913706799478,0.0008316272321400504,-0.06199061374034151,0.0,0.004619004129470645,0.2992603304938621,0.0,0.38968813686938514,0.225,0.0,0.38999999999999996,1.5,129.9478553600776,0.034557681935483836,True,False,False
2.365,0.07432084472277017,0.42719696550603964,0.011862231559247797,0.0009050734312023279,-0.06199061374034151,0.0,0.004619004129470645,0.2993201737734275,0.0,0.38968419849010283,0.225,0.0,0.38999999999999996,1.5,129.94785503540882,0.03433202057264247,True,False,False
2.37,0.07437938014908767,0.42692719304675475,0.01159785739951817,0.000978236033912473,-0.06199061374034151,0.0,0.004619004129470645,0.2993786929990768,0.0,0.3896802827630873,0.225,0.0,0.38999999999999996,1.5,129.94785475874608,0.03410520110872406,True,False,False
2.375,0.0744365931500212,0.42663650145678034,0.011333808504040218,0.0010511166563426729,-0.06199061374034151,0.0,0.004619004129470645,0.2994358897062709,0.0,0.38967639002231014,0.225,0.0,0.38999999999999996,1.5,129.94785452986116,0.033877146837042356,True,False,False
2.38,0.07449248533966539,0.4263249714017247,0.011070102202684732,0.0011237159517012239,-0.06199061374034151,0.0,0.004619004129470645,0.29949176551353923,0.0,0.38967252060194446,0.225,0.0,0.38999999999999996,1.5,129.947854348531,0.03364779013897604,True,False,False
2.3850000000000002,0.07454705841515641,0.42599268350124614,0.010806755872310635,0.0011960335460745584,-0.06199061374034151,0.0,0.004619004129470645,0.29954632212248583,0.0,0.38966867483747414,0.225,0.0,0.38999999999999996,1.5,129.9478542145362,0.033417070998641885,True,False,False
2.39,0.07460031415661798,0.42563971863201217,0.01054378693297428,0.0012680680641139227,-0.06199061374034151,0.0,0.004619004129470645,0.2995995613177402,0.0,0.38966485306681836,0.225,0.0,0.38999999999999996,1.5,129.94785412765978,0.03318493585237064,True,False,False
2.395,0.07465225442705606,0.42526615819693103,0.010281212846762222,0.0013398172053750235,-0.06199061374034151,0.0,0.004619004129470645,0.2996514849668572,0.0,0.3896610556313947,0.225,0.0,0.38999999999999996,1.5,129.94785408768595,0.03295133668318103,True,False,False
2.4,0.07470288117220553,0.42487208438133045,0.01001905111923972,0.0014112778460841223,-0.06201196932851679,0.0,0.004688506487837481,0.29970209502016876,0.0,0.3896572828770866,0.225,0.0,0.38999999999999996,1.5,129.94877665961127,0.032683274426606554,True,False,False
2.4050000000000002,0.0747521964074959,0.42445757956421776,0.009757289203478035,0.001482453281235049,-0.06201196932851679,0.0,0.004688506487837481,0.2997513935017765,0.0,0.3896535360229202,0.225,0.0,0.38999999999999996,1.5,129.9487767126437,0.03244761522321542,True,False,False
2.41,0.07480020222982625,0.42402272562747556,0.00949597369920386,0.0015533404850384502,-0.06201196932851679,0.0,0.004688506487837481,0.29979938251744015,0.0,0.3896498162873946,0.225,0.0,0.38999999999999996,1.5,129.94877681169496,0.03221031420273358,True,False,False
2.415,0.07484690083089321,0.42356760599774534,0.009235122272903696,0.0016239334073946722,-0.06201196932851679,0.0,0.004688506487837481,0.2998460642638223,0.0,0.3896461240254785,0.225,0.0,0.38999999999999996,1.5,129.94877695655916,0.03197134699702368,True,False,False
2.42,0.07489229448452212,0.4230923059002891,0.008974752648249689,0.001694225530336936,-0.06201196932851679,0.0,0.004688506487837481,0.29989144101977977,0.0,0.38964245960056226,0.225,0.0,0.38999999999999996,1.5,129.94877714702656,0.03173069084993109,True,False,False
2.4250000000000003,0.07493638554629364,0.4225969124810385,0.008714882623456257,0.001764210045125569,-0.06201196932851679,0.0,0.004688506487837481,0.29993551514599365,0.0,0.3896388233848583,0.225,0.0,0.38999999999999996,1.5,129.9487773828831,0.03148832466947872,True,False,False
2.43,0.07497917645315098,0.4220815148581174,0.00845553009235706,0.0018338799807046382,-0.06201196932851679,0.0,0.004688506487837481,0.29997828908457924,0.0,0.38963521575963783,0.225,0.0,0.38999999999999996,1.5,129.94877766391033,0.031244229034626942,True,False,False
2.435,0.07502066972298976,0.42154620415938415,0.008196713069868663,0.0019032282975680018,-0.06201196932851679,0.0,0.004688506487837481,0.3000197653586782,0.0,0.3896316371153571,0.225,0.0,0.38999999999999996,1.5,129.948777989885,0.030998386175501866,True,False,False
2.44,0.07506086795423646,0.42099107353031634,0.007938449722706293,0.0019722479568754026,-0.06201196932851679,0.0,0.004688506487837481,0.3000599465720383,0.0,0.3896280878516718,0.225,0.0,0.38999999999999996,1.5,129.9487783605787,0.030750779939102815,True,False,False
2.445,0.07509977382541398,0.4204162181267149,0.007680758406459309,0.0020409319717222536,-0.06201196932851679,0.0,0.004688506487837481,0.3000988354085806,0.0,0.38962456837739246,0.225,0.0,0.38999999999999996,1.5,129.9487787757579,0.030501395747856375,True,False,False
2.45,0.07513739009469632,0.4198217350955412,0.007423657710440231,0.002109273445420421,-0.062176001884140866,0.0,0.0047053361525726724,0.30013643463195466,0.0,0.3896210791104037,0.225,0.0,0.38999999999999996,1.5,129.94902036454283,0.029991941412967262,True,False,False
2.455,0.07517371958324905,0.41920771156312236,0.007167153437449084,0.002177360483705178,-0.062176001884140866,0.0,0.0047053361525726724,0.30017274706979935,0.0,0.38961762065833083,0.225,0.0,0.38999999999999996,1.5,129.94902086322728,0.029746760671389573,True,False,False
2.46,0.07520876518648652,0.41857422422599566,0.0069112776955813394,0.002245154053514327,-0.062176001884140866,0.0,0.0047053361525726724,0.3002077756238661,0.0,0.3896141935896303,0.225,0.0,0.38999999999999996,1.5,129.9490214038525,0.02949930332945806,True,False,False
2.465,0.0752425298946446,0.41792135925058677,0.006656050675321154,0.002312639310013686,-0.062176001884140866,0.0,0.0047053361525726724,0.3002415232898056,0.0,0.3896107982834933,0.225,0.0,0.38999999999999996,1.5,129.94902198626735,0.02924961706622484,True,False,False
2.47,0.07527501677870693,0.4172492071415598,0.006401493004480892,0.002379801028169029,-0.062176001884140866,0.0,0.0047053361525726724,0.30027399314413394,0.0,0.38960743513722224,0.225,0.0,0.38999999999999996,1.5,129.9490226103036,0.0289977401590043,True,False,False
2.475,0.07530622898955047,0.41655786273643886,0.006147625887331299,0.0024466242949880796,-0.062176001884140866,0.0,0.0047053361525726724,0.3003051883433812,0.0,0.3896041045662105,0.225,0.0,0.38999999999999996,1.5,129.94902327577717,0.028743703930467594,True,False,False
2.48,0.07533616975711833,0.41584742504873184,0.005894471271889387,0.002513094906011712,-0.062176001884140866,0.0,0.0047053361525726724,0.3003351121232641,0.0,0.3896008070033411,0.225,0.0,0.38999999999999996,1.5,129.94902398248982,0.028487534528034233,True,False,False
2.485,0.07536484238961698,0.4151179970331585,0.005642052054910642,0.0025791995707940612,-0.062176001884140866,0.0,0.0047053361525726724,0.3003637677978809,0.0,0.38959754289805815,0.225,0.0,0.38999999999999996,1.5,129.9490247302302,0.02822925423793242,True,False,False
2.49,0.07539225027273928,0.4143696853122736,0.0053903923374049945,0.0026449259975456357,-0.062176001884140866,0.0,0.0047053361525726724,0.3003911587589313,0.0,0.38959431271529216,0.225,0.0,0.38999999999999996,1.5,129.9490255187743,0.027968882471725225,True,False,False
2.495,0.07541839686891769,0.4136025998822277,0.005139517748115956,0.0027102629035221466,-0.062176001884140866,0.0,0.0047053361525726724,0.3004172884749655,0.0,0.38959111693431114,0.225,0.0,0.38999999999999996,1.5,129.94902634788627,0.027706436518617115,True,False,False
2.5,0.07544328571660115,0.41281685383152544,0.004889455859059028,0.0027751999817429004,-0.06246274503349189,0.0,0.004672549738243923,0.30044216049065675,0.0,0.3895879560476051,0.225,0.0,0.38999999999999996,1.5,129.94862505636817,0.026989816214345902,True,False,False
2.505,0.07546692041156591,0.41201254142196897,0.004640253556847892,0.0028398986269882838,-0.06246274503349189,0.0,0.004672549738243923,0.3004657784055536,0.0,0.38958483009561967,0.225,0.0,0.38999999999999996,1.5,129.94862595171435,0.026736918331539856,True,False,False
2.5100000000000002,0.07548930461660777,0.4111897379496974,0.004391930856221497,0.0029042883797293574,-0.06246274503349189,0.0,0.004672549738243923,0.30048814588578604,0.0,0.3895817390464254,0.225,0.0,0.38999999999999996,1.5,129.94862688378532,0.026481179699997616,True,False,False
2.515,0.07551044208720051,0.41034853506412783,0.004144526658745523,0.002968346883297607,-0.06246274503349189,0.0,0.004672549738243923,0.30050926669259576,0.0,0.3895786833128024,0.225,0.0,0.38999999999999996,1.5,129.9486278524868,0.026222712286802678,True,False,False
2.52,0.07553033668455972,0.4094890666916544,0.0038980885448198447,0.003031686543127982,-0.06246274503349189,0.0,0.004672549738243923,0.3005291446938999,0.0,0.3895756634697779,0.225,0.0,0.38999999999999996,1.5,129.9486288573711,0.025966412194962738,True,False,False
2.525,0.075548992442073,0.40861162925056727,0.003652660949785481,0.0030937521274289775,-0.06246274503349189,0.0,0.004672549738243923,0.30054778393335546,0.0,0.3895726807148714,0.225,0.0,0.38999999999999996,1.5,129.9486298968377,0.025716843680035167,True,False,False
2.5300000000000002,0.07556641348008811,0.40771661983042395,0.003408287974999457,0.00315433425246062,-0.06246274503349189,0.0,0.004672549738243923,0.30056518854395226,0.0,0.3895697366381053,0.225,0.0,0.38999999999999996,1.5,129.9486309690446,0.025473630774664843,True,False,False
2.535,0.0755826039664966,0.4068044835785031,0.003165025338349658,0.003213303990185815,-0.06246274503349189,0.0,0.004672549738243923,0.3005813627075066,0.0,0.3895668330199608,0.225,0.0,0.38999999999999996,1.5,129.9486320722383,0.025236455530023433,True,False,False
2.54,0.07559756810799473,0.40587569330280876,0.0029229455295216797,0.003270594175123426,-0.06246274503349189,0.0,0.004672549738243923,0.3005963106454887,0.0,0.3895639717512873,0.225,0.0,0.38999999999999996,1.5,129.9486332047453,0.02500503056308356,True,False,False
2.545,0.07561131014408268,0.4049307341483497,0.002682145369977796,0.0033261835005831642,-0.06246274503349189,0.0,0.004672549738243923,0.3006100366126846,0.0,0.3895611547731203,0.225,0.0,0.38999999999999996,1.5,129.94863436496613,0.024779090935490754,True,False,False
2.5500000000000003,0.07562383434308524,0.40397009230011327,0.002442757664949531,0.0033800842161128223,-0.06278215945538926,0.0,0.004572581271555694,0.3006225448929583,0.0,0.38955838403232523,0.225,0.0,0.38999999999999996,1.5,129.94734739864703,0.024054116142130252,True,False,False
2.555,0.07563514501241106,0.4029942515987261,0.002205089519586247,0.0034322987184664585,-0.06278215945538926,0.0,0.004572581271555694,0.300633839802262,0.0,0.3895556602491099,0.225,0.0,0.38999999999999996,1.5,129.94734858836867,0.023856506572373707,True,False,False
2.56,0.07564524648005118,0.4020036827752448,0.0019693176289910424,0.0034829168367423594,-0.06278215945538926,0.0,0.004572581271555694,0.3006439256768687,0.0,0.38955298409417594,0.225,0.0,0.38999999999999996,1.5,129.9473497977611,0.02366319955266735,True,False,False
2.565,0.07565414308325584,0.4009988332877004,0.001735867934536217,0.0035320088013679465,-0.06278215945538926,0.0,0.004572581271555694,0.3006528068690458,0.0,0.38955035736789273,0.225,0.0,0.38999999999999996,1.5,129.9473510256509,0.023473988366684427,True,False,False
2.57,0.07566183918342402,0.3999801295143498,0.001505419873347496,0.0035796510533946694,-0.06278215945538926,0.0,0.004572581271555694,0.30066048775489396,0.0,0.38954778178955135,0.225,0.0,0.38999999999999996,1.5,129.9473522709197,0.023288673509132694,True,False,False
2.575,0.07566833916647007,0.3989479753541821,0.0012791226427257677,0.0036259237103368628,-0.06278215945538926,0.0,0.004572581271555694,0.30066697273465803,0.0,0.3895452589918786,0.225,0.0,0.38999999999999996,1.5,129.94735353250218,0.023107062045187546,True,False,False
2.58,0.07567364744343487,0.39790275145683235,0.0010590647265947238,0.0036709087033842368,-0.06278215945538926,0.0,0.004572581271555694,0.300672266233296,0.0,0.3895427905179853,0.225,0.0,0.38999999999999996,1.5,129.94735480938414,0.022928967163759403,True,False,False
2.585,0.07567776845127132,0.3968448149097775,0.0008493862089404256,0.0037146884090478857,-0.06278215945538926,0.0,0.004572581271555694,0.3006763727012335,0.0,0.38954037782011763,0.225,0.0,0.38999999999999996,1.5,129.94735610060087,0.022754207862346484,True,False,False
2.59,0.07568070665375824,0.39577449926095565,0.0006591228736973403,0.0037573446442621407,-0.06278215945538926,0.0,0.004572581271555694,0.3006792966152547,0.0,0.3895380222597323,0.225,0.0,0.38999999999999996,1.5,129.9473574052354,0.022582608720808504,True,False,False
2.595,0.07568246654250708,0.3946921147886702,0.000509255520393645,0.0037989579285194726,-0.06278215945538926,0.0,0.004572581271555694,0.3006810424794933,0.0,0.3895357251085443,0.225,0.0,0.38999999999999996,1.5,129.94735872241662,0.022413999734684484,True,False,False
2.6,0.07568305263803522,0.3935979489585606,0.0004414853645532086,0.003839606942360775,-0.06278666919415031,0.0,0.004344247113598961,0.30068161482649447,0.0,0.38953348755028105,0.225,0.0,0.38999999999999996,1.5,129.94433750820218,0.02223880906700159,True,False,False
2.605,0.07568246953005006,0.39249226425291983,0.0004907933536146864,0.003879387205604729,-0.06278666919415031,0.0,0.004344247113598961,0.3006810182397551,0.0,0.3895313078187023,0.225,0.0,0.38999999999999996,1.5,129.94433884755466,0.022076012186026943,True,False,False
2.61,0.07568072183994523,0.3913753017764731,0.0006284471707492655,0.003918352709356308,-0.06278666919415031,0.0,0.004344247113598961,0.3006792573336358,0.0,0.3895291840651664,0.225,0.0,0.38999999999999996,1.5,129.94434019703974,0.021915719114275894,True,False,False
2.615,0.07567781418253901,0.3902472846719956,0.0008098420635802492,0.003956574673792375,-0.06278666919415031,0.0,0.004344247113598961,0.30067633673301364,0.0,0.38952711722548355,0.225,0.0,0.38999999999999996,1.5,129.9443415559565,0.02175778054873855,True,False,False
2.62,0.07567375120615731,0.38910841609071645,0.0010110863819042173,0.003994121423558448,-0.06278666919415031,0.0,0.004344247113598961,0.3006722610957954,0.0,0.3895251081584596,0.225,0.0,0.38999999999999996,1.5,129.9443429236419,0.021602052134577526,True,False,False
2.625,0.07566853759381582,0.3879588800385232,0.0012218893040244851,0.004031058285682465,-0.06278666919415031,0.0,0.004344247113598961,0.3006670351141049,0.0,0.3895231576491814,0.225,0.0,0.38999999999999996,1.5,129.9443442994693,0.021448394395715966,True,False,False
2.63,0.07566217806439705,0.38679884224214045,0.0014376024525427306,0.004067447521510153,-0.06278666919415031,0.0,0.004344247113598961,0.30066066351546644,0.0,0.3895212664124048,0.225,0.0,0.38999999999999996,1.5,129.9443456828467,0.021296672664987158,True,False,False
2.6350000000000002,0.07565467737381658,0.38562845103935495,0.0016559138580011627,0.0041033482850824565,-0.06278666919415031,0.0,0.004344247113598961,0.3006531510639795,0.0,0.3895194350959835,0.225,0.0,0.38999999999999996,1.5,129.94434707321557,0.021146757012679762,True,False,False
2.64,0.07564604031617261,0.3844478382661318,0.001875565407574281,0.004138816602403296,-0.06278666919415031,0.0,0.004344247113598961,0.30064450256147784,0.0,0.38951766428435686,0.225,0.0,0.38999999999999996,1.5,129.94434847004914,0.020998522172780774,True,False,False
2.645,0.07563627172487568,0.383257120159364,0.0020958189485049544,0.004173905367499109,-0.06278666919415031,0.0,0.004344247113598961,0.30063472284867,0.0,0.3895159545020293,0.225,0.0,0.38999999999999996,1.5,129.94434987285123,0.020851847466542506,True,False,False
2.65,0.07562537647375603,0.3820563982486291,0.0023162136199072,0.004208664352213367,-0.06236044024217183,0.0,0.004046338509743286,0.30062381680625844,0.0,0.38951430621704997,0.225,0.0,0.38999999999999996,1.5,129.94036048859294,0.021375217173015746,True,False,False
2.6550000000000002,0.075613359535134,0.3808457484357195,0.002536620496632699,0.0042432229429995435,-0.06236044024217183,0.0,0.004046338509743286,0.3006117893884708,0.0,0.38951271603455506,0.225,0.0,0.38999999999999996,1.5,129.94036193687785,0.021207302160464826,True,False,False
2.66,0.0756002259305371,0.3796252341175133,0.002756612178714929,0.004277537271933878,-0.06236044024217183,0.0,0.004046338509743286,0.3005986455980254,0.0,0.3895111805114269,0.225,0.0,0.38999999999999996,1.5,129.94036339415698,0.021041245250144544,True,False,False
2.665,0.0755859806712589,0.3783949204012984,0.0029760492329422208,0.004311641224739755,-0.06236044024217183,0.0,0.004046338509743286,0.30058439045148244,0.0,0.3895096999757536,0.225,0.0,0.38999999999999996,1.5,129.9403648598406,0.020876931951855315,True,False,False
2.67,0.07557062881275303,0.37715486279372246,0.003194828565435733,0.0043455678708986985,-0.06236044024217183,0.0,0.004046338509743286,0.3005690290092641,0.0,0.3895082747190721,0.225,0.0,0.38999999999999996,1.5,129.9403663333683,0.020714252649787677,True,False,False
2.6750000000000003,0.0755541754553657,0.3759051075021838,0.003412871526461774,0.004379348976408933,-0.06236044024217183,0.0,0.004046338509743286,0.3005525663763893,0.0,0.38950690499751195,0.225,0.0,0.38999999999999996,1.5,129.94036781420797,0.02055310226902725,True,False,False
2.68,0.07553662574508503,0.37464569186787217,0.00363011637000552,0.004413014647457266,-0.06236044024217183,0.0,0.004046338509743286,0.3005350077032288,0.0,0.38950559103344196,0.225,0.0,0.38999999999999996,1.5,129.94036930185422,0.020393380019995834,True,False,False
2.685,0.07551798487429871,0.3733766448722984,0.0038465133225380637,0.004446593078926899,-0.06236044024217183,0.0,0.004046338509743286,0.30051635818627126,0.0,0.3895043330174492,0.225,0.0,0.38999999999999996,1.5,129.94037079582702,0.020234989195455067,True,False,False
2.69,0.07549825808254441,0.3720979877164109,0.004062021269410426,0.004480110385080183,-0.06236044024217183,0.0,0.004046338509743286,0.30049662306888414,0.0,0.38950313111053947,0.225,0.0,0.38999999999999996,1.5,129.940372295671,0.020077837002938047,True,False,False
2.695,0.0754774506572394,0.37080973443209797,0.004276605474635429,0.004513590493685884,-0.06236044024217183,0.0,0.004046338509743286,0.3004758076420552,0.0,0.38950198544651116,0.225,0.0,0.38999999999999996,1.5,129.94037380095384,0.019921834421134536,True,False,False
2.7,0.07545556793438542,0.36951189251536787,0.00449023597854536,0.004547055088598405,-0.06154314421762918,0.0,0.003737397352991374,0.3004539172451106,0.0,0.38950089613440425,0.225,0.0,0.38999999999999996,1.5,129.93619633699063,0.02105164717911038,True,False,False
2.705,0.07543261536316244,0.3682044441879568,0.004702939819268504,0.004580659553587513,-0.06154314421762918,0.0,0.003737397352991374,0.3004309573037091,0.0,0.3894998592469883,0.225,0.0,0.38999999999999996,1.5,129.93619792431062,0.020851562094148787,True,False,False
2.71,0.0754085984547443,0.3668873670505058,0.0049146236779883425,0.004614276994278613,-0.06154314421762918,0.0,0.003737397352991374,0.300406933305054,0.0,0.3894988708390038,0.225,0.0,0.38999999999999996,1.5,129.93619952435623,0.020653596440912178,True,False,False
2.715,0.07538352271268306,0.36556065713560104,0.005125267781758406,0.004647909565805824,-0.06154314421762918,0.0,0.003737397352991374,0.3003818507551289,0.0,0.3894979309757865,0.225,0.0,0.38999999999999996,1.5,129.93620113638224,0.020457653375658323,True,False,False
2.72,0.07535739369087177,0.36422430955186197,0.005334853980465998,0.0046815613792768815,-0.06154314421762918,0.0,0.003737397352991374,0.30035571521017906,0.0,0.3894970397198298,0.225,0.0,0.38999999999999996,1.5,129.93620275967214,0.020263640627262866,True,False,False
2.725,0.07533021699364853,0.36287831807404436,0.00554336539086776,0.004715237524786919,-0.06154314421762918,0.0,0.003737397352991374,0.3003285322768037,0.0,0.389496197129104,0.225,0.0,0.38999999999999996,1.5,129.93620439353683,0.020071469938656536,True,False,False
2.73,0.07530199827597148,0.36152267496449747,0.0057507861296042925,0.004748943342731386,-0.06154314421762918,0.0,0.003737397352991374,0.30030030761212534,0.0,0.3894954032563414,0.225,0.0,0.38999999999999996,1.5,129.9362060373134,0.019881056662694678,True,False,False
2.735,0.07527274324363707,0.3601573709863448,0.005957101111173633,0.004782683892557428,-0.06154314421762918,0.0,0.003737397352991374,0.30027104692400775,0.0,0.3894946581490364,0.225,0.0,0.38999999999999996,1.5,129.9362076903646,0.01969231946309236,True,False,False
2.74,0.07524245765351896,0.3587823955413041,0.0061622958938182424,0.004816463575013374,-0.06154314421762918,0.0,0.003737397352991374,0.3002407559712971,0.0,0.38949396184994606,0.225,0.0,0.38999999999999996,1.5,129.93620935207733,0.01950518008696186,True,False,False
2.745,0.07521114731380894,0.357397736894742,0.006366356561110718,0.004850285871757203,-0.06154314421762918,0.0,0.003737397352991374,0.30020944056406845,0.0,0.3894933143979479,0.225,0.0,0.38999999999999996,1.5,129.9362110218618,0.019319563186408012,True,False,False
2.75,0.07517881808424498,0.3560033824689337,0.0065692696304002285,0.004884153173539773,-0.060448435282676766,0.0,0.00344558647690077,0.30017710656386026,0.0,0.389492715829147,0.225,0.0,0.38999999999999996,1.5,129.9322313650926,0.0208575402665774,True,False,False
2.755,0.07514547594053624,0.354599294729852,0.0067710299332506265,0.004918238204977802,-0.060448435282676766,0.0,0.00344558647690077,0.3001437599221217,0.0,0.38949216233278305,0.225,0.0,0.38999999999999996,1.5,129.93223315582432,0.020612928951873687,True,False,False
2.7600000000000002,0.07511112692623023,0.3531854367201137,0.0069716065929607525,0.004952359015032232,-0.060448435282676766,0.0,0.00344558647690077,0.3001094066579367,0.0,0.3894916500998645,0.225,0.0,0.38999999999999996,1.5,129.93223496475662,0.02037125877991291,True,False,False
2.765,0.07507577708039136,0.3517618009451635,0.007170987555269283,0.004986497178162675,-0.060448435282676766,0.0,0.00344558647690077,0.3000740528119016,0.0,0.3894911791863258,0.225,0.0,0.38999999999999996,1.5,129.93223679082797,0.02013243568253225,True,False,False
2.77,0.07503943249337269,0.350328384545599,0.0073691611174413335,0.005020638541688255,-0.060448435282676766,0.0,0.00344558647690077,0.30003770447598677,0.0,0.3894907496667511,0.225,0.0,0.38999999999999996,1.5,129.93223863301043,0.01989636976307753,True,False,False
2.775,0.07500209930635315,0.34888518827001563,0.007566115852982044,0.005054771870012753,-0.060448435282676766,0.0,0.00344558647690077,0.30000036779304623,0.0,0.3894903616303158,0.225,0.0,0.38999999999999996,1.5,129.93224049030852,0.019662974600139244,True,False,False
2.7800000000000002,0.07496378371099358,0.3474322157953912,0.007761840557468274,0.005088887823092188,-0.060448435282676766,0.0,0.00344558647690077,0.2999620489564554,0.0,0.38949001517805704,0.225,0.0,0.38999999999999996,1.5,129.9322423617585,0.019432166759581135,True,False,False
2.785,0.0749244919491737,0.3459694732919665,0.007956324209693801,0.0051229782001355586,-0.060448435282676766,0.0,0.00344558647690077,0.2999227542098363,0.0,0.38948971042117686,0.225,0.0,0.38999999999999996,1.5,129.93224424642713,0.01920386544832821,True,False,False
2.79,0.0748842303127808,0.34449696918874756,0.008149555943938817,0.005157035389098351,-0.060448435282676766,0.0,0.00344558647690077,0.29988248984683913,0.0,0.3894894474800438,0.225,0.0,0.38999999999999996,1.5,129.93224614341088,0.018977992264760213,True,False,False
2.795,0.0748430051435245,0.343014714054059,0.00834152503034348,0.005191051973193075,-0.060448435282676766,0.0,0.00344558647690077,0.29984126221095364,0.0,0.38948922648373335,0.225,0.0,0.38999999999999996,1.5,129.93224805183564,0.018754471015247777,True,False,False
2.8000000000000003,0.07480082283276047,0.34152272059238936,0.008532220861208107,0.0052250204556462225,-0.05920933167770595,0.0,0.0031761924560999868,0.29979907769533154,0.0,0.3894890475699462,0.225,0.0,0.38999999999999996,1.5,129.92855108743026,0.02048323187423961,True,False,False
2.805,0.07475768988297032,0.340020976785735,0.008721621110535378,0.005259121933014003,-0.05920933167770595,0.0,0.0031761924560999868,0.2997559427797395,0.0,0.3894889072973729,0.225,0.0,0.38999999999999996,1.5,129.92855315100257,0.020194194910847292,True,False,False
2.81,0.07471361286374693,0.3385094736878771,0.00890971922759461,0.005293147904629489,-0.05920933167770595,0.0,0.0031761924560999868,0.29971186401101096,0.0,0.389488802235865,0.225,0.0,0.38999999999999996,1.5,129.9285552374613,0.01990913706942031,True,False,False
2.815,0.07466859834067666,0.33698823708855913,0.009096505166287709,0.005327070417221537,-0.05920933167770595,0.0,0.0031761924560999868,0.2996668479566388,0.0,0.38948873257341377,0.225,0.0,0.38999999999999996,1.5,129.92855734536863,0.01962795694687105,True,False,False
2.82,0.07462265292716742,0.3354572999225595,0.009281969139635143,0.005360867282538672,-0.05920933167770595,0.0,0.0031761924560999868,0.2996209012321043,0.0,0.38948869852628054,0.225,0.0,0.38999999999999996,1.5,129.92855947332893,0.01935055694395923,True,False,False
2.825,0.07457578328358669,0.3339167008462662,0.009466101567101358,0.005394520501235218,-0.05920933167770595,0.0,0.0031761924560999868,0.29957403049997644,0.0,0.38948870033339394,0.225,0.0,0.38999999999999996,1.5,129.92856161998793,0.019076842515605284,True,False,False
2.83,0.0745279961165487,0.33236648322381185,0.009648893038058211,0.005428015067396648,-0.05920933167770595,0.0,0.0031761924560999868,0.29952624246917087,0.0,0.38948873825230856,0.225,0.0,0.38999999999999996,1.5,129.92856378403158,0.018806721657160005,True,False,False
2.835,0.07447929817831446,0.33080669439326804,0.009830334286718666,0.005461338074920363,-0.05920933167770595,0.0,0.0031761924560999868,0.2994775438943291,0.0,0.3894888125563405,0.225,0.0,0.38999999999999996,1.5,129.92856596418554,0.018540104551058867,True,False,False
2.84,0.07442969626626564,0.32923738517510454,0.010010416175211386,0.005494478058008942,-0.05920933167770595,0.0,0.0031761924560999868,0.299427941575278,0.0,0.38948892353257186,0.225,0.0,0.38999999999999996,1.5,129.9285681592143,0.018276903322552506,True,False,False
2.845,0.07437919722242675,0.32765860952494497,0.010189129682426882,0.005527424510256019,-0.05920933167770595,0.0,0.0031761924560999868,0.2993774423565412,0.0,0.38948907148048817,0.225,0.0,0.38999999999999996,1.5,129.9285703679203,0.01801703186987829,True,False,False
2.85,0.0743278079330137,0.32607042431286287,0.010366465896951551,0.005560167538239019,-0.05794198227075357,0.0,0.0029216759006860027,0.2993260531268801,0.0,0.38948925671108425,0.225,0.0,0.38999999999999996,1.5,129.9250690599943,0.01975517030366402,True,False,False
2.855,0.07427553538671938,0.3244728619336933,0.010542394808622775,0.005592888985964666,-0.05794198227075357,0.0,0.0029216759006860027,0.2992737808541695,0.0,0.3894894761410007,0.225,0.0,0.38999999999999996,1.5,129.92507144798807,0.019430103193986616,True,False,False
2.86,0.074222386633714,0.32286595827097836,0.010716921935580229,0.005625376492178172,-0.05794198227075357,0.0,0.0029216759006860027,0.29922063256779297,0.0,0.3894897266995048,0.225,0.0,0.38999999999999996,1.5,129.92507386099905,0.019110003105291005,True,False,False
2.865,0.07416836871707937,0.3212497846732469,0.010890038841210831,0.005657601027025435,-0.05794198227075357,0.0,0.0029216759006860027,0.299166615313633,0.0,0.3894900087528004,0.225,0.0,0.38999999999999996,1.5,129.92507629724193,0.018794756454207084,True,False,False
2.87,0.07411348872131296,0.3196244198479703,0.01106173735064757,0.005689539970176329,-0.05794198227075357,0.0,0.0029216759006860027,0.29911173617916403,0.0,0.38949032269603845,0.225,0.0,0.38999999999999996,1.5,129.92507875498427,0.018484253192054233,True,False,False
2.875,0.07405775377125166,0.3179899482673543,0.01123200950226837,0.005721175464879566,-0.05794198227075357,0.0,0.0029216759006860027,0.29905600229233165,0.0,0.38949066894703854,0.225,0.0,0.38999999999999996,1.5,129.92508123254538,0.0181783860660229,True,False,False
2.88,0.07400117103116195,0.3163464589905789,0.011400847513800145,0.005752493163686132,-0.05794198227075357,0.0,0.0029216759006860027,0.29899942082060893,0.0,0.3894910479416368,0.225,0.0,0.38999999999999996,1.5,129.92508372829545,0.017877050121384557,True,False,False
2.8850000000000002,0.07394374770395995,0.3146940447963236,0.011568243758763566,0.005783481284742556,-0.05794198227075357,0.0,0.0029216759006860027,0.29894199897019136,0.0,0.389491460130271,0.225,0.0,0.38999999999999996,1.5,129.9250862406548,0.01758014236724812,True,False,False
2.89,0.07388549103051859,0.3130328015629995,0.011734190750233976,0.005814129908997646,-0.05794198227075357,0.0,0.0029216759006860027,0.29888374398528483,0.0,0.3894919059755015,0.225,0.0,0.38999999999999996,1.5,129.92508876809273,0.01728756155325678,True,False,False
2.895,0.0738264082890381,0.31136282780475993,0.011898681129776129,0.005844430461278258,-0.05794198227075357,0.0,0.0029216759006860027,0.2988246631474617,0.0,0.3894923859501917,0.225,0.0,0.38999999999999996,1.5,129.92509130912705,0.01699920802170575,True,False,False
2.9,0.07376650679445561,0.3096842243452606,0.01206170766003593,0.005874375329964107,-0.05672811691916472,0.0,0.0026701599711194826,0.2987647637750592,0.0,0.3894929005362023,0.225,0.0,0.38999999999999996,1.5,129.92163722124945,0.018625595325877917,True,False,False
2.9050000000000002,0.07370579395443187,0.30799706787337666,0.012223236553992206,0.005904141646808319,-0.05672811691916472,0.0,0.0026701599711194826,0.2987040532560794,0.0,0.38949344686539455,0.225,0.0,0.38999999999999996,1.5,129.92163995241413,0.0182768214089745,True,False,False
2.91,0.07364427722959399,0.3063014377495416,0.012383281199009721,0.005933527733167554,-0.05672811691916472,0.0,0.0026701599711194826,0.2986425390315458,0.0,0.38949402207898914,0.225,0.0,0.38999999999999996,1.5,129.92164270736183,0.01793379094482382,True,False,False
2.915,0.0735819640674674,0.3045974466582412,0.012541834831771875,0.0059625085473111435,-0.05672811691916472,0.0,0.0026701599711194826,0.2985802285526301,0.0,0.3894946267035318,0.225,0.0,0.38999999999999996,1.5,129.92164548405538,0.017596377711389298,True,False,False
2.92,0.0735188619491507,0.3028852135059171,0.01269889094727583,0.005991065428859565,-0.05672811691916472,0.0,0.0026701599711194826,0.2985171293042162,0.0,0.38949526128993983,0.225,0.0,0.38999999999999996,1.5,129.92164828052094,0.017264458862175314,True,False,False
2.9250000000000003,0.07345497838818232,0.30116486182777735,0.01285444325351981,0.006019184496702455,-0.05672811691916472,0.0,0.0026701599711194826,0.29845324880372137,0.0,0.389495926407221,0.225,0.0,0.38999999999999996,1.5,129.9216510948466,0.016937914237442772,True,False,False
2.93,0.07339032092957662,0.2994365185991608,0.013008485639428979,0.0060468554241742654,-0.05672811691916472,0.0,0.0026701599711194826,0.2983885946000976,0.0,0.3894966226377963,0.225,0.0,0.38999999999999996,1.5,129.92165392518152,0.016616625905816654,True,False,False
2.935,0.07332489714899416,0.29770031336170866,0.013161012152151784,0.006074070513419222,-0.05672811691916472,0.0,0.0026701599711194826,0.2983231742729755,0.0,0.3894973505740216,0.225,0.0,0.38999999999999996,1.5,129.92165676973485,0.016300477861937036,True,False,False
2.94,0.0732587146520028,0.2959563775670043,0.013312016980993385,0.006100824001940809,-0.05672811691916472,0.0,0.0026701599711194826,0.29825699543190526,0.0,0.3894981108156335,0.225,0.0,0.38999999999999996,1.5,129.92165962677484,0.01598935582967586,True,False,False
2.945,0.07319178107341022,0.2942048441040976,0.013461494446055705,0.006127111546488248,-0.05672811691916472,0.0,0.0026701599711194826,0.2981900657156733,0.0,0.38949890396785186,0.225,0.0,0.38999999999999996,1.5,129.92166249462772,0.01568314713684347,True,False,False
2.95,0.07312410407664009,0.29244584695345616,0.013609438990220189,0.006152929840767487,-0.055612258542551495,0.0,0.0024110723355277456,0.2981223927916663,0.0,0.389499730639993,0.225,0.0,0.38999999999999996,1.5,129.91812027206967,0.01713793012913039,True,False,False
2.955,0.07305569140846882,0.29067949645606284,0.013755814150218575,0.006178448108113571,-0.055612258542551495,0.0,0.0024110723355277456,0.2980539843871098,0.0,0.3895005880084089,0.225,0.0,0.38999999999999996,1.5,129.91812332747088,0.016778177146983427,True,False,False
2.96,0.0729865508590407,0.2889059043209464,0.01390063997421189,0.006203482198881947,-0.055612258542551495,0.0,0.0024110723355277456,0.2979848482726556,0.0,0.3895014732536981,0.225,0.0,0.38999999999999996,1.5,129.9181264022,0.016424669001071413,True,False,False
2.965,0.07291669019775963,0.2871252121382791,0.014043911360619622,0.00622801307487086,-0.055612258542551495,0.0,0.0024110723355277456,0.2979149922218423,0.0,0.3895023870130987,0.225,0.0,0.38999999999999996,1.5,129.91812949409777,0.01607726927371178,True,False,False
2.97,0.07284611721950515,0.2853375660704389,0.014185623448712754,0.0062520276276041165,-0.055612258542551495,0.0,0.0024110723355277456,0.2978444240337653,0.0,0.3895033299416313,0.225,0.0,0.38999999999999996,1.5,129.91813260107665,0.01573584485258797,True,False,False
2.975,0.07277483974354398,0.28354311536591376,0.014325771577271587,0.006275517188209996,-0.055612258542551495,0.0,0.0024110723355277456,0.2977731515319455,0.0,0.3895043027062728,0.225,0.0,0.38999999999999996,1.5,129.91813572111928,0.015400265308465111,True,False,False
2.98,0.07270286561260612,0.2817420112582378,0.01446435125506228,0.006298476385826567,-0.055612258542551495,0.0,0.0024110723355277456,0.29770118256337263,0.0,0.3895053059816113,0.225,0.0,0.38999999999999996,1.5,129.91813885227802,0.015070402484257672,True,False,False
2.985,0.07263020269209036,0.2799344061597923,0.014601358139682248,0.006320902282489294,-0.055612258542551495,0.0,0.0024110723355277456,0.297628524997686,0.0,0.3895063404466328,0.225,0.0,0.38999999999999996,1.5,129.9181419926721,0.01474613022699716,True,False,False
2.99,0.0725568588693595,0.278120453049336,0.014736788022344268,0.006342793722693078,-0.055612258542551495,0.0,0.0024110723355277456,0.2975551867264503,0.0,0.38950740678234286,0.225,0.0,0.38999999999999996,1.5,129.9181451404882,0.014427324216235164,True,False,False
2.995,0.07248284205310408,0.2763003050446328,0.014870636816885822,0.006364150847047245,-0.055612258542551495,0.0,0.0024110723355277456,0.2974811756625046,0.0,0.3895085056700365,0.225,0.0,0.38999999999999996,1.5,129.91814829397805,0.01411386185751657,True,False,False
3.0,0.1665621255255921,0.27447411508350655,0.015002900551795753,0.006384974729900929,-0.05460812648068922,0.015,0.0021379010052534823,0.29740649973936145,0.0,0.38950963779004366,0.225,0.15,0.38999999999999996,1.5,129.9144329451417,0.01604081502265265,True,False,False
3.005,0.16652940965123994,0.27264201313576575,0.0151335431567364,0.00640542704375097,-0.05460812648068922,0.015,0.0021379010052534823,0.2973311669410357,-2.4171067747799193e-08,0.3895108002273048,0.225,0.15,0.38999999999999996,1.5,129.91443627524143,0.016019265077523305,True,False,False
3.0100000000000002,0.16649648330742126,0.2708041292793479,0.015262594052310634,0.006425343861340425,-0.05460812648068922,0.015,0.0021379010052534823,0.2972551852855483,-9.666461514099425e-08,0.38951199006608495,0.225,0.15,0.38999999999999996,1.5,129.91443962233487,0.01599750609623276,True,False,False
3.015,0.16646335069214244,0.2689606198909549,0.015390049514404381,0.00644471194953654,-0.05460812648068922,0.015,0.0021379010052534823,0.2971785627866784,-2.1743734810991998e-07,0.3895132079982079,0.225,0.15,0.38999999999999996,1.5,129.91444298426458,0.015975538675370354,True,False,False
3.02,0.16643001600019472,0.2671116443292846,0.015515906040308305,0.006463523369090792,-0.05460812648068922,0.015,0.0021379010052534823,0.2971013074760766,-3.86439012907506e-07,0.38951445472700774,0.225,0.15,0.38999999999999996,1.5,129.91444635894982,0.015953363413876855,True,False,False
3.025,0.16639648342244923,0.26525736362650515,0.015640160311463976,0.006481774123594205,-0.05460812648068922,0.015,0.0021379010052534823,0.2970234274022392,-6.036124213331425e-07,0.3895157309621126,0.225,0.15,0.38999999999999996,1.5,129.91444974438556,0.015930980913032952,True,False,False
3.0300000000000002,0.16636275714521773,0.26339793950615603,0.015762809166679527,0.006499463123328619,-0.05460812648068922,0.015,0.0021379010052534823,0.29694493062963845,-8.688934744169398e-07,0.389517037415627,0.225,0.15,0.38999999999999996,1.5,129.9144531386402,0.015908391776446106,True,False,False
3.035,0.16632884134966994,0.2615335336734964,0.015883849582767482,0.006516591399009478,-0.05460812648068922,0.015,0.0021379010052534823,0.29686582523798294,-1.1822111859717758e-06,0.3895183747992892,0.225,0.15,0.38999999999999996,1.5,129.91445653985505,0.015885596610037685,True,False,False
3.04,0.16629474021128826,0.2596643072975702,0.016003278660461084,0.006533161509658682,-0.05460812648068922,0.015,0.0021379010052534823,0.2967861193215626,-1.5434877060155464e-06,0.38951974382245025,0.225,0.15,0.38999999999999996,1.5,129.91445994624172,0.01586259602202993,True,False,False
3.045,0.166260457899355,0.25779042063507784,0.016121093614102022,0.006549177098976316,-0.05460812648068922,0.015,0.0021379010052534823,0.29670582098866644,-1.95263834406581e-06,0.38952114519058023,0.225,0.15,0.38999999999999996,1.5,129.91446335608157,0.01583939062293333,True,False,False
3.0500000000000003,0.16622599857646053,0.2559120327789385,0.016237291764036092,0.006564642564013789,-0.05370898689785906,0.01504832059110917,0.0018487059380244697,0.29662493836104464,-2.409571592308708e-06,0.3895225796042417,0.225,0.15,0.38999999999999996,1.5,129.910548273666,0.015868132665962032,True,False,False
3.055,0.16619136649503577,0.2540292806825126,0.016351831109052053,0.006579708784732249,-0.05370898689785906,0.01504832059110917,0.0018487059380244697,0.29654347960241956,-2.9142708044092505e-06,0.3895240439818777,0.225,0.15,0.38999999999999996,1.5,129.9105518474554,0.015844449384667347,True,False,False
3.06,0.16615656590518582,0.25214230046475977,0.016464744013428255,0.006594226405861992,-0.05370898689785906,0.01504832059110917,0.0018487059380244697,0.29646145290195536,-3.4667123904386246e-06,0.38952553523760736,0.225,0.15,0.38999999999999996,1.5,129.9105554301053,0.015820562455056513,True,False,False
3.065,0.16612160095437717,0.2502512514750569,0.01657602817471793,0.00660818676456706,-0.05370898689785906,0.01504832059110917,0.0018487059380244697,0.2963788664382025,-4.066784173582973e-06,0.3895270540709933,0.225,0.15,0.38999999999999996,1.5,129.91055901957,0.01579647249862646,True,False,False
3.0700000000000003,0.16608647578120067,0.2483562948491027,0.016685681483313612,0.006621585840237837,-0.05370898689785906,0.01504832059110917,0.0018487059380244697,0.2962957284006863,-4.714367233304087e-06,0.3895286011882871,0.225,0.15,0.38999999999999996,1.5,129.9105626138828,0.01577218013912066,True,False,False
3.075,0.1660511945147444,0.246457592346525,0.01679370198974258,0.006634423040830974,-0.05370898689785906,0.01504832059110917,0.0018487059380244697,0.2962120469889945,-5.40933592792084e-06,0.38953017729787903,0.225,0.15,0.38999999999999996,1.5,129.91056621115445,0.015747686002515582,True,False,False
3.08,0.16601576127402684,0.24455530551958551,0.016900087881195652,0.0066467002719928225,-0.05370898689785906,0.01504832059110917,0.0018487059380244697,0.2961278304120053,-6.151557917065484e-06,0.3895317831069923,0.225,0.15,0.38999999999999996,1.5,129.91056980957123,0.015722990717007248,True,False,False
3.085,0.16598018016748145,0.24264959508810624,0.017004837464598348,0.006658421230655234,-0.05370898689785906,0.01504832059110917,0.0018487059380244697,0.2960430868872317,-6.940894184027788e-06,0.389533419319265,0.225,0.15,0.38999999999999996,1.5,129.91057340739303,0.015698094912997937,True,False,False
3.09,0.16594445529247714,0.2407406205212153,0.017107949154335746,0.006669590873083037,-0.05370898689785906,0.01504832059110917,0.0018487059380244697,0.29595782464024634,-7.777199057988519e-06,0.3895350866330359,0.225,0.15,0.38999999999999996,1.5,129.91057700295212,0.015672999223083007,True,False,False
3.095,0.16590859073486647,0.23882853973203996,0.01720942146330492,0.006680215016437117,-0.05370898689785906,0.01504832059110917,0.0018487059380244697,0.2958720519041668,-8.660320236143899e-06,0.38953678574015466,0.225,0.15,0.38999999999999996,1.5,129.91058059465132,0.0156477042820378,True,False,False
3.1,0.16587259056855436,0.23691350887164744,0.01730925299636138,0.006690300041377113,-0.052897983454396766,0.015096264776399327,0.0015452624813639046,0.2957857769191834,-9.590098805722574e-06,0.38953851732517464,0.225,0.15,0.38999999999999996,1.5,129.90648729416148,0.015673985758501638,True,False,False
3.105,0.16583645895089705,0.23499566287669726,0.017407399004884944,0.006699988437280768,-0.052897983454396766,0.015096264776399327,0.0015452624813639046,0.29569900795969783,-1.0566450115696218e-05,0.38954027812476566,0.225,0.15,0.38999999999999996,1.5,129.9064910283265,0.015648224619462314,True,False,False
3.11,0.16580020003118373,0.23307513531840868,0.017503897524949397,0.00670914343728378,-0.052897983454396766,0.015096264776399327,0.0015452624813639046,0.295611753318051,-1.158928278589633e-05,0.389542064869208,0.225,0.15,0.38999999999999996,1.5,129.9064947630201,0.015622265470157572,True,False,False
3.115,0.1657638178518937,0.23115208070887733,0.01759874749209412,0.006717759286782789,-0.052897983454396766,0.015096264776399327,0.0015452624813639046,0.295524021270591,-1.2658417868463808e-05,0.3895438782345249,0.225,0.15,0.38999999999999996,1.5,129.9064984963792,0.015596108955909542,True,False,False
3.12,0.16572731644164404,0.22922665459886857,0.017691948011432417,0.006725834312836365,-0.052897983454396766,0.015096264776399327,0.0015452624813639046,0.2954358200985481,-1.3773669874589682e-05,0.38954571890042416,0.225,0.15,0.38999999999999996,1.5,129.9065022266188,0.015569755724172329,True,False,False
3.125,0.1656906998146388,0.22729901256259086,0.017783498328888744,0.006733369829808217,-0.052897983454396766,0.015096264776399327,0.0015452624813639046,0.29534715808721806,-1.4934846796041575e-05,0.38954758754633256,0.225,0.15,0.38999999999999996,1.5,129.90650595203044,0.015543206424518346,True,False,False
3.13,0.16565397197017465,0.22536930947062406,0.01787339781065032,0.00674036930048337,-0.052897983454396766,0.015096264776399327,0.0015452624813639046,0.2952580435252762,-1.6141750126581317e-05,0.38954948484849433,0.225,0.15,0.38999999999999996,1.5,129.90650967097977,0.015516461708624701,True,False,False
3.1350000000000002,0.16561713689219104,0.22343769896873078,0.01796164592843188,0.0067468377000200795,-0.052897983454396766,0.015096264776399327,0.0015452624813639046,0.2951684847041912,-1.7394174883287844e-05,0.3895514114779342,0.225,0.15,0.38999999999999996,1.5,129.90651338190514,0.01548952223025971,True,False,False
3.14,0.1655801985488539,0.22150433311741957,0.01804824224887341,0.006752781037576146,-0.052897983454396766,0.015096264776399327,0.0015452624813639046,0.29507848991771357,-1.8691909627786656e-05,0.3895533680990208,0.225,0.15,0.38999999999999996,1.5,129.9065170833154,0.015462388645269535,True,False,False
3.145,0.1655431608921644,0.2195693621523156,0.018133186425891755,0.006758205998644785,-0.052897983454396766,0.015096264776399327,0.0015452624813639046,0.2949880674614167,-2.0034736487387313e-05,0.3895553553684974,0.225,0.15,0.38999999999999996,1.5,129.90652077378843,0.015435061611564884,True,False,False
3.15,0.16550602785758656,0.21763293432427794,0.018216478195158068,0.0067631196787700095,-0.05215631522111767,0.015143148061283244,0.0012316577722728751,0.29489722563227594,-2.142243117613047e-05,0.3895573739348772,0.225,0.15,0.38999999999999996,1.5,129.90230123190116,0.01545820166285518,True,False,False
3.1550000000000002,0.16546880345708387,0.2156951776394633,0.018298070353969877,0.0067676570795281886,-0.05215631522111767,0.015143148061283244,0.0012316577722728751,0.2948059727542854,-2.2854842013024295e-05,0.38955942038255753,0.225,0.15,0.38999999999999996,1.5,129.90230504420242,0.015430421597630826,True,False,False
3.16,0.16543149168959145,0.21375621856737473,0.018378005947785665,0.006771690540284656,-0.05215631522111767,0.015143148061283244,0.0012316577722728751,0.2947143171628269,-2.4331810791247304e-05,0.3895614912888483,0.225,0.15,0.38999999999999996,1.5,129.90230884930088,0.015402449408483398,True,False,False
3.165,0.16539409644500566,0.21181620294964906,0.018456285010621503,0.006775215757468907,-0.05215631522111767,0.015143148061283244,0.0012316577722728751,0.29462226717284573,-2.585309379116112e-05,0.38956358729061336,0.225,0.15,0.38999999999999996,1.5,129.90231264555192,0.015374285763369811,True,False,False
3.17,0.1653566215950246,0.20987527731058328,0.01853290772923243,0.0067782320765067015,-0.05215631522111767,0.015143148061283244,0.0012316577722728751,0.29452983109871894,-2.7418440945374002e-05,0.38956570902696813,0.225,0.15,0.38999999999999996,1.5,129.90231643138617,0.015345931332259125,True,False,False
3.1750000000000003,0.16531907099266724,0.20793358796692565,0.018607874417552794,0.006780741493607996,-0.05215631522111767,0.015143148061283244,0.0012316577722728751,0.29443701725351024,-2.9027595859395176e-05,0.38956785713573877,0.225,0.15,0.38999999999999996,1.5,129.90232020530715,0.015317386787118692,True,False,False
3.18,0.1652814484718439,0.20599128037647169,0.01868118549854368,0.006782747891302656,-0.05215631522111767,0.015143148061283244,0.0012316577722728751,0.29434383394834274,-3.068029583219427e-05,0.38957003225091713,0.225,0.15,0.38999999999999996,1.5,129.90232396588954,0.015288652801900478,True,False,False
3.185,0.1652437578469681,0.20404849868594874,0.01875284149127375,0.0067842564595816,-0.05215631522111767,0.015143148061283244,0.0012316577722728751,0.29425028949186394,-3.2376271876681036e-05,0.3895722350008596,0.225,0.15,0.38999999999999996,1.5,129.9023277117772,0.015259730052527478,True,False,False
3.19,0.16520600291259777,0.20210538541764772,0.0188228430017146,0.006785273261328925,-0.05215631522111767,0.015143148061283244,0.0012316577722728751,0.29415639218977446,-3.4115248740106916e-05,0.38957446600707407,0.225,0.15,0.38999999999999996,1.5,129.90233144168104,0.015230619216880186,True,False,False
3.1950000000000003,0.16516818744310047,0.20016208128057175,0.018891190716187597,0.006785804908222903,-0.05215631522111767,0.015143148061283244,0.0012316577722728751,0.29406215034440664,-3.58969449243902e-05,0.38957672588341163,0.225,0.15,0.38999999999999996,1.5,129.90233515437737,0.015201320974783147,True,False,False
3.2,0.16513031519233565,0.19821872503377735,0.01895788539671599,0.006785858320265318,-0.0514683378324859,0.015188297395769284,0.0009129072234697199,0.2939675722543357,-3.7721072706366115e-05,0.389579015235584,0.225,0.15,0.38999999999999996,1.5,129.89805401336827,0.015220652703112908,True,False,False
3.205,0.1650923899830665,0.19627543618831553,0.019022877978253867,0.006785561786897374,-0.0514683378324859,0.015188297395769284,0.0009129072234697199,0.2938726662382936,-3.958741426006393e-05,0.3895813305502624,0.225,0.15,0.38999999999999996,1.5,129.89805782948196,0.015190916054734993,True,False,False
3.21,0.16505441562077566,0.1943323327752019,0.01908621567046784,0.006784794221917276,-0.0514683378324859,0.015188297395769284,0.0009129072234697199,0.2937774406205409,-4.14957454282303e-05,0.3895836683072761,0.225,0.15,0.38999999999999996,1.5,129.89806163172526,0.015160993414185562,True,False,False
3.215,0.1650163958015903,0.19238955114040612,0.01914789951513773,0.006783551776753267,-0.0514683378324859,0.015188297395769284,0.0009129072234697199,0.29368190370118297,-4.344575962987625e-05,0.38958602910060613,0.225,0.15,0.38999999999999996,1.5,129.89806541868117,0.015130885470784642,True,False,False
3.22,0.16497833419970037,0.19044722824708904,0.01920793069570863,0.006781833938455776,-0.0514683378324859,0.015188297395769284,0.0009129072234697199,0.29358606377473406,-4.543714412197981e-05,0.38958841352611406,0.225,0.15,0.38999999999999996,1.5,129.89806918900325,0.015100592915740573,True,False,False
3.225,0.164940234466941,0.18850550083258663,0.019266310514236867,0.006779642606843449,-0.0514683378324859,0.015188297395769284,0.0009129072234697199,0.29348992912941907,-4.746958001943979e-05,0.38959082217831065,0.225,0.15,0.38999999999999996,1.5,129.89807294141352,0.015070116442136114,True,False,False
3.23,0.1649021002324214,0.18656450484384274,0.01932304037510904,0.006776981388434584,-0.0514683378324859,0.015188297395769284,0.0009129072234697199,0.2933935080465822,-4.9542742314946166e-05,0.3895932556480395,0.225,0.15,0.38999999999999996,1.5,129.8980766747004,0.01503945674491465,True,False,False
3.235,0.16486393510219272,0.18462437501193932,0.01937812177353664,0.006773855062515052,-0.0514683378324859,0.015188297395769284,0.0009129072234697199,0.29329680880018055,-5.1656299898783204e-05,0.38959571452086456,0.225,0.15,0.38999999999999996,1.5,129.898080387717,0.015008614520866529,True,False,False
3.24,0.16482574265894326,0.18268524458012067,0.019431556287433052,0.006770269181018102,-0.0514683378324859,0.015188297395769284,0.0009129072234697199,0.29319983965633745,-5.380991557856889e-05,0.3895981993759735,0.225,0.15,0.38999999999999996,1.5,129.8980840793787,0.014977590468615408,True,False,False
3.245,0.16478752646171485,0.18074724514246426,0.019483345571699458,0.00676622977083692,-0.0514683378324859,0.015188297395769284,0.0009129072234697199,0.29310260887293743,-5.6003246098930465e-05,0.38960071078548664,0.225,0.15,0.38999999999999996,1.5,129.89808774866177,0.014946385288604695,True,False,False
3.25,0.16474929004563676,0.17881050651401428,0.019533491354237608,0.006761743113665383,-0.05082383615638173,0.015231050434056996,0.000593913609715383,0.2930051246992551,-5.8235942161119975e-05,0.38960324931402734,0.225,0.15,0.38999999999999996,1.5,129.89380873697627,0.014961256602018604,True,False,False
3.255,0.164711037006474,0.1768751402573665,0.019581943464090736,0.006756931260301628,-0.05082383615638173,0.015231050434056996,0.000593913609715383,0.2929073953980003,-6.050772060330166e-05,0.3896058114125863,0.225,0.15,0.38999999999999996,1.5,129.8938124936263,0.014929629075255801,True,False,False
3.2600000000000002,0.16467277091908605,0.17494125662045412,0.01962875237037091,0.006751678357786658,-0.05082383615638173,0.015231050434056996,0.000593913609715383,0.29280942923196795,-6.281829212073523e-05,0.3896083935260054,0.225,0.15,0.38999999999999996,1.5,129.89381623097734,0.014897821929781762,True,False,False
3.265,0.1646344952504849,0.17300898340302873,0.019673920072308917,0.006745980515476591,-0.05082383615638173,0.015231050434056996,0.000593913609715383,0.2927112344365569,-6.516728911437561e-05,0.38961099620864204,0.225,0.15,0.38999999999999996,1.5,129.89381994783236,0.0148658358749409,True,False,False
3.27,0.16459621344255737,0.1710784490609029,0.019717448703796263,0.006739836951308317,-0.05082383615638173,0.015231050434056996,0.000593913609715383,0.29261281923679094,-6.755433800334897e-05,0.38961362001688665,0.225,0.15,0.38999999999999996,1.5,129.8938236430594,0.014833671621839009,True,False,False
3.275,0.16455792891170548,0.16914978193777794,0.019759340512293923,0.006733249129724159,-0.05082383615638173,0.015231050434056996,0.000593913609715383,0.2925141918466488,-6.997905924436483e-05,0.3896162655061448,0.225,0.15,0.38999999999999996,1.5,129.89382731558976,0.014801329883329302,True,False,False
3.2800000000000002,0.16451964504853067,0.1672231097153138,0.01979959784399845,0.006726220102603154,-0.05082383615638173,0.015231050434056996,0.000593913609715383,0.2924153604684925,-7.24410673510539e-05,0.38961893322869545,0.225,0.15,0.38999999999999996,1.5,129.8938309644158,0.014768811373998577,True,False,False
3.285,0.16448136521755433,0.1652985590531141,0.01983822313341025,0.00671875401137649,-0.05082383615638173,0.015231050434056996,0.000593913609715383,0.29231633329257634,-7.493997091325036e-05,0.38962162373217657,0.225,0.15,0.38999999999999996,1.5,129.89383458858921,0.014736116810153453,True,False,False
3.29,0.16444309275696367,0.16337625530504285,0.019875218896012504,0.006710855714423593,-0.05082383615638173,0.015231050434056996,0.000593913609715383,0.2922171184966095,-7.747537261622009e-05,0.38962433755858283,0.225,0.15,0.38999999999999996,1.5,129.89383818721907,0.014703246909806669,True,False,False
3.295,0.1644048309783785,0.1614563223815606,0.01991058772315992,0.006702530510349604,-0.05082383615638173,0.015231050434056996,0.000593913609715383,0.292117724245359,-8.004686925983944e-05,0.38962707524361206,0.225,0.15,0.38999999999999996,1.5,129.89384175946992,0.014670202392663386,True,False,False
3.3000000000000003,0.1643665831666329,0.1595388826379871,0.019944332278547132,0.0066937839338097795,-0.05021817860608015,0.015270754986161048,0.0002788688143881544,0.2920181586902807,-8.265405177772435e-05,0.38962983731628653,0.225,0.15,0.38999999999999996,1.5,129.8896197509797,0.014679976368751084,True,False,False
3.305,0.1643283526582805,0.15762404114633816,0.019976402069187858,0.006684731922692021,-0.05021817860608015,0.015270754986161048,0.0002788688143881544,0.291918429989578,-8.529657242556313e-05,0.389632620249306,0.225,0.15,0.38999999999999996,1.5,129.88962339635415,0.014646526973242598,True,False,False
3.31,0.16429014276591003,0.1557119018786203,0.02000684996653089,0.006675263579200688,-0.05021817860608015,0.015270754986161048,0.0002788688143881544,0.2918185462962941,-8.797407750087041e-05,0.38963542050999755,0.225,0.15,0.38999999999999996,1.5,129.8896270182218,0.014612904569755902,True,False,False
3.315,0.16425195669749632,0.15380258562301505,0.02003567890258394,0.006665374877667823,-0.05021817860608015,0.015270754986161048,0.0002788688143881544,0.2917185157331038,-9.068614018306991e-05,0.3896382386189035,0.225,0.15,0.38999999999999996,1.5,129.8896306155899,0.014579109886263299,True,False,False
3.3200000000000003,0.16421379763322777,0.15189621390032004,0.02006289193913591,0.006655064720588191,-0.05021817860608015,0.015270754986161048,0.0002788688143881544,0.29161834640763945,-9.34323278462483e-05,0.38964107509883894,0.225,0.15,0.38999999999999996,1.5,129.88963418752522,0.014545143652369025,True,False,False
3.325,0.16417566872520278,0.1499929082290888,0.020088492248281364,0.00664433412984549,-0.05021817860608015,0.015270754986161048,0.0002788688143881544,0.29151804641183865,-9.621220207817058e-05,0.3896439304720535,0.225,0.15,0.38999999999999996,1.5,129.88963773315223,0.014511006599295313,True,False,False
3.33,0.16413757309716812,0.14809278961353728,0.02011248309874998,0.0066331856286703655,-0.05021817860608015,0.015270754986161048,0.0002788688143881544,0.2914176238213854,-9.902531869922898e-05,0.38964680525821116,0.225,0.15,0.38999999999999996,1.5,129.88964125165054,0.014476699459868427,True,False,False
3.335,0.16409951384429097,0.14619597819001562,0.02013486784631189,0.006621622775021,-0.05021817860608015,0.015270754986161048,0.0002788688143881544,0.29131708669522693,-0.0001018712277813448,0.38964969997295346,0.225,0.15,0.38999999999999996,1.5,129.88964474225423,0.014442222968504973,True,False,False
3.34,0.16406149403295572,0.14430259297614498,0.020155649927056284,0.006609649812638607,-0.05021817860608015,0.015270754986161048,0.0002788688143881544,0.2912164430751401,-0.00010474947366682619,0.3896526151269494,0.225,0.15,0.38999999999999996,1.5,129.88964820424886,0.014407577861198024,True,False,False
3.345,0.16402351670058,0.14241275171699982,0.02017483285270681,0.0065972714121435,-0.05021817860608015,0.015270754986161048,0.0002788688143881544,0.29111570098533696,-0.00010765959498718556,0.3896555512252673,0.225,0.15,0.38999999999999996,1.5,129.88965163697065,0.014372764875503454,True,False,False
3.35,0.16398558485544495,0.14052657078574654,0.020192420207388727,0.006584492480237888,-0.0496512209958343,0.01530676866771266,-2.8950940586101436e-05,0.2910148684320947,-0.00011060112468192015,0.3896585087670061,0.225,0.15,0.38999999999999996,1.5,129.88552980229173,0.014376819702364058,True,False,False
3.355,0.16394770154804478,0.13864415027302243,0.020208361888149663,0.006571422659402858,-0.0496512209958343,0.01530676866771266,-2.8950940586101436e-05,0.29091395342175524,-0.00011357365114475726,0.38966148429314895,0.225,0.15,0.38999999999999996,1.5,129.88553329496986,0.01434162068925185,True,False,False
3.36,0.16390986980238262,0.13676558930873206,0.020222712423369146,0.006557956484494898,-0.0496512209958343,0.01530676866771266,-2.8950940586101436e-05,0.29081296395032524,-0.00011657675699459748,0.3896644743399364,0.225,0.15,0.38999999999999996,1.5,129.88553676103686,0.014306255511058947,True,False,False
3.365,0.16387209254272356,0.13489100304587062,0.02023547566350051,0.0065440899578077865,-0.0496512209958343,0.01530676866771266,-2.8950940586101436e-05,0.29071190798060703,-0.00011960995795763382,0.38966747939934226,0.225,0.15,0.38999999999999996,1.5,129.8855401996868,0.014270724912938536,True,False,False
3.37,0.16383437266340883,0.1330205073814826,0.020246655584352236,0.006529821841155728,-0.0496512209958343,0.01530676866771266,-2.8950940586101436e-05,0.29061079345575924,-0.00012267276412914236,0.3896704999656781,0.225,0.15,0.38999999999999996,1.5,129.88554361016782,0.014235029641544404,True,False,False
3.375,0.16379671302860863,0.1311542182766922,0.02025625626906195,0.006515152899031172,-0.0496512209958343,0.01530676866771266,-2.8950940586101436e-05,0.29050962829866034,-0.0001257646799922309,0.3896735365329401,0.225,0.15,0.38999999999999996,1.5,129.8855469917797,0.014199170445016927,True,False,False
3.38,0.16375911647211605,0.12929225126746477,0.0202642818954441,0.006500085320343126,-0.0496512209958343,0.01530676866771266,-2.8950940586101436e-05,0.2904084204113641,-0.00012888520443652706,0.38967658959287294,0.225,0.15,0.38999999999999996,1.5,129.88555034387232,0.0141631480729692,True,False,False
3.3850000000000002,0.16372158579717105,0.12743472112311405,0.02027073672710279,0.006484622281915876,-0.0496512209958343,0.01530676866771266,-2.8950940586101436e-05,0.2903071776746217,-0.00013203383077682563,0.3896796596336258,0.225,0.15,0.38999999999999996,1.5,129.885553665844,0.014126963276473217,True,False,False
3.39,0.16368412377630912,0.1255817416159457,0.020275625107194554,0.006468767622138927,-0.0496512209958343,0.01530676866771266,-2.8950940586101436e-05,0.2902059079474545,-0.00013521004677170066,0.38968274713882933,0.225,0.15,0.38999999999999996,1.5,129.88555695713976,0.01409061680804609,True,False,False
3.395,0.16364673315122713,0.12373342536681306,0.020278951454065493,0.006452525598885679,-0.0496512209958343,0.01530676866771266,-2.8950940586101436e-05,0.2901046190667606,-0.00013841333464208416,0.3896858525869966,0.225,0.15,0.38999999999999996,1.5,129.88556021724932,0.014054109421636223,True,False,False
3.4,0.1636094166326649,0.1218898837509158,0.020280720258221942,0.006435900711158434,-0.04912572128504519,0.01533845874220945,-0.0003271171746699114,0.2900033188469491,-0.00014164317108981912,0.3896889764511443,0.225,0.15,0.38999999999999996,1.5,129.88157075184247,0.014051838089276753,True,False,False
3.4050000000000002,0.16357217696355184,0.12005121285972939,0.020280882398085037,0.006418995897951268,-0.04912572128504519,0.01533845874220945,-0.0003271171746699114,0.2899020150958531,-0.00014489908135689513,0.389692115374971,0.225,0.15,0.38999999999999996,1.5,129.8815740592363,0.014014964881917402,True,False,False
3.41,0.1635350168583267,0.11821750792873448,0.020279493443392284,0.0064017120174784045,-0.04912572128504519,0.01533845874220945,-0.0003271171746699114,0.289800715605825,-0.00014818058509434814,0.3896952659978216,0.225,0.15,0.38999999999999996,1.5,129.88157733787253,0.013977932578820037,True,False,False
3.415,0.16349793893814482,0.11638887923122992,0.020276558146841574,0.006384045374484197,-0.04912572128504519,0.01533845874220945,-0.0003271171746699114,0.2896994281332572,-0.00015148714233171405,0.3896984287861689,0.225,0.15,0.38999999999999996,1.5,129.88158058711625,0.01394074194082785,True,False,False
3.42,0.1634609457926331,0.1145654377405439,0.02027208138136265,0.0063659948520160894,-0.04912572128504519,0.01533845874220945,-0.0003271171746699114,0.2895981604103708,-0.00015481820764143224,0.3897016042086534,0.225,0.15,0.38999999999999996,1.5,129.8815838063798,0.01390339373015171,True,False,False
3.4250000000000003,0.16342403997970406,0.11274729447360951,0.02026606812351356,0.0063475612093726735,-0.04912572128504519,0.01533845874220945,-0.0003271171746699114,0.28949692014460665,-0.000158173230157446,0.38970479273353503,0.225,0.15,0.38999999999999996,1.5,129.88158699512283,0.013865888710356466,True,False,False
3.43,0.16338722402540426,0.11093456005111925,0.02025852344180929,0.006328746545689389,-0.04912572128504519,0.01533845874220945,-0.0003271171746699114,0.28939571501809447,-0.00016155165359373833,0.3897079948269219,0.225,0.15,0.38999999999999996,1.5,129.88159015284907,0.013828227646346938,True,False,False
3.435,0.16335050042379268,0.10912734435976477,0.02024945248850194,0.0063095538949983045,-0.04912572128504519,0.01533845874220945,-0.0003271171746699114,0.2892945526871874,-0.0001649529162628356,0.3897112109514992,0.225,0.15,0.38999999999999996,1.5,129.88159327910515,0.013790411304354117,True,False,False
3.44,0.16331387163684208,0.10732575634262415,0.020238860493786086,0.006289986923436233,-0.04912572128504519,0.01533845874220945,-0.0003271171746699114,0.2891934407820451,-0.00016837645109428107,0.3897144415656439,0.225,0.15,0.38999999999999996,1.5,129.88159637347928,0.013752440451921427,True,False,False
3.4450000000000003,0.16327734009435718,0.10552990384011253,0.020226752761716968,0.006270049704590344,-0.04912572128504519,0.01533845874220945,-0.0003271171746699114,0.289092386906248,-0.00017182168565308393,0.3897176871228464,0.225,0.15,0.38999999999999996,1.5,129.88159943559964,0.013714315857890992,True,False,False
3.45,0.1632409081939057,0.10373989350895835,0.02021313466734521,0.0062497465539254555,-0.04864580105656084,0.015365202141337317,-0.0006138416411110448,0.2889913986364348,-0.00017528804215814674,0.38972094807136604,0.225,0.15,0.38999999999999996,1.5,129.87776615567574,0.01370512579549943,True,False,False
3.455,0.16320457835477828,0.10195581778836345,0.02019795853509116,0.006229173166825942,-0.04864580105656084,0.015365202141337317,-0.0006138416411110448,0.28889048353615454,-0.00017877498341998063,0.38972422118166156,0.225,0.15,0.38999999999999996,1.5,129.87776925260684,0.01366665691478918,True,False,False
3.46,0.16316835296630916,0.10017776826285643,0.02018128047469538,0.006208237740713443,-0.04864580105656084,0.015365202141337317,-0.0006138416411110448,0.28878964914838673,-0.0001822819668440871,0.38972750321998983,0.225,0.15,0.38999999999999996,1.5,129.87777231945816,0.013628036227859259,True,False,False
3.465,0.16313223433252988,0.09840585042541049,0.020163106115356363,0.006186937159617161,-0.04864580105656084,0.015365202141337317,-0.0006138416411110448,0.288688902977468,-0.0001858083985225773,0.3897307946278972,0.225,0.15,0.38999999999999996,1.5,129.87777535575134,0.013589264509713893,True,False,False
3.47,0.16309622472488786,0.09664017031795644,0.020143441200093162,0.00616527067921986,-0.04864580105656084,0.015365202141337317,-0.0006138416411110448,0.2885882524991687,-0.00018935367926500063,0.38973409584859964,0.225,0.15,0.38999999999999996,1.5,129.87777836104985,0.013550342536591306,True,False,False
3.475,0.1630603263821194,0.09488083396805315,0.020122291570621408,0.0061432392846825475,-0.04864580105656084,0.015365202141337317,-0.0006138416411110448,0.2884877051601116,-0.0001929172046168837,0.3897374073246638,0.225,0.15,0.38999999999999996,1.5,129.8777813349582,0.013511271085949964,True,False,False
3.48,0.1630245415101554,0.09312794694411243,0.020099663156697728,0.006120845199923788,-0.04864580105656084,0.015365202141337317,-0.0006138416411110448,0.2883872683772654,-0.0001964983648782121,0.38974072949636085,0.225,0.15,0.38999999999999996,1.5,129.87778427712,0.013472050936454722,True,False,False
3.485,0.16298887228205494,0.09138161407378281,0.02007556196858684,0.006098091517106417,-0.04864580105656084,0.015365202141337317,-0.0006138416411110448,0.28828694953749945,-0.0002000965451218824,0.38974406280049156,0.225,0.15,0.38999999999999996,1.5,129.87778718721643,0.013432682867963088,True,False,False
3.49,0.1629533208379595,0.0896419392345095,0.02004999409172034,0.0060749819195133,-0.04864580105656084,0.015365202141337317,-0.0006138416411110448,0.2881867559971818,-0.00020371112521212827,0.3897474076695605,0.225,0.15,0.38999999999999996,1.5,129.877790064965,0.013393167661511485,True,False,False
3.495,0.16291788928506254,0.08790902520597442,0.02002296568290162,0.006051520475856562,-0.04864580105656084,0.015365202141337317,-0.0006138416411110448,0.2880866950818069,-0.00020734147982292813,0.3897507645312501,0.225,0.15,0.38999999999999996,1.5,129.87779291011816,0.01335350609930157,True,False,False
3.5,0.16288257969759307,0.08618297359347318,0.019994482967608238,0.006027711488596934,-0.04821574638790593,0.015386385643835305,-0.0008877382715978032,0.28798677408564777,-0.00021098697845639856,0.3897541338080691,0.225,0.15,0.38999999999999996,1.5,129.87413429707638,0.01333681891709576,True,False,False
3.505,0.1628473941606492,0.08446387289292105,0.019964500075062966,0.006003642821449685,-0.04821574638790593,0.015386385643835305,-0.0008877382715978032,0.28788700028359304,-0.00021464702223899043,0.3897575124140157,0.225,0.15,0.38999999999999996,1.5,129.8741371647486,0.013296835901832376,True,False,False
3.5100000000000002,0.1628123347284468,0.08275181072966986,0.01993307323545871,0.005979230956190382,-0.04821574638790593,0.015386385643835305,-0.0008877382715978032,0.28778738092499523,-0.00021832100708135796,0.3897608972588648,0.225,0.15,0.38999999999999996,1.5,129.87414000173823,0.013256708583279932,True,False,False
3.515,0.1627774033793623,0.08104688732085426,0.01990020891597714,0.0059544735713754566,-0.04821574638790593,0.015386385643835305,-0.0008877382715978032,0.28768792321799064,-0.00022200828691242838,0.3897642887576911,0.225,0.15,0.38999999999999996,1.5,129.87414280771034,0.013216437749042034,True,False,False
3.52,0.16274260205868227,0.07934920324026626,0.01986591368979752,0.005929370481913553,-0.04821574638790593,0.015386385643835305,-0.0008877382715978032,0.2875886343379496,-0.00022570821055494826,0.38976768732654754,0.225,0.15,0.38999999999999996,1.5,129.8741455823669,0.013176024187822084,True,False,False
3.525,0.16270793267853625,0.07765885892324281,0.01983019422254862,0.005903923062417632,-0.04821574638790593,0.015386385643835305,-0.0008877382715978032,0.28748952142693296,-0.00022942012174403934,0.38977109338038635,0.225,0.15,0.38999999999999996,1.5,129.8741483254447,0.01313546868940947,True,False,False
3.5300000000000002,0.16267339711785936,0.07597595427180458,0.019793057262737942,0.0058781338065109125,-0.04821574638790593,0.015386385643835305,-0.0008877382715978032,0.2873905915932173,-0.0002331433591457017,0.3897745073315652,0.225,0.15,0.38999999999999996,1.5,129.87415103671472,0.01309477204466592,True,False,False
3.535,0.16263899722237998,0.07430058838671799,0.019754509634957316,0.005852005994030877,-0.04821574638790593,0.015386385643835305,-0.0008877382715978032,0.28729185191087686,-0.00023687725637528808,0.38977792958878665,0.225,0.15,0.38999999999999996,1.5,129.87415371598019,0.01305393504551178,True,False,False
3.54,0.16260473480462573,0.07263285936747312,0.01971455823503529,0.005825543442056813,-0.04821574638790593,0.015386385643835305,-0.0008877382715978032,0.2871933094194028,-0.00024062114201595704,0.38978136055636287,0.225,0.15,0.38999999999999996,1.5,129.87415636307568,0.013012958484912402,True,False,False
3.545,0.16257061164394485,0.07097286420734206,0.019673210026562166,0.00579875032005374,-0.04821574638790593,0.015386385643835305,-0.0008877382715978032,0.28709497112335336,-0.00024437433963711276,0.3897848006337251,0.225,0.15,0.38999999999999996,1.5,129.87415897786556,0.012971843156864477,True,False,False
3.5500000000000003,0.16253662948653855,0.06932069870525644,0.019630472038388583,0.005771631013495161,-0.04783924095194343,0.01540140619136652,-0.001147624492890775,0.28699684399202335,-0.00024813616781283517,0.3897882502151111,0.225,0.15,0.38999999999999996,1.5,129.8706907488616,0.01294709458882097,True,False,False
3.555,0.1625027900782762,0.06767644672919494,0.019586300489274823,0.0057442649833898095,-0.04783924095194343,0.01540140619136652,-0.001147624492890775,0.28689893496935176,-0.0002519059667738739,0.38979170637069555,0.225,0.15,0.38999999999999996,1.5,129.87069337424646,0.012905681911377514,True,False,False
3.56,0.16246909513375382,0.06604019122889124,0.019540751357474604,0.005716577767807263,-0.04783924095194343,0.01540140619136652,-0.001147624492890775,0.28680125096896986,-0.00025568307172858,0.38979516616634013,0.225,0.15,0.38999999999999996,1.5,129.87069596898658,0.012864132639777528,True,False,False
3.565,0.16243554630262225,0.0644120263117557,0.019493831897119496,0.005688567970293497,-0.04783924095194343,0.01540140619136652,-0.001147624492890775,0.2867037988608778,-0.0002594667862423703,0.38979862998782455,0.225,0.15,0.38999999999999996,1.5,129.87069853287886,0.01282244757263417,True,False,False
3.5700000000000003,0.16240214520147575,0.06279204623021571,0.019445549459305926,0.0056602360701467685,-0.04783924095194343,0.01540140619136652,-0.001147624492890775,0.2866065854783737,-0.00026325640895368056,0.3898020982211001,0.225,0.15,0.38999999999999996,1.5,129.87070106575104,0.01278062750952586,True,False,False
3.575,0.16236889341384236,0.061180344930123705,0.019395911480222516,0.0056315839163746705,-0.04783924095194343,0.01540140619136652,-0.001147624492890775,0.28650961761755567,-0.00026705123359260015,0.3898055712504795,0.225,0.15,0.38999999999999996,1.5,129.87070356746054,0.012738673250982597,True,False,False
3.58,0.1623357924902021,0.05957701574468568,0.019344925472740186,0.005602614340952679,-0.04783924095194343,0.01540140619136652,-0.001147624492890775,0.28641290203688863,-0.0002708505489994519,0.3898090494573181,0.225,0.15,0.38999999999999996,1.5,129.87070603789363,0.012696585598472448,True,False,False
3.585,0.16230284394802544,0.05798215112501707,0.019292599020416887,0.00557333086675994,-0.04783924095194343,0.01540140619136652,-0.001147624492890775,0.2863164454568158,-0.00027465363914334787,0.3898125332190878,0.225,0.15,0.38999999999999996,1.5,129.87070847696373,0.012654365354387912,True,False,False
3.59,0.16227004927182992,0.056395842486620266,0.019238939773194574,0.005543737489066857,-0.04783924095194343,0.01540140619136652,-0.001147624492890775,0.28622025455940997,-0.0002784597831407268,0.3898160229087291,0.225,0.15,0.38999999999999996,1.5,129.87071088461053,0.012612013322032416,True,False,False
3.595,0.1622374099132482,0.054818180096336454,0.019183955444288494,0.0055138385132837845,-0.04783924095194343,0.01540140619136652,-0.001147624492890775,0.2861243359880472,-0.00028226825527388267,0.38981951889422584,0.225,0.15,0.38999999999999996,1.5,129.87071326079888,0.012569530305606756,True,False,False
3.6,0.16220492729110744,0.05324925301554642,0.019127653807922338,0.005483638435251869,-0.047518992486795114,0.015409671320244412,-0.0013923931674676249,0.28602869634710115,-0.000286078325009488,0.38982302153833354,0.225,0.15,0.38999999999999996,1.5,129.8674500429941,0.01253617038671598,True,False,False
3.605,0.16217260281237006,0.051689139642359806,0.01906999341416402,0.005453207803138824,-0.047518992486795114,0.015409671320244412,-0.0013923931674676249,0.28593334221002487,-0.0002898892725227241,0.3898265280783371,0.225,0.15,0.38999999999999996,1.5,129.86745241851085,0.012493415364155661,True,False,False
3.61,0.1621404378528504,0.050137917376975386,0.01901102963624461,0.005422481781468979,-0.047518992486795114,0.015409671320244412,-0.0013923931674676249,0.2858382801154683,-0.000293700373164657,0.3898300357470871,0.225,0.15,0.38999999999999996,1.5,129.86745476400273,0.012450531655151939,True,False,False
3.615,0.16210843373567616,0.04859567327042427,0.018950770454226357,0.005391459950513619,-0.047518992486795114,0.015409671320244412,-0.0013923931674676249,0.28574351655622915,-0.00029751088197097294,0.3898335448978057,0.225,0.15,0.38999999999999996,1.5,129.86745707938508,0.012407520067712863,True,False,False
3.62,0.16207659175146105,0.047062494328942224,0.01888922393528144,0.0053601434872531635,-0.047518992486795114,0.015409671320244412,-0.0013923931674676249,0.2856490579847906,-0.00030132004923321814,0.3898370558830601,0.225,0.15,0.38999999999999996,1.5,129.86745936459891,0.012364381410677227,True,False,False
3.625,0.16204491315834982,0.0455384671099172,0.018826398223576492,0.005328534733828503,-0.047518992486795114,0.015409671320244412,-0.0013923931674676249,0.28555491081287626,-0.0003051271205175466,0.3898405690532176,0.225,0.15,0.38999999999999996,1.5,129.86746161961022,0.012321116493701111,True,False,False
3.63,0.16201339918208596,0.04402367740669531,0.01876230153308887,0.005296636867781365,-0.047518992486795114,0.015409671320244412,-0.0013923931674676249,0.28546108141105825,-0.0003089313366834204,0.38984408475534865,0.225,0.15,0.38999999999999996,1.5,129.86746384440778,0.012277726127244303,True,False,False
3.6350000000000002,0.1619820510160994,0.04251821017471205,0.01869694214246623,0.005264453653069922,-0.047518992486795114,0.015409671320244412,-0.0013923931674676249,0.28536757610841074,-0.0003127319339022892,0.38984760333241436,0.225,0.15,0.38999999999999996,1.5,129.86746603900335,0.01223421112255699,True,False,False
3.64,0.16195086982160609,0.0410221492290322,0.018630328391316838,0.005231989253836047,-0.047518992486795114,0.015409671320244412,-0.0013923931674676249,0.28527440119219033,-0.0003165281436762536,0.3898511251227491,0.225,0.15,0.38999999999999996,1.5,129.86746820342967,0.012190572291666231,True,False,False
3.645,0.161919856727721,0.039535577271211104,0.018562468677508232,0.005199248096174901,-0.047518992486795114,0.015409671320244412,-0.0013923931674676249,0.28518156290754254,-0.0003203191928567235,0.389854650459686,0.225,0.15,0.38999999999999996,1.5,129.86747033774023,0.012146810447362632,True,False,False
3.65,0.1618890128315783,0.038058575809900304,0.018493371455181016,0.005166234766205249,-0.047256649017403285,0.015410599689746056,-0.0016209568845214459,0.28508906745722323,-0.00032410430366307496,0.3898581796713376,0.225,0.15,0.38999999999999996,1.5,129.86442641029114,0.012104303910962882,True,False,False
3.6550000000000002,0.1618583392065778,0.036591216996879124,0.018422997829072692,0.005133010475618495,-0.047256649017403285,0.015410599689746056,-0.0016209568845214459,0.2849969210079784,-0.00032788269711534195,0.3898617101727099,0.225,0.15,0.38999999999999996,1.5,129.86442853363317,0.012060296611614557,True,False,False
3.66,0.1618278368955734,0.035133572013110174,0.018351402215968066,0.005099520402973246,-0.047256649017403285,0.015410599689746056,-0.0016209568845214459,0.2849051296875872,-0.0003316535896131226,0.3898652393743235,0.225,0.15,0.38999999999999996,1.5,129.86443062809954,0.012016168724108222,True,False,False
3.665,0.16179750690227707,0.03368572017400756,0.018278593254596458,0.005065765100900842,-0.047256649017403285,0.015410599689746056,-0.0016209568845214459,0.28481369957598796,-0.00033541618953738134,0.38986876759379896,0.225,0.15,0.38999999999999996,1.5,129.86443269371094,0.011971921064210274,True,False,False
3.67,0.16176735019889052,0.0322477405821056,0.01820457966059212,0.005031746429231594,-0.047256649017403285,0.015410599689746056,-0.0016209568845214459,0.2847226367095558,-0.00033916970071208867,0.38987229514732313,0.225,0.15,0.38999999999999996,1.5,129.8644347305083,0.011927554448383485,True,False,False
3.6750000000000003,0.16173736772620015,0.03081971178920988,0.01812937021819053,0.004997467200441651,-0.047256649017403285,0.015410599689746056,-0.0016209568845214459,0.2846319470807159,-0.0003429133224231103,0.3898758223483801,0.225,0.15,0.38999999999999996,1.5,129.8644367385519,0.011883069693773667,True,False,False
3.68,0.16170756039368978,0.02940171165723938,0.01805297377431921,0.004962930908843314,-0.047256649017403285,0.015410599689746056,-0.0016209568845214459,0.2845416366375998,-0.0003466462494370562,0.38987934950684666,0.225,0.15,0.38999999999999996,1.5,129.8644387179208,0.011838467618196407,True,False,False
3.685,0.16167792907966896,0.02799381719084354,0.017975399234356003,0.00492814152622634,-0.047256649017403285,0.015410599689746056,-0.0016209568845214459,0.284451711283738,-0.00035036767202010653,0.389882876928364,0.225,0.15,0.38999999999999996,1.5,129.86444066871147,0.01179374904012369,True,False,False
3.69,0.16164847463141316,0.026596104373697745,0.01789665555905533,0.0048931033491235905,-0.047256649017403285,0.015410599689746056,-0.0016209568845214459,0.284362176877779,-0.00035407677595683307,0.3898864049138898,0.225,0.15,0.38999999999999996,1.5,129.86444259103743,0.011748914778670707,True,False,False
3.6950000000000003,0.16161919786531215,0.02520864827164101,0.01781675176229722,0.004857820885569892,-0.047256649017403285,0.015410599689746056,-0.0016209568845214459,0.2842730392332263,-0.0003577727425690134,0.38988993375942815,0.225,0.15,0.38999999999999996,1.5,129.8644444850279,0.011703965653582497,True,False,False
3.7,0.16159009956702713,0.023831522992204864,0.017735696909421117,0.004822298771731404,-0.047052887899067336,0.015403621690291802,-0.0018322487938721055,0.28418430411819257,-0.0003614547487344495,0.38989346375583805,0.225,0.15,0.38999999999999996,1.5,129.86163378563631,0.011651792506040403,True,False,False
3.705,0.16156118048625603,0.02246479488406994,0.017653454881705975,0.004786588558066092,-0.047052887899067336,0.015403621690291802,-0.0018322487938721055,0.28409597726021263,-0.0003651219572855319,0.3898969925066508,0.225,0.15,0.38999999999999996,1.5,129.86163565960496,0.01160662565148782,True,False,False
3.71,0.16153244134317657,0.02110852972942202,0.017570078781596762,0.004750645685644719,-0.047052887899067336,0.015403621690291802,-0.0018322487938721055,0.28400806434407067,-0.0003687735266436824,0.3899005176109158,0.225,0.15,0.38999999999999996,1.5,129.8616375063248,0.0115613464892546,True,False,False
3.715,0.16150388283355918,0.01976280031536197,0.017485577837285125,0.004714471648172263,-0.047052887899067336,0.015403621690291802,-0.0018322487938721055,0.2839205710049692,-0.00037240862045710195,0.3899040393482821,0.225,0.15,0.38999999999999996,1.5,129.86163932590625,0.011515955841208944,True,False,False
3.72,0.16147550562306867,0.018427679756021796,0.01739996134382414,0.004678068954258368,-0.047052887899067336,0.015403621690291802,-0.0018322487938721055,0.28383350283169384,-0.0003760263980089918,0.38990755799624155,0.225,0.15,0.38999999999999996,1.5,129.86164111847543,0.011470454529781434,True,False,False
3.725,0.16144731034740042,0.017103241467594864,0.017313238656666362,0.004641440851046969,-0.047052887899067336,0.015403621690291802,-0.0018322487938721055,0.2837468653662841,-0.00037962601423659485,0.38991107382915924,0.225,0.15,0.38999999999999996,1.5,129.8616428841729,0.011424843377951818,True,False,False
3.73,0.1614192976124321,0.015789559378113733,0.017225419187061383,0.004604591113319067,-0.047052887899067336,0.015403621690291802,-0.0018322487938721055,0.2836606641037413,-0.0003832066197502015,0.3899145871175784,0.225,0.15,0.38999999999999996,1.5,129.86164462315318,0.011379123209235856,True,False,False
3.735,0.16139146799438595,0.014486708419458321,0.01713651239874825,0.00456752388454586,-0.047052887899067336,0.015403621690291802,-0.0018322487938721055,0.28357490449176304,-0.00038676736085214536,0.3899180981277419,0.225,0.15,0.38999999999999996,1.5,129.86164633558397,0.011333294847672202,True,False,False
3.74,0.16136382204000116,0.013194765436089367,0.01704652780555544,0.004530243558302847,-0.047052887899067336,0.015403621690291802,-0.0018322487938721055,0.2834895919305004,-0.00039030737955579034,0.3899216071212583,0.225,0.15,0.38999999999999996,1.5,129.86164802164538,0.011287359117809264,True,False,False
3.745,0.1613363602667124,0.011913810722734584,0.01695547496964136,0.00449275469056558,-0.047052887899067336,0.015403621690291802,-0.0018322487938721055,0.28340473177232944,-0.0003938258136045207,0.38992511435490096,0.225,0.15,0.38999999999999996,1.5,129.86164968152917,0.011241316844692092,True,False,False
3.75,0.16130908316283427,0.010643930422267269,0.01686336350019135,0.004455061935368959,-0.046907578834558795,0.015388180117356147,-0.0020252575371275637,0.2833203293216361,-0.00039732179649073547,0.38992862008047596,0.225,0.15,0.38999999999999996,1.5,129.85908536537238,0.011178973064724132,True,False,False
3.755,0.16128199116809605,0.009385215814650917,0.016770160286956524,0.004417206961189633,-0.046907578834558795,0.015388180117356147,-0.0020252575371275637,0.2832363898382151,-0.0004007944338993607,0.38993212210081285,0.225,0.15,0.38999999999999996,1.5,129.859086997632,0.011132741927137752,True,False,False
3.7600000000000002,0.161255084694087,0.008137777587688763,0.01667591675217174,0.004379155633064564,-0.046907578834558795,0.015388180117356147,-0.0020252575371275637,0.2831529185357317,-0.00040424282731988266,0.3899356182143677,0.225,0.15,0.38999999999999996,1.5,129.85908860468786,0.011086406935795155,True,False,False
3.765,0.1612283641438101,0.0069017696018059274,0.01658064264712658,0.004340910358010141,-0.046907578834558795,0.015388180117356147,-0.0020252575371275637,0.2830699205767873,-0.00040766609764115975,0.3899391086612606,0.225,0.15,0.38999999999999996,1.5,129.85909018672444,0.011039968916991732,True,False,False
3.77,0.16120182989189474,0.005677423222253446,0.0164843477806659,0.0043024742698390605,-0.046907578834558795,0.015388180117356147,-0.0020252575371275637,0.2829874010751226,-0.0004110633615843124,0.3899425936788164,0.225,0.15,0.38999999999999996,1.5,129.8590917439367,0.010993428697451528,True,False,False
3.775,0.16117548228476636,0.004465150956093456,0.016387042014585924,0.00426385103107228,-0.046907578834558795,0.015388180117356147,-0.0020252575371275637,0.28290536509534475,-0.0004144337317219132,0.3899460735008964,0.225,0.15,0.38999999999999996,1.5,129.8590932765301,0.010946787104314336,True,False,False
3.7800000000000002,0.16114932164082793,0.0032658750352993634,0.01628873526036576,0.004225044682097197,-0.046907578834558795,0.015388180117356147,-0.0020252575371275637,0.2828238176526854,-0.00041777631649715316,0.38994954835742085,0.225,0.15,0.38999999999999996,1.5,129.85909478471913,0.010900044965122601,True,False,False
3.785,0.16112334825065064,0.0020824587608664945,0.01618943747683096,0.0041860595278139425,-0.046907578834558795,0.015388180117356147,-0.0020252575371275637,0.28274276371278206,-0.00042109022024301154,0.38995301847401864,0.225,0.15,0.38999999999999996,1.5,129.85909626872777,0.01085320310780858,True,False,False
3.79,0.1610975623771695,0.0009318195249436602,0.01608915866847217,0.004146900053413091,-0.046907578834558795,0.015388180117356147,-0.0020252575371275637,0.2826622081914721,-0.0004243745432014165,0.3899564840718135,0.225,0.15,0.38999999999999996,1.5,129.85909772878836,0.010806262360681313,True,False,False
3.795,0.16107196425589845,0.00042401445653441564,0.015987908803979753,0.00410757079358096,-0.046907578834558795,0.015388180117356147,-0.0020252575371275637,0.2825821559546394,-0.0004276283815424068,0.3899599453673027,0.225,0.15,0.38999999999999996,1.5,129.8590991651411,0.010759223552413055,True,False,False
3.8000000000000003,0.16104655409881743,0.0014799665631998955,0.015885692850540013,0.004068072070234463,-0.04681994553470862,0.0153637308990802,-0.0021990786400194313,0.2825026118283463,-0.00043085082738278027,0.3899634025742591,0.225,0.15,0.38999999999999996,1.5,129.8567929434671,0.010686221871539137,True,False,False
3.805,0.16102133206560817,0.0026113815292012938,0.015782478099647487,0.0040284332994607345,-0.04681994553470862,0.0153637308990802,-0.0021990786400194313,0.2824235806168903,-0.000434040930375675,0.38996685371198087,0.225,0.15,0.38999999999999996,1.5,129.85679434617566,0.010639024166158572,True,False,False
3.81,0.16099629829075918,0.0037398744505322615,0.015678314027154125,0.003988631202290874,-0.04681994553470862,0.0153637308990802,-0.0021990786400194313,0.2823450670792715,-0.0004371977362003554,0.38997029679605155,0.225,0.15,0.38999999999999996,1.5,129.85679572607677,0.010591731225218181,True,False,False
3.815,0.16097145291671175,0.004859270841346576,0.015573210955449711,0.003948669399461531,-0.04681994553470862,0.0153637308990802,-0.0021990786400194313,0.28226707592167344,-0.00044032032501250574,0.38997373203345764,0.225,0.15,0.38999999999999996,1.5,129.8567970834111,0.010544343877749421,True,False,False
3.8200000000000003,0.16094679605925388,0.005968031442846481,0.015467179257144687,0.003908551950812884,-0.04681994553470862,0.0153637308990802,-0.0021990786400194313,0.2821896117988435,-0.00044340777300290956,0.38997715962754,0.225,0.15,0.38999999999999996,1.5,129.8567984184262,0.010496862953079352,True,False,False
3.825,0.1609223278077197,0.007065566548089948,0.01536022935237541,0.0038682832358387445,-0.04681994553470862,0.0153637308990802,-0.0021990786400194313,0.28211267931388223,-0.0004464591524167851,0.3899805797776019,0.225,0.15,0.38999999999999996,1.5,129.85679973137573,0.01044928928081779,True,False,False
3.83,0.16089804822519407,0.0081515839808102,0.015252371706920958,0.0038278678634032057,-0.04681994553470862,0.0153637308990802,-0.0021990786400194313,0.2820362830180494,-0.0004494735315731073,0.38998399267864026,0.225,0.15,0.38999999999999996,1.5,129.85680102251905,0.010401623690844517,True,False,False
3.835,0.16087395734872312,0.009225910267067884,0.01514361683089304,0.0037873106045430314,-0.04681994553470862,0.0153637308990802,-0.0021990786400194313,0.28196042741058536,-0.0004524499748839328,0.38998739852117953,0.225,0.15,0.38999999999999996,1.5,129.85680229212082,0.01035386701329652,True,False,False
3.84,0.16085005518952764,0.01028842681874678,0.015033975277836122,0.003746616343195363,-0.04681994553470862,0.0153637308990802,-0.0021990786400194313,0.2818851169385419,-0.000455387542873735,0.3899907974911578,0.225,0.15,0.38999999999999996,1.5,129.8568035404504,0.01030602007855521,True,False,False
3.845,0.1608263417332202,0.011339044056532724,0.01492345764412606,0.0037057900406566443,-0.04681994553470862,0.0153637308990802,-0.0021990786400194313,0.2818103559966234,-0.00045828529219874546,0.38999418976986977,0.225,0.15,0.38999999999999996,1.5,129.8568047677816,0.010258083717233702,True,False,False
3.85,0.1608028169400239,0.012377688867851117,0.014812074568591094,0.0036648367104617123,-0.04678800776158755,0.015329743855142835,-0.0023532476115882854,0.28173614892703336,-0.0004611422756663139,0.3899975755339482,0.225,0.15,0.38999999999999996,1.5,129.85476246479038,0.010173954899116187,True,False,False
3.855,0.16077948069471998,0.013404301228088156,0.014699799778552944,0.0036237783971685544,-0.04678800776158755,0.015329743855142835,-0.0023532476115882854,0.2816625000205089,-0.00046395748810221915,0.39000095301529464,0.225,0.15,0.38999999999999996,1.5,129.85476365420402,0.01012589067107964,True,False,False
3.86,0.16075633285722765,0.0144188277487496,0.014586680401237699,0.0035826023253882353,-0.04678800776158755,0.015329743855142835,-0.0023532476115882854,0.28158941351562833,-0.00046672992058667876,0.39000432044160066,0.225,0.15,0.38999999999999996,1.5,129.85476482348224,0.010077739980624407,True,False,False
3.865,0.16073337331309454,0.015421217018682907,0.014472727188939452,0.003541313037943708,-0.04678800776158755,0.015329743855142835,-0.0023532476115882854,0.28151689359718457,-0.0004694586146298645,0.3900076779767962,0.225,0.15,0.38999999999999996,1.5,129.85476597290494,0.010029503657811122,True,False,False
3.87,0.16071060192337683,0.01641142105639419,0.014357950939024358,0.00349991526761957,-0.04678800776158755,0.015329743855142835,-0.0023532476115882854,0.2814449443968923,-0.0004721426079857016,0.3900110257808018,0.225,0.15,0.38999999999999996,1.5,129.85476710275452,0.009981182532863255,True,False,False
3.875,0.16068801852485687,0.0173893946357746,0.014242362493130484,0.003458413892442357,-0.04678800776158755,0.015329743855142835,-0.0023532476115882854,0.28137356999323937,-0.0004747809346713321,0.39001436400938505,0.225,0.15,0.38999999999999996,1.5,129.85476821331642,0.009932777436154621,True,False,False
3.88,0.16066562293026224,0.018355094817945446,0.0141259727367342,0.0034168139029999204,-0.04678800776158755,0.015329743855142835,-0.0023532476115882854,0.28130277441134216,-0.00047737262498657166,0.39001769281410437,0.225,0.15,0.38999999999999996,1.5,129.85476930487806,0.009884289198196691,True,False,False
3.8850000000000002,0.16064341492848747,0.01930848059035228,0.01400879259898923,0.0033751203793628334,-0.04678800776158755,0.015329743855142835,-0.0023532476115882854,0.28123256162281246,-0.00047991670553338664,0.3900210123422543,0.225,0.15,0.38999999999999996,1.5,129.85477037772915,0.009835718649626117,True,False,False
3.89,0.16062139428481553,0.020249512662418315,0.013890833052774325,0.0033333384755371196,-0.04678800776158755,0.015329743855142835,-0.0023532476115882854,0.28116293554562527,-0.0004824121992353836,0.39002432273687315,0.225,0.15,0.38999999999999996,1.5,129.85477143216085,0.009787066621192103,True,False,False
3.895,0.1605995607411423,0.02117815334821256,0.013772105114907698,0.0032914734097668073,-0.04678800776158755,0.015329743855142835,-0.0023532476115882854,0.2810939000439977,-0.00048485812535731655,0.39002762413673087,0.225,0.15,0.38999999999999996,1.5,129.85477246846585,0.009738333943743932,True,False,False
3.9,0.1605779140161995,0.022094366343621642,0.013652619846500085,0.00324953045936234,-0.04680987526269422,0.015285703527223526,-0.0024872067624087087,0.28102545892826675,-0.0004872534995246096,0.3900309166763709,0.225,0.15,0.38999999999999996,1.5,129.85300117600042,0.009642626680804801,True,False,False
3.9050000000000002,0.1605564537392033,0.0229981181690432,0.013532354781218494,0.0032075219644611785,-0.04680987526269422,0.015285703527223526,-0.0024872067624087087,0.2809576159549748,-0.000489597263020332,0.3900341988072843,0.225,0.15,0.38999999999999996,1.5,129.85300217176015,0.009644005911267538,True,False,False
3.91,0.16053517951651058,0.023889376599014977,0.01341135433514243,0.003165445942685146,-0.04680987526269422,0.015285703527223526,-0.0024872067624087087,0.2808903748264105,-0.0004918883536164828,0.39003746897707253,0.225,0.15,0.38999999999999996,1.5,129.8530031502486,0.009689008657725477,True,False,False
3.915,0.16051409099854325,0.024768109123297227,0.013289629682511525,0.0031233081282339976,-0.04680987526269422,0.015285703527223526,-0.0024872067624087087,0.2808237391903794,-0.0004941257763223054,0.39004072730790323,0.225,0.15,0.38999999999999996,1.5,129.85300411176652,0.009732273665582311,True,False,False
3.92,0.16049318781348387,0.025634284558086286,0.013167192042451915,0.003081114228343984,-0.04680987526269422,0.015285703527223526,-0.0024872067624087087,0.28075771264038385,-0.0004963085326054107,0.39004397391758294,0.225,0.15,0.38999999999999996,1.5,129.85300505661462,0.009773827113115006,True,False,False
3.9250000000000003,0.16047246956750258,0.026487872843466938,0.013044052680342021,0.0030388699534234873,-0.04680987526269422,0.015285703527223526,-0.0024872067624087087,0.28069229871553025,-0.00049843562041133,0.39004720891970224,0.225,0.15,0.38999999999999996,1.5,129.85300598509332,0.00981369450924843,True,False,False
3.93,0.16045193584498285,0.027328845100442978,0.012920222909132027,0.0029965810428353467,-0.04680987526269422,0.015285703527223526,-0.0024872067624087087,0.2806275009004355,-0.000500506034183088,0.39005043242374954,0.225,0.15,0.38999999999999996,1.5,129.85300689750258,0.009851900699694055,True,False,False
3.935,0.16043158620874615,0.02815717349096924,0.012795714090669113,0.0029542532873682785,-0.04680987526269422,0.015285703527223526,-0.0024872067624087087,0.28056332262513545,-0.0005025187648808054,0.39005364453520175,0.225,0.15,0.38999999999999996,1.5,129.8530077941414,0.00988846987524824,True,False,False
3.94,0.16041142020027518,0.02897283128517665,0.012670537637066647,0.0029118925493195704,-0.04680987526269422,0.015285703527223526,-0.0024872067624087087,0.2804997672649937,-0.0005044728000013261,0.3900568453556101,0.225,0.15,0.38999999999999996,1.5,129.8530086753082,0.0099234255815641,True,False,False
3.9450000000000003,0.16039143733993644,0.02977579277721607,0.012544705012146306,0.002869504780966774,-0.04680987526269422,0.015285703527223526,-0.0024872067624087087,0.2804368381406118,-0.0005063671235978674,0.3900600349826723,0.225,0.15,0.38999999999999996,1.5,129.85300954129988,0.009956790729928323,True,False,False
3.95,0.16037163712720173,0.030566033220822703,0.012418227732976336,0.0028270960420675425,-0.04688401084673682,0.015231110010190726,-0.0026003863082556125,0.28037453851774324,-0.0005082007162996963,0.3900632135102795,0.225,0.15,0.38999999999999996,1.5,129.85151656159331,0.010106335973842402,True,False,False
3.955,0.16035201895735332,0.031343529094447875,0.012291087655849648,0.0027846693870665837,-0.04688401084673682,0.015231110010190726,-0.0026003863082556125,0.2803128716065595,-0.0005099724672156292,0.3900663796177764,0.225,0.15,0.38999999999999996,1.5,129.85151738589653,0.01013235807916932,True,False,False
3.96,0.1603325822048596,0.032108257800519076,0.012163326065837402,0.002742234350271792,-0.04688401084673682,0.015231110010190726,-0.0026003863082556125,0.2802518405613091,-0.0005116812621843405,0.3900695319809625,0.225,0.15,0.38999999999999996,1.5,129.8515181958967,0.01015696555988336,True,False,False
3.9650000000000003,0.1603133263073551,0.03286019777897122,0.012034954616861254,0.002699798479781571,-0.04688401084673682,0.015231110010190726,-0.0026003863082556125,0.28019144848134353,-0.0005133260719187322,0.39007267068172746,0.225,0.15,0.38999999999999996,1.5,129.85151899189918,0.01018017696137982,True,False,False
3.97,0.16029425068249917,0.033599328697692485,0.011905985017340828,0.0026573691461909943,-0.04688401084673682,0.015231110010190726,-0.0026003863082556125,0.28013169841088886,-0.000514905863810704,0.3900757957972957,0.225,0.15,0.38999999999999996,1.5,129.85151977420668,0.010202010371455844,True,False,False
3.975,0.16027535472820637,0.034325631316543,0.011776429034332646,0.0026149536499881754,-0.04688401084673682,0.015231110010190726,-0.0026003863082556125,0.28007259333901036,-0.0005164196019507688,0.39007890740061546,0.225,0.15,0.38999999999999996,1.5,129.85152054311922,0.010222483393228187,True,False,False
3.98,0.16025663782287103,0.03503908745782206,0.01164629849729886,0.0025725593092962994,-0.04688401084673682,0.015231110010190726,-0.0026003863082556125,0.28001413619956816,-0.0005178662471477105,0.39008200556064926,0.225,0.15,0.38999999999999996,1.5,129.85152129893422,0.010241613131128742,True,False,False
3.985,0.16023809932558794,0.03573967988401234,0.011515605301704819,0.002530193532434551,-0.04688401084673682,0.015231110010190726,-0.0026003863082556125,0.2799563298711666,-0.0005192447569482816,0.3900850903426108,0.225,0.15,0.38999999999999996,1.5,129.85152204194586,0.01025941618575415,True,False,False
3.99,0.16021973857637048,0.03642739230496473,0.011384361412587786,0.002487863879182971,-0.04688401084673682,0.015231110010190726,-0.0026003863082556125,0.2798991771771026,-0.0005205540856569477,0.39008816180811,0.225,0.15,0.38999999999999996,1.5,129.85152277244566,0.01027590865469674,True,False,False
3.995,0.16020155489636442,0.037102209359642924,0.011252578868201057,0.002445578113981104,-0.04688401084673682,0.015231110010190726,-0.0026003863082556125,0.27984268088530806,-0.0005217931843556484,0.390091220015313,0.225,0.15,0.38999999999999996,1.5,129.85152349072163,0.01029110613741364,True,False,False
4.0,0.16018354758806122,0.03776411649840617,0.011120269783814024,0.0024033442536795066,-0.04700858689778968,0.015165479790600933,-0.002692483249170593,0.2797868437082964,-0.0005229610009236068,0.39009426501900285,0.225,0.15,0.38999999999999996,1.5,129.8503125997552,0.010502150253458206,True,False,False
4.005,0.1601657158344436,0.03841309899945853,0.010987421080807646,0.0023611571764538745,-0.04700858689778968,0.015165479790600933,-0.002692483249170593,0.27973166830173735,-0.0005240563737537622,0.39009729573132507,0.225,0.15,0.38999999999999996,1.5,129.85031327659402,0.010507726065648749,True,False,False
4.01,0.1601480587996972,0.03904914298009121,0.010854070518039265,0.0023190394511932843,-0.04700858689778968,0.015165479790600933,-0.002692483249170593,0.279677157264128,-0.0005250781382161833,0.3901003110612329,0.225,0.15,0.38999999999999996,1.5,129.85031394211788,0.010512236736537504,True,False,False
4.015,0.16013057573084516,0.03967223694562897,0.010720230423183477,0.0022770018978150413,-0.04700858689778968,0.015165479790600933,-0.002692483249170593,0.27962331313894373,-0.0005260252329922059,0.3901033110518632,0.225,0.15,0.38999999999999996,1.5,129.8503145966214,0.01051569267268773,True,False,False
4.0200000000000005,0.1601132658571444,0.040282370677286704,0.010585913208865459,0.0022350551587309257,-0.04700858689778968,0.015165479790600933,-0.002692483249170593,0.279570138414108,-0.0005268965936688212,0.3901062957414037,0.225,0.15,0.38999999999999996,1.5,129.85031524039437,0.01051810403397487,True,False,False
4.025,0.16009612839031226,0.040879535102550164,0.010451131381193588,0.0021932098938840443,-0.04700858689778968,0.015165479790600933,-0.002692483249170593,0.2795176355220139,-0.0005276911527583132,0.3901092651637132,0.225,0.15,0.38999999999999996,1.5,129.85031587372205,0.010519480677340643,True,False,False
4.03,0.16007916252474452,0.04146372209457384,0.010315897547802854,0.002151476943088424,-0.04700858689778968,0.015165479790600933,-0.002692483249170593,0.2794658068395288,-0.0005284078397179675,0.39011221934877816,0.225,0.15,0.38999999999999996,1.5,129.85031649688548,0.010519832123207718,True,False,False
4.035,0.160062367437733,0.04203492444929149,0.010180224324501828,0.0021098651028219903,-0.04700858689778968,0.015165479790600933,-0.002692483249170593,0.2794146546880046,-0.0005290455809698001,0.39011515832315224,0.225,0.15,0.38999999999999996,1.5,129.85031711016097,0.010519128336184394,True,False,False
4.04,0.16004574230044408,0.042593096660949285,0.010044112781175025,0.00206803891747449,-0.04700858689778968,0.015165479790600933,-0.002692483249170593,0.27936418136483193,-0.0005296032998568529,0.3901180822575304,0.225,0.15,0.38999999999999996,1.5,129.85031771381156,0.010512539913935484,True,False,False
4.045,0.16002928629499089,0.043138064603499074,0.009907573756730655,0.0020257037623927663,-0.04700858689778968,0.015165479790600933,-0.002692483249170593,0.2793143891928663,-0.0005300799165120659,0.3901209918117192,0.225,0.15,0.38999999999999996,1.5,129.85031830808256,0.01049805277171199,True,False,False
4.05,0.16001299858259257,0.043669611268079174,0.009770627932974842,0.0019828361091745335,-0.047172220309586996,0.015088346455975607,-0.0027659862778408113,0.27926528042648135,-0.0005304743480107017,0.39012388781620844,0.225,0.15,0.38999999999999996,1.5,129.8493557345375,0.010735557045842824,True,False,False
4.055,0.1599968781732224,0.044187529165182114,0.009633278219669568,0.0019395560754427836,-0.047172220309586996,0.015088346455975607,-0.0027659862778408113,0.2792168572161747,-0.00053078538326929,0.39012677016219816,0.225,0.15,0.38999999999999996,1.5,129.84935628989308,0.010701057049946297,True,False,False
4.0600000000000005,0.15998092404730935,0.04469163286404231,0.009495562193978553,0.0018959030801407612,-0.047172220309586996,0.015088346455975607,-0.0027659862778408113,0.2791691216171218,-0.0005310118084600296,0.3901296386581957,0.225,0.15,0.38999999999999996,1.5,129.84935683690702,0.010662136126713288,True,False,False
4.065,0.15996513528144007,0.04518174566262618,0.009357498755748832,0.001851957576375655,-0.047172220309586996,0.015088346455975607,-0.0027659862778408113,0.279122075609419,-0.0005311525322285282,0.39013249398745115,0.225,0.15,0.38999999999999996,1.5,129.8493573758951,0.010619296389192215,True,False,False
4.07,0.159949510926949,0.04565770985520651,0.009219106450076795,0.0018078088944068038,-0.047172220309586996,0.015088346455975607,-0.0027659862778408113,0.2790757210891694,-0.0005312064603807043,0.39013533676062023,0.225,0.15,0.38999999999999996,1.5,129.84935790717418,0.010572926386663864,True,False,False
4.075,0.15993405001086328,0.046119388055536704,0.009080403510518066,0.0017635495623779343,-0.047172220309586996,0.015088346455975607,-0.0027659862778408113,0.2790300598706329,-0.000531172495906379,0.39013816751001756,0.225,0.15,0.38999999999999996,1.5,129.8493584310608,0.010523331037536705,True,False,False
4.08,0.15991875153689017,0.046566663148067,0.008941407916236831,0.001719271937017406,-0.047172220309586996,0.015088346455975607,-0.0027659862778408113,0.27898509368851715,-0.0005310495390004483,0.39014098668954467,0.225,0.15,0.38999999999999996,1.5,129.84935894786975,0.010470752497409079,True,False,False
4.085,0.1599036144863873,0.046999437423695396,0.008802137454749785,0.0016750663983751018,-0.047172220309586996,0.015088346455975607,-0.0027659862778408113,0.2789408242002379,-0.000530836487082554,0.39014379467798316,0.225,0.15,0.38999999999999996,1.5,129.84935945791312,0.010415384969524894,True,False,False
4.09,0.15988863781928758,0.04741763119779854,0.008662609785739957,0.0016310205841230648,-0.047172220309586996,0.015088346455975607,-0.0027659862778408113,0.27889725298806234,-0.0005305322348158538,0.39014659178415984,0.225,0.15,0.38999999999999996,1.5,129.8493599614999,0.01035738541656721,True,False,False
4.095,0.15987382047496115,0.04782118127234844,0.00852284250369911,0.0015872193004530582,-0.047172220309586996,0.015088346455975607,-0.0027659862778408113,0.2788543815610863,-0.0005301356741253175,0.3901493782529651,0.225,0.15,0.38999999999999996,1.5,129.84936045893508,0.01029688146029858,True,False,False
4.1,0.15985916137301195,0.04821003925830153,0.008382853198507127,0.0015437448622206498,-0.047241011787109474,0.014999259832624331,-0.0028525143861255985,0.27881221135703455,-0.0005296456942158113,0.390152154271621,0.225,0.15,0.38999999999999996,1.5,129.84821909711923,0.010343106967102198,True,False,False
4.105,0.1598446592750775,0.04858417635081857,0.00824263333491885,0.0015007049606712776,-0.047241011787109474,0.014999259832624331,-0.0028525143861255985,0.27877074373789934,-0.0005290610373330762,0.3901549188743519,0.225,0.15,0.38999999999999996,1.5,129.84821957242315,0.010274583127319551,True,False,False
4.11,0.15983031292378772,0.04894358056589475,0.008102226496945069,0.001458171427357403,-0.047241011787109474,0.014999259832624331,-0.0028525143861255985,0.2787299799953562,-0.0005283804432269731,0.3901576710298301,0.225,0.15,0.38999999999999996,1.5,129.84822004256858,0.010204009351743443,True,False,False
4.115,0.1598161211830954,0.04928824590603502,0.007961650347709685,0.0014162192827251471,-0.047241011787109474,0.014999259832624331,-0.0028525143861255985,0.27868992136014975,-0.0005276027934366171,0.3901604107606904,0.225,0.15,0.38999999999999996,1.5,129.848220507846,0.01013141971161675,True,False,False
4.12,0.15980208290021178,0.04961817446881195,0.007820922806649113,0.0013749239322246953,-0.047241011787109474,0.014999259832624331,-0.0028525143861255985,0.27865056899842977,-0.0005267269668909507,0.3901631380579252,0.225,0.15,0.38999999999999996,1.5,129.84822096854035,0.010056842505543815,True,False,False
4.125,0.15978819690605867,0.049933375407277,0.007680062099833602,0.0013343623013105555,-0.047241011787109474,0.014999259832624331,-0.0028525143861255985,0.27861192401261614,-0.0005257518399271285,0.3901658528852141,0.225,0.15,0.38999999999999996,1.5,129.8482214249307,0.00998030105262692,True,False,False
4.13,0.15977446201568088,0.050233863970543614,0.007539086811861801,0.001294613840338637,-0.047241011787109474,0.014999259832624331,-0.0028525143861255985,0.2785739874421581,-0.000524676286309159,0.3901685551825762,0.225,0.15,0.38999999999999996,1.5,129.84822187728938,0.009901814433063098,True,False,False
4.135,0.15976087702862674,0.050519660701535386,0.0073980159402573294,0.0012557614223363454,-0.047241011787109474,0.014999259832624331,-0.0028525143861255985,0.27853676026421553,-0.0005234991772468353,0.3901712448693346,0.225,0.15,0.38999999999999996,1.5,129.84822232588434,0.009821398161396166,True,False,False
4.14,0.15974744072929695,0.0507907908447132,0.007256868953275033,0.0012178921426756236,-0.047241011787109474,0.014999259832624331,-0.0028525143861255985,0.2785002433942568,-0.0005222193814147766,0.3901739218467305,0.225,0.15,0.38999999999999996,1.5,129.8482227709761,0.009739064786994702,True,False,False
4.1450000000000005,0.15973415188727236,0.0510472837444246,0.007115665852044558,0.001181098016826709,-0.047241011787109474,0.014999259832624331,-0.0028525143861255985,0.27846443768660817,-0.0005208357649717032,0.390176586000031,0.225,0.15,0.38999999999999996,1.5,129.8482232128201,0.009654824422482645,True,False,False
4.15,0.1597210092576187,0.05128917239399028,0.006974427238028016,0.001145476559773158,-0.04718551385344526,0.014897792907282837,-0.002926696038860691,0.2784293439349481,-0.0005193471915798042,0.3901792372003818,0.225,0.15,0.38999999999999996,1.5,129.84723735252234,0.009481739064016267,True,False,False
4.155,0.1597080114268793,0.05151648990820612,0.00683314739151134,0.0011110912857067317,-0.04718551385344526,0.014897792907282837,-0.002926696038860691,0.27839496287726084,-0.0005177523582241615,0.39018187438647856,0.225,0.15,0.38999999999999996,1.5,129.84723778717517,0.009396323615053825,True,False,False
4.16,0.15969515696833184,0.05172926803566803,0.006691874911906979,0.0010780773266101998,-0.04718551385344526,0.014897792907282837,-0.002926696038860691,0.27836129519358116,-0.0005160499596115317,0.3901844965023127,0.225,0.15,0.38999999999999996,1.5,129.84723821915543,0.009308864222016898,True,False,False
4.165,0.15968244459600073,0.05192754276630839,0.006550632854391773,0.0010465542591616842,-0.04718551385344526,0.014897792907282837,-0.002926696038860691,0.2783283415000648,-0.0005142388524160842,0.3901871034076525,0.225,0.15,0.38999999999999996,1.5,129.84723864869366,0.009219384490232806,True,False,False
4.17,0.1596698730101524,0.05211135323304169,0.0064094451900585875,0.0010166476464389613,-0.04718551385344526,0.014897792907282837,-0.002926696038860691,0.27829610235280544,-0.0005123178909402156,0.39018969494994343,0.225,0.15,0.38999999999999996,1.5,129.84723907601418,0.009127903657531024,True,False,False
4.175,0.15965744089757195,0.05228074160022788,0.006268336922580253,0.000988488124550336,-0.04718551385344526,0.014897792907282837,-0.002926696038860691,0.2782645782483063,-0.0005102859271342941,0.39019227096510334,0.225,0.15,0.38999999999999996,1.5,129.84723950133602,0.009034437655031133,True,False,False
4.18,0.1596451469318277,0.05243575277913272,0.00612733421827348,0.0009622101004627478,-0.04718551385344526,0.014897792907282837,-0.002926696038860691,0.2782337696239258,-0.0005081418106163614,0.39019483127842153,0.225,0.15,0.38999999999999996,1.5,129.8472399248722,0.00893899990612818,True,False,False
4.1850000000000005,0.1596329897735236,0.05257643415313316,0.005986464551802101,0.0009379499544085884,-0.04718551385344526,0.014897792907282837,-0.002926696038860691,0.27820367685830116,-0.0005058843886918205,0.39019737570545965,0.225,0.15,0.38999999999999996,1.5,129.8472403468302,0.008841601937517277,True,False,False
4.19,0.15962096807054127,0.05270283546293463,0.0058457568701514835,0.0009158436718352999,-0.04718551385344526,0.014897792907282837,-0.002926696038860691,0.27817430027175133,-0.0005035125063731275,0.39019990405292027,0.225,0.15,0.38999999999999996,1.5,129.84724076741168,0.008742253853432136,True,False,False
4.195,0.1596090804582699,0.05281500848893937,0.00570524177795074,0.0008960238757712996,-0.04718551385344526,0.014897792907282837,-0.002926696038860691,0.27814564012665727,-0.0005010250063994949,0.3902024161194842,0.225,0.15,0.38999999999999996,1.5,129.84724118681254,0.008640964708530933,True,False,False
4.2,0.15959732555982675,0.05291300691839656,0.0055649517477399674,0.0008786162936692238,-0.047022888950704,0.01478353811131088,-0.0029705511607020767,0.27811769662782454,-0.0004984207292566327,0.3902049116965692,0.225,0.15,0.38999999999999996,1.5,129.84665012417452,0.008281643289926479,True,False,False
4.205,0.15958570181561607,0.052996874633590284,0.005424904682308737,0.0008636745346959599,-0.047022888950704,0.01478353811131088,-0.0029705511607020767,0.2780904699364483,-0.0004956983281442132,0.39020739005283805,0.225,0.15,0.38999999999999996,1.5,129.84665054458293,0.008184222786878815,True,False,False
4.21,0.15957420765602776,0.05306664478621723,0.005285154555731305,0.0008513522493803072,-0.047022888950704,0.01478353811131088,-0.0029705511607020767,0.2780639601619277,-0.0004928564542204488,0.39020985049872403,0.225,0.15,0.38999999999999996,1.5,129.84665096395378,0.008084424554823952,True,False,False
4.215,0.15956284167059678,0.053122359057107195,0.005145741611959321,0.0008417426379989989,-0.047022888950704,0.01478353811131088,-0.0029705511607020767,0.2780381673433668,-0.0004898939417170133,0.3902122928725481,0.225,0.15,0.38999999999999996,1.5,129.84665138245975,0.007982311892932265,True,False,False
4.22,0.15955160243641361,0.05316406288433298,0.005006709062619279,0.0008349144047624773,-0.047022888950704,0.01478353811131088,-0.0029705511607020767,0.2780130914605554,-0.00048680962274694255,0.3902147169981518,0.225,0.15,0.38999999999999996,1.5,129.8466518002682,0.00787793736523597,True,False,False
4.225,0.15954048851842612,0.05319180538524357,0.004868103517063151,0.0008309080149648365,-0.047022888950704,0.01478353811131088,-0.0029705511607020767,0.2779887324346343,-0.00048360232732461947,0.3902171226851729,0.225,0.15,0.38999999999999996,1.5,129.84665221754113,0.007771345371514639,True,False,False
4.23,0.15952949846972955,0.05320563915603448,0.004729975475131019,0.0008297333410963022,-0.047022888950704,0.01478353811131088,-0.0029705511607020767,0.27796509012873366,-0.00048027088338550036,0.39021950972981323,0.225,0.15,0.38999999999999996,1.5,129.84665263443517,0.007662574033208415,True,False,False
4.235,0.15951863083184106,0.05320561998940794,0.004592379894451176,0.0008313688746870223,-0.047022888950704,0.01478353811131088,-0.0029705511607020767,0.27794216434857905,-0.0004768141168056565,0.3902218779158848,0.225,0.15,0.38999999999999996,1.5,129.84665305110082,0.0075516565990900834,True,False,False
4.24,0.1595078841349597,0.05319180658432553,0.004455376846358395,0.000835762554302211,-0.047022888950704,0.01478353811131088,-0.0029705511607020767,0.277919954843064,-0.0004732308514212399,0.390224227015974,0.225,0.15,0.38999999999999996,1.5,129.8466534676837,0.007438622510581613,True,False,False
4.245,0.15949725689820993,0.05316426023245394,0.004319032277167671,0.0008428341008501625,-0.047022888950704,0.01478353811131088,-0.0029705511607020767,0.2778984613047858,-0.00046951990904791176,0.39022655679263796,0.225,0.15,0.38999999999999996,1.5,129.84665388432387,0.007323498221872389,True,False,False
4.25,0.159486747629871,0.05312304452064948,0.004183418894696007,0.0008524785988112939,-0.046767495833352296,0.01465610712601216,-0.0029834365059562985,0.27787768337055074,-0.00046568010950028666,0.39022886699953957,0.225,0.15,0.38999999999999996,1.5,129.84646710840136,0.006803691657911161,True,False,False
4.255,0.15947635463963178,0.053068206264209855,0.004048620433812966,0.000864570604238176,-0.046767495833352296,0.01465610712601216,-0.0029834365059562985,0.27785762064339303,-0.0004617100639858036,0.3902311572751081,0.225,0.15,0.38999999999999996,1.5,129.8464675286613,0.006696610776484075,True,False,False
4.26,0.15946607622960385,0.05299977481958568,0.003914725749354746,0.0008790150387071842,-0.046767495833352296,0.01465610712601216,-0.0029834365059562985,0.27783827267940053,-0.00045760838191858397,0.3902334273256527,0.225,0.15,0.38999999999999996,1.5,129.84646794874052,0.006586784067973475,True,False,False
4.265,0.15945591087979216,0.052917793048886136,0.0037818358667672824,0.0008956694441511632,-0.046767495833352296,0.01465610712601216,-0.0029834365059562985,0.2778196389584643,-0.00045337387762411766,0.39023567698564343,0.225,0.15,0.38999999999999996,1.5,129.84646836876055,0.006474319099968529,True,False,False
4.2700000000000005,0.15944585705860456,0.05282230908584641,0.0036500637846263585,0.0009143812823353733,-0.046767495833352296,0.01465610712601216,-0.0029834365059562985,0.27780171890163835,-0.0004490053635700044,0.39023790606930625,0.225,0.15,0.38999999999999996,1.5,129.8464687888373,0.006359305824053701,True,False,False
4.275,0.1594359132232123,0.05271337615460352,0.0035195364689882703,0.0009349927165633121,-0.046767495833352296,0.01465610712601216,-0.0029834365059562985,0.27778451187209713,-0.0004445016503858351,0.39024011437102735,0.225,0.15,0.38999999999999996,1.5,129.8464692090815,0.006241820660933457,True,False,False
4.28,0.15942607781989018,0.05259105232258859,0.003390397190354282,0.0009573448697525334,-0.046767495833352296,0.01465610712601216,-0.0029834365059562985,0.2777680171760401,-0.0004398615468826116,0.3902423016665518,0.225,0.15,0.38999999999999996,1.5,129.8464696295982,0.006121929502656232,True,False,False
4.285,0.159416349284336,0.05245540005317437,0.003262808263591253,0.0009812813585214693,-0.046767495833352296,0.01465610712601216,-0.0029834365059562985,0.2777522340635454,-0.00043508386007186514,0.3902444677146002,0.225,0.15,0.38999999999999996,1.5,129.84647005048708,0.005999689954913698,True,False,False
4.29,0.15940672604196726,0.05230648569193059,0.0031369542571487038,0.0010066510383525732,-0.046767495833352296,0.01465610712601216,-0.0029834365059562985,0.2777371617293669,-0.00043016739518464945,0.39024661225866397,0.225,0.15,0.38999999999999996,1.5,129.84647047184276,0.0058751530402190045,True,False,False
4.295,0.15939720650819447,0.05214437907117898,0.003013045741362348,0.0010333099883458217,-0.046767495833352296,0.01465610712601216,-0.0029834365059562985,0.27772279931367105,-0.00042511095569046185,0.3902487350288442,0.225,0.15,0.38999999999999996,1.5,129.84647089375412,0.0057483645122744466,True,False,False
4.3,0.1593877890886728,0.05196915301531297,0.002891323643856378,0.0010611228202179364,-0.04643255462810875,0.014515132782328345,-0.002967725695435873,0.2777091459027199,-0.00041991334331620056,0.3902508357436032,0.225,0.15,0.38999999999999996,1.5,129.8466578059574,0.005091099926131521,True,False,False
4.305,0.15937847197335475,0.05178085784655679,0.0027721059504324606,0.0010900536231575606,-0.04643255462810875,0.014515132782328345,-0.002967725695435873,0.2776962005578506,-0.0004145731292169242,0.39025291438011545,0.225,0.15,0.38999999999999996,1.5,129.84665822961293,0.004975879254231592,True,False,False
4.3100000000000005,0.15936925334660398,0.051579520876225186,0.002655676849337993,0.0011199893135429347,-0.04643255462810875,0.014515132782328345,-0.002967725695435873,0.2776839622980572,-0.0004090888830112909,0.390254971004919,0.225,0.15,0.38999999999999996,1.5,129.84665865328466,0.004857573867442537,True,False,False
4.315,0.1593601315900383,0.05136518744085097,0.002542403046852624,0.0011508186171643473,-0.04643255462810875,0.014515132782328345,-0.002967725695435873,0.2776724300615606,-0.00040345940172490123,0.3902570054435719,0.225,0.15,0.38999999999999996,1.5,129.8466590770479,0.004736331994685281,True,False,False
4.32,0.15935110507431285,0.05113790954138788,0.0024327054132805585,0.0011824361152427258,-0.04643255462810875,0.014515132782328345,-0.002967725695435873,0.27766160272867835,-0.00039768348079167066,0.39025901749584996,0.225,0.15,0.38999999999999996,1.5,129.84665950097212,0.004612278074598709,True,False,False
4.325,0.15934217215953542,0.05089774565056657,0.0023270661729591184,0.0012147431463289844,-0.04643255462810875,0.014515132782328345,-0.002967725695435873,0.2776514791230585,-0.00039175991407347076,0.3902610069364024,0.225,0.15,0.38999999999999996,1.5,129.8466599251216,0.00451797016966642,True,False,False
4.33,0.15933333119565474,0.0506447603163249,0.0022260358104242194,0.0012476482771859032,-0.04643255462810875,0.014515132782328345,-0.002967725695435873,0.27764205801283987,-0.00038568749387913107,0.3902629735164075,0.225,0.15,0.38999999999999996,1.5,129.84666034955504,0.004466928016155303,True,False,False
4.335,0.15932458052282136,0.05037902353801878,0.002130238818030675,0.0012810674400171587,-0.04643255462810875,0.014515132782328345,-0.002967725695435873,0.2776333381117402,-0.00037946501098303105,0.39026491696578197,0.225,0.15,0.38999999999999996,1.5,129.84666077432604,0.004415887381422363,True,False,False
4.34,0.15931591847171891,0.050100610166062,0.002040376940738971,0.0013149238253602356,-0.04643255462810875,0.014515132782328345,-0.002967725695435873,0.2776253180800632,-0.00037309125464351096,0.3902668369955976,0.225,0.15,0.38999999999999996,1.5,129.84666119948272,0.004364849020999813,True,False,False
4.345,0.15930734336386476,0.04980959926380241,0.0019572280094286975,0.0013491476061066904,-0.04643255462810875,0.014515132782328345,-0.002967725695435873,0.27761799652562463,-0.0003665650126212142,0.3902687333005386,0.225,0.15,0.38999999999999996,1.5,129.84666162506798,0.004313813689380904,True,False,False
4.3500000000000005,0.15929885351188328,0.04950607350015662,0.001881637890034792,0.0013836755529291903,-0.04603052830035774,0.014360270210341246,-0.002925721320908764,0.2776113720046054,-0.0003598850711974576,0.3902706055612116,0.225,0.15,0.38999999999999996,1.5,129.84719246418234,0.004097020353930639,True,False,False
4.355,0.1592904469944934,0.049190088207370516,0.0018146214882666203,0.0014186121382102057,-0.04603052830035774,0.014360270210341246,-0.002925721320908764,0.2776054430563879,-0.0003530499635177177,0.3902724540596063,0.225,0.15,0.38999999999999996,1.5,129.84719288618203,0.004046215987879553,True,False,False
4.36,0.15928212188645888,0.04886167106138736,0.0017569938243031027,0.0014538735211271656,-0.04603052830035774,0.014360270210341246,-0.002925721320908764,0.27760020818259123,-0.00034605822145583734,0.39027427918516977,0.225,0.15,0.38999999999999996,1.5,129.8471933078607,0.003995419071440302,True,False,False
4.365,0.15927387647979457,0.048520871519393154,0.0017096472337347222,0.0014894006537666679,-0.04603052830035774,0.014360270210341246,-0.002925721320908764,0.2775956658009381,-0.0003389086273995772,0.39027608074777387,0.225,0.15,0.38999999999999996,1.5,129.84719372925085,0.003944630348608743,True,False,False
4.37,0.15926570905603507,0.048167746889426544,0.0016733925044049192,0.0015251367818843473,-0.04603052830035774,0.014360270210341246,-0.002925721320908764,0.2775918142727633,-0.00033159996241578164,0.3902778585269079,0.225,0.15,0.38999999999999996,1.5,129.8471941503794,0.003893850562269152,True,False,False
4.375,0.15925761788669593,0.04780236210259281,0.001648895048226875,0.0015610285524643643,-0.04603052830035774,0.014360270210341246,-0.002925721320908764,0.27758865190449117,-0.00032413100626970987,0.3902796122725632,0.225,0.15,0.38999999999999996,1.5,129.84719457126803,0.0038430804541849995,True,False,False
4.38,0.15924960123370221,0.0474247891276309,0.0016366128291653906,0.0015970266034306796,-0.04603052830035774,0.014360270210341246,-0.002925721320908764,0.27758617694901977,-0.00031650053744354816,0.39028134170732653,0.225,0.15,0.38999999999999996,1.5,129.84719499193307,0.0037923207649896724,True,False,False
4.385,0.15924165734978374,0.04703510629218511,0.0016367477425130064,0.0016330858012277697,-0.04603052830035774,0.014360270210341246,-0.002925721320908764,0.27758438760701165,-0.00030870733315442356,0.3902830465290837,0.225,0.15,0.38999999999999996,1.5,129.84719541238564,0.003741572234177182,True,False,False
4.39,0.15923378447883574,0.046633397478124276,0.0016492212845603447,0.0016691652460189936,-0.04603052830035774,0.014360270210341246,-0.002925721320908764,0.27758328202808813,-0.00030075016937217185,0.3902847264139928,0.225,0.15,0.38999999999999996,1.5,129.84719583263183,0.0036908356000929276,True,False,False
4.3950000000000005,0.15922598085624248,0.04621975139971052,0.00167368051101017,0.0017052281296115884,-0.04603052830035774,0.014360270210341246,-0.002925721320908764,0.2775828583119209,-0.00029262782083704753,0.39028638101945035,0.225,0.15,0.38999999999999996,1.5,129.84719625267252,0.003640111599924393,True,False,False
4.4,0.15921824470916693,0.045794260814008704,0.0017095329656833787,0.0017412415055874833,-0.0455732457819896,0.014191197757822923,-0.0028592753193573614,0.2775831145092292,-0.00028433906107746545,0.3902880099869246,0.225,0.15,0.38999999999999996,1.5,129.84804714466168,0.003408398904950171,True,False,False
4.405,0.15921057401166477,0.04535698713428563,0.0017561806717652777,0.0017773896350826354,-0.0455732457819896,0.014191197757822923,-0.0028592753193573614,0.27758404866140796,-0.0002758823873643809,0.39028961387656946,0.225,0.15,0.38999999999999996,1.5,129.84804755327542,0.0033579455005487936,True,False,False
4.41,0.15920296673515585,0.0449079601376217,0.0018125512595882523,0.0018135886876790904,-0.0455732457819896,0.014191197757822923,-0.0028592753193573614,0.27758565877667873,-0.0002672562959692108,0.3902911933710665,0.225,0.15,0.38999999999999996,1.5,129.84804796081787,0.0033075092972210353,True,False,False
4.415,0.1591954210889246,0.04444723458429369,0.0018776905602420583,0.0018497972685292525,-0.0455732457819896,0.014191197757822923,-0.0028592753193573614,0.27758794277767257,-0.00025845955735263307,0.3902927482599043,0.225,0.15,0.38999999999999996,1.5,129.84804836728085,0.0032570910206079183,True,False,False
4.42,0.15918793527213293,0.04397487397737977,0.001950642070771229,0.0018859746217538258,-0.0455732457819896,0.014191197757822923,-0.0028592753193573614,0.2775908985327254,-0.0002494909409291605,0.39029427829857466,0.225,0.15,0.38999999999999996,1.5,129.84804877265105,0.003206691395119825,True,False,False
4.425,0.15918050747431833,0.04349095026592913,0.0020304865655906604,0.0019220821194745935,-0.0455732457819896,0.014191197757822923,-0.0028592753193573614,0.27759452385755923,-0.0002403492150860992,0.39029578320969266,0.225,0.15,0.38999999999999996,1.5,129.8480491769103,0.003156311143927779,True,False,False
4.43,0.15917313587585524,0.04299554323989576,0.002116367829670568,0.0019580840786434578,-0.0455732457819896,0.014191197757822923,-0.0028592753193573614,0.2775988165168549,-0.00023103314720152377,0.3902972626854197,0.225,0.15,0.38999999999999996,1.5,129.8480495800353,0.003105950988954573,True,False,False
4.4350000000000005,0.1591658186483788,0.042488739708998934,0.0022075065690449,0.0019939481371689534,-0.0455732457819896,0.014191197757822923,-0.0028592753193573614,0.27760377422571747,-0.00022154150366166875,0.390298716390605,0.225,0.15,0.38999999999999996,1.5,129.84804998199832,0.0030556116508659646,True,False,False
4.44,0.15915855395516798,0.04197063258179319,0.0023032053923094016,0.002029645348207365,-0.0455732457819896,0.014191197757822923,-0.0028592753193573614,0.277609394651022,-0.00021187304987801262,0.39030014396622154,0.225,0.15,0.38999999999999996,1.5,129.84805038276596,0.003005293849061787,True,False,False
4.445,0.15915133995148878,0.04144132000667872,0.002402847712559023,0.002065150100490152,-0.0455732457819896,0.014191197757822923,-0.0028592753193573614,0.27761567541264914,-0.00020202655030434043,0.3903015450327329,0.225,0.15,0.38999999999999996,1.5,129.84805078230139,0.0029549983016672328,True,False,False
4.45,0.15914417478489765,0.04090090455694786,0.002505892935860811,0.0021004399370394564,-0.045071968536501326,0.014007617828505564,-0.0027699128169279305,0.2776226140846036,-0.00019200076845378428,0.39030291919338034,0.225,0.15,0.38999999999999996,1.5,129.84920211878477,0.0027081689552244706,True,False,False
4.455,0.15913705632972167,0.04034945403352969,0.0026120258271845735,0.002135747433886835,-0.045071968536501326,0.014007617828505564,-0.0027699128169279305,0.27763020823838913,-0.00018179416794673328,0.39030426726621575,0.225,0.15,0.38999999999999996,1.5,129.84920249737812,0.002658184082605485,True,False,False
4.46,0.15912998245869403,0.03978700160081759,0.0027206776141048545,0.002170979815163287,-0.045071968536501326,0.014007617828505564,-0.0027699128169279305,0.27763845541692866,-0.00017140521168303017,0.3903055902040149,0.225,0.15,0.38999999999999996,1.5,129.84920287384662,0.0026082261767257104,True,False,False
4.465,0.15912295130361814,0.0392136077150171,0.0028314912793019884,0.002206100583214373,-0.045071968536501326,0.014007617828505564,-0.0027699128169279305,0.27764735307722616,-0.00016083266095047563,0.3903068877735287,0.225,0.15,0.38999999999999996,1.5,129.84920324814266,0.0025582959431117683,True,False,False
4.47,0.15911596098643324,0.03862934234653735,0.0029441570051491226,0.002241073434438762,-0.045071968536501326,0.014007617828505564,-0.0027699128169279305,0.27765689862461734,-0.0001500752762689313,0.39030815970485055,0.225,0.15,0.38999999999999996,1.5,129.8492036202143,0.002508394085942877,True,False,False
4.4750000000000005,0.1591090096197421,0.03803428452741089,0.0030584058010012898,0.002275863974057543,-0.045071968536501326,0.014007617828505564,-0.0027699128169279305,0.2776670894146167,-0.00013913181740885726,0.39030940569271527,0.225,0.15,0.38999999999999996,1.5,129.8492039900055,0.0024585213080425155,True,False,False
4.48,0.15910209530729835,0.03742852166100414,0.0031740038180843293,0.002310440648867845,-0.045071968536501326,0.014007617828505564,-0.0027699128169279305,0.27767792275464453,-0.00012800104340871142,0.39031062539920447,0.225,0.15,0.38999999999999996,1.5,129.8492043574558,0.0024086783108700476,True,False,False
4.485,0.15909521614353678,0.03681215479021801,0.0032907427223916653,0.0023446858540556344,-0.045071968536501326,0.014007617828505564,-0.0027699128169279305,0.2776893959015662,-0.00011668171309565466,0.3903118184340989,0.225,0.15,0.38999999999999996,1.5,129.8492047225004,0.0023588657945396775,True,False,False
4.49,0.15908837019230074,0.03618537706840703,0.0034084261154765654,0.002378167506693789,-0.045071968536501326,0.014007617828505564,-0.0027699128169279305,0.2777015060024027,-0.00010517258409713771,0.3903129840565339,0.225,0.15,0.38999999999999996,1.5,129.84920508506482,0.002309084457851011,True,False,False
4.495,0.15908155549766761,0.03554847579254778,0.003526897598896758,0.002410707860266109,-0.045071968536501326,0.014007617828505564,-0.0027699128169279305,0.2777142501250719,-9.347241370739949e-05,0.39031412116215747,0.225,0.15,0.38999999999999996,1.5,129.84920544507148,0.0024186197060216746,True,False,False
4.5,0.15907477010136475,0.03490177670322951,0.003646023186067677,0.0024422030954490215,-0.04454894567657558,0.013809258117482043,-0.0026557726530479176,0.2777276253101224,-8.157995888046453e-05,0.39031522849419703,0.225,0.15,0.38999999999999996,1.5,129.85068310430128,0.003386447659759315,True,False,False
4.505,0.15906801174472196,0.03424563594681062,0.0037658032878939043,0.0024725176263243748,-0.04454894567657558,0.013809258117482043,-0.0026557726530479176,0.277741628584062,-6.949365274479664e-05,0.39031630606798384,0.225,0.15,0.38999999999999996,1.5,129.85068343347558,0.0034961011474969315,True,False,False
4.51,0.1590612781736174,0.03358041968834114,0.003886016263317543,0.0025017072845384476,-0.04454894567657558,0.013809258117482043,-0.0026557726530479176,0.2777562569663613,-5.721192816056395e-05,0.39031735385810173,0.225,0.15,0.38999999999999996,1.5,129.85068375943519,0.0036036762708318306,True,False,False
4.515,0.15905456743885385,0.032906484752779755,0.004006574682612684,0.0025297798645827303,-0.04454894567657558,0.013809258117482043,-0.0026557726530479176,0.27777150746384244,-4.473354100555495e-05,0.39031837048099555,0.225,0.15,0.38999999999999996,1.5,129.85068408213854,0.0037093085639462553,True,False,False
4.5200000000000005,0.15904787759488484,0.032224180953947294,0.004127401754681276,0.0025567591452546547,-0.04454894567657558,0.013809258117482043,-0.0026557726530479176,0.2777873770747603,-3.2057246633317334e-05,0.39031935457955624,0.225,0.15,0.38999999999999996,1.5,129.85068440154504,0.003813124500284834,True,False,False
4.525,0.15904120670013724,0.03153384714421535,0.0042484297332696,0.0025826803311497556,-0.04454894567657558,0.013809258117482043,-0.0026557726530479176,0.2778038627899627,-1.918179987837868e-05,0.39032030483857594,0.225,0.15,0.38999999999999996,1.5,129.85068471761429,0.003915243247024802,True,False,False
4.53,0.15903455281713608,0.030835808444957365,0.004369598591949071,0.0026075866069722544,-0.04454894567657558,0.013809258117482043,-0.0026557726530479176,0.27782096159346925,-6.105955065078818e-06,0.39032121999545005,0.225,0.15,0.38999999999999996,1.5,129.85068503030652,0.004015777870746868,True,False,False
4.535,0.15902791401248603,0.03013037449505166,0.004490854918108189,0.002631526546594415,-0.04454894567657558,0.013809258117482043,-0.0026557726530479176,0.27783867046263155,7.171533980893244e-06,0.3903220988473192,0.225,0.15,0.38999999999999996,1.5,129.85068533958236,0.004114836170597342,True,False,False
4.54,0.1590212883567493,0.029417838347561634,0.0046121509858970825,0.0026545521718213953,-0.04454894567657558,0.013809258117482043,-0.0026557726530479176,0.2778569863679899,2.065191391890694e-05,0.3903229402555703,0.225,0.15,0.38999999999999996,1.5,129.85068564540308,0.004212521258059239,True,False,False
4.545,0.1590146739242467,0.02869847570570435,0.004733443975908733,0.002676717501227268,-0.04454894567657558,0.013809258117482043,-0.0026557726530479176,0.2778759062729075,3.4336431878289985e-05,0.3903237431484024,0.225,0.15,0.38999999999999996,1.5,129.85068594773037,0.004308931964279824,True,False,False
4.55,0.1590080687928026,0.027972544781503468,0.0048546953156686275,0.002698077466644428,-0.04422188303372358,0.01359587739086241,-0.0024673467288302007,0.27789542713304277,4.8226335442055096e-05,0.3903245065219555,0.225,0.15,0.38999999999999996,1.5,129.85315859274866,0.004921211604759408,True,False,False
4.555,0.15900147072012435,0.027240289893497582,0.0049759772685986775,0.0027186408845134465,-0.04422188303372358,0.01359587739086241,-0.0024673467288302007,0.27791554589882683,6.232322163057891e-05,0.3903252317587973,0.225,0.15,0.38999999999999996,1.5,129.85315886469994,0.004996794601433131,True,False,False
4.5600000000000005,0.15899487746870283,0.02650193799969397,0.005097146402157537,0.002738510663195313,-0.04422188303372358,0.01359587739086241,-0.0024673467288302007,0.27793625951593626,7.662868751357484e-05,0.39032592030866714,0.225,0.15,0.38999999999999996,1.5,129.8531591330251,0.005071864586101458,True,False,False
4.565,0.15898828712806612,0.025757693947931693,0.005218174198370829,0.0027577451835442864,-0.04422188303372358,0.01359587739086241,-0.0024673467288302007,0.2779575649191923,9.114398113914494e-05,0.3903265713740898,0.225,0.15,0.38999999999999996,1.5,129.85315939769913,0.005146496827719616,True,False,False
4.57,0.15898169778994123,0.025007744815969513,0.0053390345165080285,0.002776399999765272,-0.04422188303372358,0.01359587739086241,-0.0024673467288302007,0.27797945903250465,0.00010587035084673795,0.39032718422670243,0.225,0.15,0.38999999999999996,1.5,129.85315965869702,0.00522076372513,True,False,False
4.575,0.15897510754781555,0.024252260788755715,0.005459703310837897,0.0027945279709791614,-0.04422188303372358,0.01359587739086241,-0.0024673467288302007,0.2780019387678242,0.00012080904524717095,0.3903277582036605,0.225,0.15,0.38999999999999996,1.5,129.85315991599379,0.005294734707511914,True,False,False
4.58,0.15896851449650806,0.023491396019226726,0.0055801583849531084,0.002812179369245975,-0.04422188303372358,0.01359587739086241,-0.0024673467288302007,0.2780250010241299,0.00013596131320272873,0.390328292704221,0.225,0.15,0.38999999999999996,1.5,129.8531601695643,0.005368476185138237,True,False,False
4.585,0.15896191673174875,0.02272528949367196,0.005700379177659902,0.0028294019661660287,-0.04422188303372358,0.01359587739086241,-0.0024673467288302007,0.27804864268644214,0.00015132840380732872,0.39032878718651126,0.225,0.15,0.38999999999999996,1.5,129.8531604193832,0.00544205153510895,True,False,False
4.59,0.15895531234976631,0.021954065844728084,0.005820346576168776,0.0028462411020114594,-0.04422188303372358,0.01359587739086241,-0.0024673467288302007,0.2780728606248662,0.00016691156636672636,0.3903292411643927,0.225,0.15,0.38999999999999996,1.5,129.85316066542453,0.005515521111636405,True,False,False
4.595,0.15894869944688209,0.021177836123734434,0.005940042752937532,0.0028627397416759364,-0.04422188303372358,0.01359587739086241,-0.0024673467288302007,0.278097651693658,0.0001827120503787444,0.3903296542044372,0.225,0.15,0.38999999999999996,1.5,129.85316090766256,0.005588942273815586,True,False,False
4.6000000000000005,0.15894207611910993,0.020396698546757713,0.006059451023035684,0.0028789385213639383,-0.044225276749419604,0.013367252397986784,-0.002225814890214859,0.2781230127303115,0.00019873110551353284,0.3903300259230071,0.225,0.15,0.38999999999999996,1.5,129.8563564560972,0.0056587329839683075,True,False,False
4.605,0.15893544011432445,0.019610736017102354,0.00617864697382252,0.0028948753617242277,-0.044225276749419604,0.013367252397986784,-0.002225814890214859,0.278148940553644,0.00021497035657299675,0.3903303590121857,0.225,0.15,0.38999999999999996,1.5,129.8563566771075,0.005732343714817612,True,False,False
4.61,0.15892878917967762,0.018820020250066807,0.006297520039931325,0.0029105860642288676,-0.044225276749419604,0.013367252397986784,-0.002225814890214859,0.27817543196351674,0.00023143142807195672,0.3903306562074111,0.225,0.15,0.38999999999999996,1.5,129.85635689421062,0.005806056598770716,True,False,False
4.615,0.15892212140871886,0.018024615671448425,0.0064160565131750665,0.0029261044543351013,-0.044225276749419604,0.013367252397986784,-0.002225814890214859,0.2782024837412377,0.0002481155691841196,0.3903309172562489,0.225,0.15,0.38999999999999996,1.5,129.85635710737935,0.00587991761521541,True,False,False
4.62,0.158915434893245,0.01722457669383921,0.006534243402067871,0.0029414621977578346,-0.044225276749419604,0.013367252397986784,-0.002225814890214859,0.2782300926479419,0.00026502402907652996,0.39033114194492385,0.225,0.15,0.38999999999999996,1.5,129.85635731658704,0.005953970010500168,True,False,False
4.625,0.1589087277229343,0.01641994850911422,0.006652068358582958,0.002956688834211481,-0.044225276749419604,0.013367252397986784,-0.002225814890214859,0.2782582554238055,0.0002821580568901118,0.3903313300957175,0.225,0.15,0.38999999999999996,1.5,129.8563575218064,0.006028254371108189,True,False,False
4.63,0.15890199798498764,0.015610767614249742,0.00676951961392172,0.002971811813042756,-0.044225276749419604,0.013367252397986784,-0.002225814890214859,0.27828696878728454,0.00029951890172019973,0.39033148156442576,0.225,0.15,0.38999999999999996,1.5,129.85635772300938,0.00610280869771416,True,False,False
4.635,0.1588952437637784,0.014797062614366419,0.006886585922168533,0.0029868565313054827,-0.044225276749419604,0.013367252397986784,-0.002225814890214859,0.27831622943438433,0.00031710781259704777,0.39033159623784275,0.225,0.15,0.38999999999999996,1.5,129.85635792016797,0.006177668480070011,True,False,False
4.64,0.15888846314050978,0.013978854743085972,0.007003256510856077,0.00300184637451074,-0.044225276749419604,0.013367252397986784,-0.002225814890214859,0.2783460340379558,0.00033492603846635373,0.39033167403133107,0.225,0.15,0.38999999999999996,1.5,129.85635811325326,0.006252866772601568,True,False,False
4.6450000000000005,0.15888165419288172,0.013156158536920377,0.0071195210375952925,0.003016802760086218,-0.044225276749419604,0.013367252397986784,-0.002225814890214859,0.2783763792470245,0.00035297482816978594,0.3903317148864291,0.225,0.15,0.38999999999999996,1.5,129.85635830223637,0.006328434270559281,True,False,False
4.65,0.15887481499476627,0.01232898256310174,0.007235369552034926,0.003031745183455548,-0.04454248368893443,0.01312318319763428,-0.001980085433628061,0.2784072616861495,0.000371255430425529,0.39033171876852596,0.225,0.15,0.38999999999999996,1.5,129.8596284091978,0.005906007202384661,True,False,False
4.655,0.15886794324359463,0.01149732066035448,0.0073508701094634026,0.0030467307155545246,-0.04454248368893443,0.01312318319763428,-0.001980085433628061,0.2784386779498887,0.00038976949430852476,0.39033168878780256,0.225,0.15,0.38999999999999996,1.5,129.85962858746976,0.006000278588063425,True,False,False
4.66,0.15886103663125933,0.010661162266708097,0.007465931741434999,0.003061732437548852,-0.04454248368893443,0.01312318319763428,-0.001980085433628061,0.2784706246022646,0.0004085186682626581,0.39033162807253385,0.225,0.15,0.38999999999999996,1.5,129.8596287614155,0.006094526476454348,True,False,False
4.665,0.1588540932169251,0.009820503237417389,0.007580545650219729,0.0030767596625381317,-0.04454248368893443,0.01312318319763428,-0.001980085433628061,0.2785030981836104,0.00042750419952455377,0.390331536639344,0.225,0.15,0.38999999999999996,1.5,129.85962893099838,0.006188781341843996,True,False,False
4.67,0.15884711105488164,0.008975337159097381,0.007694703351930508,0.0030918215095921725,-0.04454248368893443,0.01312318319763428,-0.001980085433628061,0.27853609520776534,0.00044672733501968317,0.39033141451542785,0.225,0.15,0.38999999999999996,1.5,129.85962909618183,0.006283071152534825,True,False,False
4.675,0.15884008819433146,0.008125655575944385,0.007808396645167469,0.003106926583712123,-0.04454248368893443,0.01312318319763428,-0.001980085433628061,0.2785696121617838,0.00046618932134471835,0.39033126173812593,0.225,0.15,0.38999999999999996,1.5,129.8596292569291,0.006377421627041276,True,False,False
4.68,0.15883302267917138,0.007271448654968088,0.007921617585558668,0.0031220827437821175,-0.04454248368893443,0.01312318319763428,-0.001980085433628061,0.2786036455056297,0.0004858914047495489,0.3903310783541806,0.225,0.15,0.38999999999999996,1.5,129.85962941320318,0.006471856430117656,True,False,False
4.6850000000000005,0.1588259125477714,0.006412706250335828,0.00803435846494613,0.003137296941018545,-0.04454248368893443,0.01312318319763428,-0.001980085433628061,0.27863819167186826,0.0005058348311190629,0.3903308644187505,0.225,0.15,0.38999999999999996,1.5,129.85962956496707,0.006566397327656632,True,False,False
4.69,0.1588187558327546,0.005549419484377923,0.008146611794270545,0.0031525751125483655,-0.04454248368893443,0.01312318319763428,-0.001980085433628061,0.27867324706536356,0.000526020845954776,0.3903306199942802,0.225,0.15,0.38999999999999996,1.5,129.8596297121836,0.00666106431333546,True,False,False
4.695,0.15881155056078103,0.0046815844715318,0.008258370289434045,0.0031679221173316046,-0.04454248368893443,0.01312318319763428,-0.001980085433628061,0.278708808062993,0.0005464506943563752,0.39033034514926823,0.225,0.15,0.38999999999999996,1.5,129.85962985481524,0.006755875715659515,True,False,False
4.7,0.15880429475233748,0.0038092098424427055,0.008369626859588366,0.0031833417041558436,-0.04509090855147057,0.012863500570535218,-0.0017560015957787127,0.27874487101338163,0.0005671256210031377,0.390330039956973,0.225,0.15,0.38999999999999996,1.5,129.86262747136726,0.005987774903696193,True,False,False
4.705,0.15879698602432482,0.0029323242123940143,0.008480446606448927,0.0031989035498347904,-0.04509090855147057,0.012863500570535218,-0.0017560015957787127,0.2787814322288884,0.0005880472958569375,0.39032970737634043,0.225,0.15,0.38999999999999996,1.5,129.8626276127832,0.006113895072400983,True,False,False
4.71,0.15878962198491392,0.002051066580243529,0.008590747160372883,0.003214537077821447,-0.04509090855147057,0.012863500570535218,-0.0017560015957787127,0.2788184879850372,0.0006092173879121091,0.39032935036687905,0.225,0.15,0.38999999999999996,1.5,129.8626277494263,0.006239389660401041,True,False,False
4.715,0.1587822006319251,0.0011661210394245866,0.00870052207662815,0.0032302345352472383,-0.04509090855147057,0.012863500570535218,-0.0017560015957787127,0.2788560345321964,0.0006306371393964431,0.3903289689972306,0.225,0.15,0.38999999999999996,1.5,129.86262788124077,0.006364285769479028,True,False,False
4.72,0.1587747199564437,0.0002870533776972927,0.008809765132227488,0.0032459897569988823,-0.04509090855147057,0.012863500570535218,-0.0017560015957787127,0.27889406809203027,0.000652307791923272,0.39032856332769617,0.225,0.15,0.38999999999999996,1.5,129.86262800817104,0.0064886083166873975,True,False,False
4.7250000000000005,0.15876717794315257,0.000632288415311006,0.008918471254413847,0.0032617984537702564,-0.04509090855147057,0.012863500570535218,-0.0017560015957787127,0.2789325848588373,0.000674230586475996,0.390328133411962,0.225,0.15,0.38999999999999996,1.5,129.86262813016236,0.006612380394295946,True,False,False
4.73,0.15875957257545828,0.0015288823885538894,0.009026638558354238,0.0032776596386436744,-0.04509090855147057,0.012863500570535218,-0.0017560015957787127,0.27897158101497777,0.000696406763394844,0.3903276793009259,0.225,0.15,0.38999999999999996,1.5,129.8626282471604,0.006735623482365963,True,False,False
4.735,0.15875190183419163,0.0024333498537419396,0.009134261814589931,0.003293569086467257,-0.04509090855147057,0.012863500570535218,-0.0017560015957787127,0.27901105272735843,0.0007188375623593528,0.3903272010422853,0.225,0.15,0.38999999999999996,1.5,129.86262835911126,0.006858357729963807,True,False,False
4.74,0.15874416369329844,0.0033431806106320075,0.009241335519094559,0.0033095221021764336,-0.04509090855147057,0.012863500570535218,-0.0017560015957787127,0.2790509961351011,0.0007415242223688891,0.39032669867818237,0.225,0.15,0.38999999999999996,1.5,129.86262846596154,0.006980602093580541,True,False,False
4.745,0.15873635611961012,0.00425800799192812,0.009347854319024277,0.003325513770475015,-0.04509090855147057,0.012863500570535218,-0.0017560015957787127,0.27909140734923443,0.0007644679817253306,0.390326172244984,0.225,0.15,0.38999999999999996,1.5,129.86262856765833,0.0071023744475520794,True,False,False
4.75,0.15872847707274212,0.00517772898585552,0.009453813007792735,0.003341538845705103,-0.04576695543551479,0.012588066440651195,-0.001559992982811081,0.27913228245276467,0.0007876700780156515,0.3903256217729486,0.225,0.15,0.38999999999999996,1.5,129.86526230097917,0.006159240742323374,True,False,False
4.755,0.1587205240832195,0.006102321323137358,0.009559279404232424,0.0033576728699519485,-0.04576695543551479,0.012588066440651195,-0.001559992982811081,0.27917361749139447,0.0008111321989661861,0.3903250498324928,0.225,0.15,0.38999999999999996,1.5,129.8652624094682,0.006318318015164834,True,False,False
4.76,0.1587124946714222,0.00703178429893361,0.00966417242405427,0.003373822580451132,-0.04576695543551479,0.012588066440651195,-0.001559992982811081,0.2792154084730886,0.0008348560310110034,0.3903244589853242,0.225,0.15,0.38999999999999996,1.5,129.86526251279022,0.006475965166530923,True,False,False
4.765,0.15870438677093163,0.007966107046952635,0.009768487379286032,0.0033899713023081155,-0.04576695543551479,0.012588066440651195,-0.001559992982811081,0.279257651382532,0.0008588428083414836,0.3903238492273964,0.225,0.15,0.38999999999999996,1.5,129.86526261085737,0.006632214477360914,True,False,False
4.7700000000000005,0.15869619830798015,0.008905279017476364,0.009872219789944332,0.003406105177579972,-0.04576695543551479,0.012588066440651195,-0.001559992982811081,0.2793003421772319,0.0008830937642351684,0.3903232205368064,0.225,0.15,0.38999999999999996,1.5,129.86526270358326,0.006787096353618335,True,False,False
4.775,0.15868792720150732,0.009849288510052488,0.009975365361442641,0.0034222123659231104,-0.04576695543551479,0.012588066440651195,-0.001559992982811081,0.27934347678804433,0.0009076101310418281,0.39032257287665617,0.225,0.15,0.38999999999999996,1.5,129.86526279088292,0.006940639749657992,True,False,False
4.78,0.15867957136318858,0.010798122146315543,0.010077919968629483,0.0034382824409568435,-0.04576695543551479,0.012588066440651195,-0.001559992982811081,0.2793870511196218,0.0009323931401687378,0.3903219061970388,0.225,0.15,0.38999999999999996,1.5,129.86526287267293,0.00709287246214,True,False,False
4.785,0.15867112869743955,0.01175176432734188,0.01017987964455701,0.0034543059420838,-0.04576695543551479,0.012588066440651195,-0.001559992982811081,0.27943106105079024,0.0009574440220653237,0.39032122043642786,0.225,0.15,0.38999999999999996,1.5,129.86526294887219,0.007243821335711159,True,False,False
4.79,0.15866259710140904,0.012710197548085746,0.010281240572629816,0.0034702740469772803,-0.04576695543551479,0.012588066440651195,-0.001559992982811081,0.27947550243489405,0.0009827640062074756,0.39032051552263997,0.225,0.15,0.38999999999999996,1.5,129.86526301940043,0.007393512408434152,True,False,False
4.795,0.1586539744649621,0.013673402004011641,0.010381999081174003,0.0034861783361272315,-0.04576695543551479,0.012588066440651195,-0.001559992982811081,0.27952037110011196,0.0010083543210814615,0.39031979137342765,0.225,0.15,0.38999999999999996,1.5,129.8652630841796,0.007541971015854581,True,False,False
4.8,0.15864525867065968,0.014641355835847324,0.01048215163974244,0.003502010626671814,-0.046476472039477565,0.012296773397767222,-0.00138706668138557,0.2795656628497636,0.0010342161941677055,0.3903190478968656,0.225,0.15,0.38999999999999996,1.5,129.867593260855,0.006571873669310534,True,False,False
4.805,0.1586364471478503,0.015614050535509964,0.010581772369857079,0.003517846671507321,-0.046476472039477565,0.012296773397767222,-0.00138706668138557,0.2796113734527312,0.0010603513280502785,0.3903182872526689,0.225,0.15,0.38999999999999996,1.5,129.867593338166,0.006758039294399619,True,False,False
4.8100000000000005,0.15862753731566623,0.01659147495013392,0.010680777596151263,0.003533588428273349,-0.046476472039477565,0.012296773397767222,-0.00138706668138557,0.2796574986433127,0.0010867614237072788,0.3903175115895157,0.225,0.15,0.38999999999999996,1.5,129.86759340986669,0.006941988905385758,True,False,False
4.815,0.15861852703063395,0.017573596922397905,0.010779164284052322,0.003549217196159078,-0.046476472039477565,0.012296773397767222,-0.00138706668138557,0.2797040341366221,0.0011134477043044538,0.3903167207734861,0.225,0.15,0.38999999999999996,1.5,129.86759347582935,0.007123764471224276,True,False,False
4.82,0.15860941414214408,0.01856037936905303,0.010876929606971389,0.003564717689120691,-0.046476472039477565,0.012296773397767222,-0.00138706668138557,0.27975097562459095,0.0011404113917987773,0.3903159146509916,0.225,0.15,0.38999999999999996,1.5,129.8675935359293,0.007303406314485441,True,False,False
4.825,0.1586001964925788,0.019551781252635275,0.010974070923889615,0.0035800771663887228,-0.046476472039477565,0.012296773397767222,-0.00138706668138557,0.2797983187766879,0.0011676537069258875,0.3903150930522504,0.225,0.15,0.38999999999999996,1.5,129.86759359004492,0.007480953531266648,True,False,False
4.83,0.15859087191740576,0.020547758091454472,0.011070585763501173,0.0035952847711571674,-0.046476472039477565,0.012296773397767222,-0.00138706668138557,0.27984605924053907,0.0011951758691865393,0.39031425579383616,0.225,0.15,0.38999999999999996,1.5,129.8675936380586,0.007656444275626649,True,False,False
4.835,0.1585814382452437,0.021548262508498128,0.011166471812996319,0.003610331034533412,-0.046476472039477565,0.012296773397767222,-0.00138706668138557,0.2798941926424671,0.0012229790968324807,0.39031340268060355,0.225,0.15,0.38999999999999996,1.5,129.86759367985536,0.0078299159519062,True,False,False
4.84,0.15857189329791233,0.022553244578467826,0.011261726910131638,0.0036252075077469457,-0.046476472039477565,0.012296773397767222,-0.00138706668138557,0.2799427145879822,0.0012510646068518007,0.3903125335070592,0.225,0.15,0.38999999999999996,1.5,129.86759371532386,0.008001405344377904,True,False,False
4.845,0.15856223489046897,0.023562652062009828,0.011356349037631238,0.0036399064922385295,-0.046476472039477565,0.012296773397767222,-0.00138706668138557,0.27999162066223426,0.001279433614953941,0.390311648058389,0.225,0.15,0.38999999999999996,1.5,129.86759374435633,0.00817094870410853,True,False,False
4.8500000000000005,0.15855246083123858,0.024576430617528813,0.011450336319242782,0.003654420843478172,-0.04715198871068464,0.01198954422593821,-0.0012272863413418703,0.2800409064304425,0.0013080873355544734,0.3903107461112152,0.225,0.15,0.38999999999999996,1.5,129.8697477055919,0.00727477698958463,True,False,False
4.855,0.158542568452224,0.02559453871991846,0.011543770918160957,0.0036688223988096996,-0.04715198871068464,0.01198954422593821,-0.0012272863413418703,0.2800905674285942,0.0013370274833412303,0.39030982952540805,0.225,0.15,0.38999999999999996,1.5,129.8697477495905,0.007478712603494583,True,False,False
4.86,0.15853255507606234,0.02661693251224407,0.01163656485669793,0.0036830202333533405,-0.04715198871068464,0.01198954422593821,-0.0012272863413418703,0.2801405991637379,0.0013662557710900055,0.39030890015165687,0.225,0.15,0.38999999999999996,1.5,129.86974778732068,0.007679802821040725,True,False,False
4.865,0.15852241848732382,0.027643548530849094,0.011728716740209488,0.0036969979674011514,-0.04715198871068464,0.01198954422593821,-0.0012272863413418703,0.28019099712906054,0.0013957734080001553,0.3903079577305777,0.225,0.15,0.38999999999999996,1.5,129.86974781861971,0.007878100117443658,True,False,False
4.87,0.15851215646418787,0.02867431919174082,0.011820225375340358,0.0037107427074923754,-0.04715198871068464,0.01198954422593821,-0.0012272863413418703,0.28024175679986757,0.001425581601770725,0.3903070019859406,0.225,0.15,0.38999999999999996,1.5,129.86974784332995,0.008073655457627962,True,False,False
4.875,0.15850176677860123,0.02970917346278108,0.011911089748684666,0.003724244195338671,-0.04715198871068464,0.01198954422593821,-0.0012272863413418703,0.2802928736343589,0.0014556815585887444,0.390306032628201,0.225,0.15,0.38999999999999996,1.5,129.86974786129943,0.008266518679789406,True,False,False
4.88,0.1584912471963998,0.03074803771456638,0.012001309011523508,0.0037374941573332537,-0.04715198871068464,0.01198954422593821,-0.0012272863413418703,0.2803443430742981,0.0014860744831166309,0.39030504935717447,0.225,0.15,0.38999999999999996,1.5,129.8697478723813,0.0084567387504219,True,False,False
4.885,0.15848059547740379,0.031790836179532364,0.01209088246885572,0.003750485813282278,-0.04715198871068464,0.01198954422593821,-0.0012272863413418703,0.2803961605456029,0.0015167615784789136,0.39030405186402467,0.225,0.15,0.38999999999999996,1.5,129.86974787643433,0.008644363932165855,True,False,False
4.89,0.15846980937549365,0.03283749132630423,0.012179809571466443,0.0037632135087529222,-0.04715198871068464,0.01198954422593821,-0.0012272863413418703,0.2804483214588764,0.0015477440462484623,0.3903030398327686,0.225,0.15,0.38999999999999996,1.5,129.86974787332278,0.008829441892561745,True,False,False
4.8950000000000005,0.15845888663867227,0.03388792415564946,0.01226808991014934,0.0037756724418351578,-0.04715198871068464,0.01198954422593821,-0.0012272863413418703,0.2805008212098978,0.0015790230864323712,0.39030201294140854,0.225,0.15,0.38999999999999996,1.5,129.8697478629165,0.009012019772671596,True,False,False
4.9,0.1584478250091186,0.03494205439186786,0.012355723211459248,0.003787858461116707,-0.047755836718086996,0.01166633151285363,-0.0010709782563901823,0.2805536551800835,0.0016105998974575862,0.3903009708627892,0.225,0.15,0.38999999999999996,1.5,129.8718512572027,0.00824133630664946,True,False,False
4.905,0.15843662173014425,0.03599981414650103,0.012442800412449367,0.003799837067646919,-0.047755836718086996,0.01166633151285363,-0.0010709782563901823,0.2806068187276806,0.0016424762034000476,0.39029991530299984,0.225,0.15,0.38999999999999996,1.5,129.87185126046498,0.008453176214498788,True,False,False
4.91,0.1584252740370149,0.03706113408856283,0.012529228426194637,0.003811530460260297,-0.047755836718086996,0.01166633151285363,-0.0010709782563901823,0.28066030718862867,0.0016746537261214996,0.39029884796267345,0.225,0.15,0.38999999999999996,1.5,129.87185125651757,0.00866175598298587,True,False,False
4.915,0.15841377965157213,0.038125927994191976,0.012615007430854315,0.003822926553341449,-0.047755836718086996,0.01166633151285363,-0.0010709782563901823,0.2807141158906672,0.0017071336579400655,0.39029776849078107,0.225,0.15,0.38999999999999996,1.5,129.8718512451802,0.008867136951343805,True,False,False
4.92,0.15840213629024963,0.039194106623137444,0.012700137790467005,0.0038340164675890655,-0.047755836718086996,0.01166633151285363,-0.0010709782563901823,0.2807682401492464,0.0017399171893838045,0.39029667652423716,0.225,0.15,0.38999999999999996,1.5,129.87185122628009,0.009069379006302404,True,False,False
4.925,0.15839034166423213,0.040265578582775886,0.012784620035655232,0.003844793753086263,-0.047755836718086996,0.01166633151285363,-0.0010709782563901823,0.28082267526826243,0.0017730055091795835,0.3902955716911464,0.225,0.15,0.38999999999999996,1.5,129.87185119965187,0.009268540914864482,True,False,False
4.93,0.1583783934795822,0.04134025090038323,0.012868454849689116,0.00385525379349585,-0.047755836718086996,0.01166633151285363,-0.0010709782563901823,0.28087741654069726,0.0018063998042411153,0.3902944536132476,0.225,0.15,0.38999999999999996,1.5,129.87185116513768,0.00946468054262365,True,False,False
4.9350000000000005,0.15836628943734019,0.04241802953442963,0.012951643058338305,0.0038653933540671996,-0.047755836718086996,0.01166633151285363,-0.0010709782563901823,0.280932459249178,0.0018401012596563357,0.3902933219077517,0.225,0.15,0.38999999999999996,1.5,129.87185112258717,0.009657854994644405,True,False,False
4.94,0.1583540272336069,0.043498819708829,0.013034185622409112,0.0038752102413630004,-0.047755836718086996,0.01166633151285363,-0.0010709782563901823,0.2809877986664837,0.0018741110586743405,0.3902921761887159,0.225,0.15,0.38999999999999996,1.5,129.87185107185746,0.009848120704037157,True,False,False
4.945,0.1583416045596118,0.044582526173024516,0.013116083632191104,0.0038847030483998464,-0.047755836718086996,0.01166633151285363,-0.0010709782563901823,0.28104343005600746,0.0019084303826919665,0.3902910160680927,0.225,0.15,0.38999999999999996,1.5,129.87185101281307,0.010035533485193253,True,False,False
4.95,0.158329019101773,0.04566905340773075,0.01319733830326723,0.003893870964311675,-0.048275712488673655,0.011327117621576153,-0.0009113418353943257,0.2810993486721897,0.001943060411240141,0.3902898411565113,0.225,0.15,0.38999999999999996,1.5,129.8739929966954,0.009401780462842346,True,False,False
4.955,0.1583162680253232,0.0467583176638726,0.01327804972629472,0.003902772179028231,-0.048275712488673655,0.011327117621576153,-0.0009113418353943257,0.28115554975217016,0.001978002875021841,0.3902886531317661,0.225,0.15,0.38999999999999996,1.5,129.87399294697065,0.00961302262290881,True,False,False
4.96,0.15830334848890418,0.04785023476777581,0.013358119082390554,0.003911343365155217,-0.048275712488673655,0.011327117621576153,-0.0009113418353943257,0.2812120285173121,0.0020132595022245847,0.39028745367002243,0.225,0.15,0.38999999999999996,1.5,129.87399288889617,0.009820802254829722,True,False,False
4.965,0.15829025816232792,0.04894470649093471,0.013437547995249191,0.003919576901375003,-0.048275712488673655,0.011327117621576153,-0.0009113418353943257,0.2812687801861927,0.002048831465379862,0.3902862423706996,0.225,0.15,0.38999999999999996,1.5,129.87399282229794,0.010025186672964145,True,False,False
4.97,0.1582769947110249,0.050041632840728614,0.013516338254131564,0.003927467923379503,-0.048275712488673655,0.011327117621576153,-0.0009113418353943257,0.28132579997032814,0.0020847199349397316,0.3902850188259989,0.225,0.15,0.38999999999999996,1.5,129.87399274701096,0.010226241745517861,True,False,False
4.9750000000000005,0.15826355579619034,0.051140912754253094,0.013594491797173168,0.003935013645297986,-0.048275712488673655,0.011327117621576153,-0.0009113418353943257,0.28138308307482385,0.002120926079266122,0.39028378262366636,0.225,0.15,0.38999999999999996,1.5,129.8739926628794,0.010424032175884019,True,False,False
4.98,0.1582499390749015,0.05224244464088209,0.013672010699260497,0.003942212838295907,-0.048275712488673655,0.011327117621576153,-0.0009113418353943257,0.2814406246989371,0.002157451064619336,0.39028253334908813,0.225,0.15,0.38999999999999996,1.5,129.87399256975655,0.010618621685827948,True,False,False
4.985,0.15823614220021265,0.05334612680159607,0.013748897163140903,0.003949065434019665,-0.048275712488673655,0.011327117621576153,-0.0009113418353943257,0.28149842003657327,0.002194296055145969,0.3902812705868218,0.225,0.15,0.38999999999999996,1.5,129.8739924675045,0.010810073132413858,True,False,False
4.99,0.15822216282123247,0.054451857648388155,0.01382515351282925,0.003955572225096772,-0.048275712488673655,0.011327117621576153,-0.0009113418353943257,0.2815564642767284,0.0022314622128664437,0.3902799939217513,0.225,0.15,0.38999999999999996,1.5,129.87399235599437,0.01099844858032164,True,False,False
4.995,0.15820799858319068,0.055559536013702185,0.013900782188653718,0.003961734639916185,-0.048275712488673655,0.011327117621576153,-0.0009113418353943257,0.2816147526038963,0.002268950697662213,0.3902787029399363,0.225,0.15,0.38999999999999996,1.5,129.87399223510585,0.011183809344162889,True,False,False
5.0,0.15819364712749537,0.0566690612286968,0.013975785743478061,0.003967554573603515,-0.04871667557001178,0.010971914967963334,-0.0007451358314794268,0.2816732801984453,0.002306762667262763,0.3902773972292322,0.225,0.15,0.38999999999999996,1.5,129.8762159284546,0.010672331014310157,True,False,False
5.005,0.15817910555210601,0.05778034375600733,0.014050273826903386,0.003973082964303178,-0.04871667557001178,0.010971914967963334,-0.0007451358314794268,0.28173204222855885,0.0023448998561424648,0.39027607851911655,0.225,0.15,0.38999999999999996,1.5,129.87621581094692,0.010876746610360748,True,False,False
5.01,0.15816437094978864,0.05889329439692839,0.01412414113580711,0.003978269390180527,-0.04871667557001178,0.010971914967963334,-0.0007451358314794268,0.2817910338524676,0.002383363995958218,0.39027474854039124,0.225,0.15,0.38999999999999996,1.5,129.87621568393445,0.011077671150256336,True,False,False
5.015,0.1581494409489377,0.060007812350850114,0.014197390583955508,0.003983109812853402,-0.04871667557001178,0.010971914967963334,-0.0007451358314794268,0.281850250230493,0.0024221562365474704,0.3902734068796927,0.225,0.15,0.38999999999999996,1.5,129.87621554727113,0.011275174777118984,True,False,False
5.0200000000000005,0.15813431317454552,0.06112379601733889,0.014270025230039758,0.003987602476564078,-0.04871667557001178,0.010971914967963334,-0.0007451358314794268,0.28190968652046067,0.0024612777253784474,0.39027205312022795,0.225,0.15,0.38999999999999996,1.5,129.8762154008211,0.011469326170980143,True,False,False
5.025,0.1581189852483332,0.0622411435668065,0.014342048263651144,0.0039917473283245025,-0.04871667557001178,0.010971914967963334,-0.0007451358314794268,0.2819693378782568,0.0025007296075398107,0.3902706868440504,0.225,0.15,0.38999999999999996,1.5,129.87621524445876,0.011660192786165114,True,False,False
5.03,0.15810345478885626,0.06335975340334561,0.01441346299508487,0.0039955455720706344,-0.04871667557001178,0.010971914967963334,-0.0007451358314794268,0.28202919945830646,0.002540513025729608,0.3902693076337505,0.225,0.15,0.38999999999999996,1.5,129.876215078068,0.01184784100571304,True,False,False
5.035,0.15808771941159075,0.0644795244421418,0.014484272847855166,0.0039989993293192295,-0.04871667557001178,0.010971914967963334,-0.0007451358314794268,0.28208926641399423,0.0025806291202437343,0.390267915073692,0.225,0.15,0.38999999999999996,1.5,129.87621490154228,0.012032336239895016,True,False,False
5.04,0.158071776729005,0.06560035636236573,0.01455448135313906,0.004002111382677184,-0.04871667557001178,0.010971914967963334,-0.0007451358314794268,0.28214953389804,0.002621079028964035,0.3902665087509105,0.225,0.15,0.38999999999999996,1.5,129.87621471478468,0.01221374298719271,True,False,False
5.045,0.15805562435062168,0.0667221497673475,0.014624092145599355,0.0040048849828196315,-0.04871667557001178,0.010971914967963334,-0.0007451358314794268,0.2822099970628436,0.002661863887346111,0.39026508825575246,0.225,0.15,0.38999999999999996,1.5,129.87621451770724,0.012392124870122187,True,False,False
5.05,0.15803925988307313,0.06784480628959288,0.014693108960200593,0.004007323703542375,-0.049092758800045065,0.010600766497327708,-0.000572172103241995,0.282270651060805,0.0027029848284069674,0.3902636531823052,0.225,0.15,0.38999999999999996,1.5,129.87852320939388,0.011976017041898808,True,False,False
5.055,0.1580226803673144,0.0689682379741296,0.014761651613472107,0.004009471879979286,-0.049092758800045065,0.010600766497327708,-0.000572172103241995,0.2823314910363538,0.002744443587426574,0.3902622053437709,0.225,0.15,0.38999999999999996,1.5,129.87852300970584,0.012169766900633735,True,False,False
5.0600000000000005,0.15800588284038122,0.07009235767774717,0.014829607347230237,0.004011289153448064,-0.049092758800045065,0.010600766497327708,-0.000572172103241995,0.2823925121288891,0.0027862418965642084,0.3902607465564236,0.225,0.15,0.38999999999999996,1.5,129.87852279953577,0.012360118341185344,True,False,False
5.065,0.15798886489920944,0.07121706847666359,0.014896980214744261,0.004012773808171779,-0.049092758800045065,0.010600766497327708,-0.000572172103241995,0.2824537094841684,0.0028283808800493543,0.39025927641930713,0.225,0.15,0.38999999999999996,1.5,129.8785225787811,0.012547141574853718,True,False,False
5.07,0.1579716241382609,0.07234227322130454,0.014963774400881468,0.004013926006591387,-0.049092758800045065,0.010600766497327708,-0.000572172103241995,0.28251507824934174,0.0028708616594518553,0.39025779453042475,0.225,0.15,0.38999999999999996,1.5,129.8785223473494,0.012730905329557495,True,False,False
5.075,0.1579541581496482,0.07346787507172858,0.015029994203287132,0.004014747285128437,-0.049092758800045065,0.010600766497327708,-0.000572172103241995,0.28257661357343805,0.002913685353671989,0.3902563004886021,0.225,0.15,0.38999999999999996,1.5,129.87852210515834,0.012911477057756382,True,False,False
5.08,0.15793646452322302,0.07459377781719329,0.015095644024158559,0.004015240174263953,-0.049092758800045065,0.010600766497327708,-0.000572172103241995,0.28263831060774636,0.0029568530789299426,0.3902547938948346,0.225,0.15,0.38999999999999996,1.5,129.8785218521353,0.013088923070096844,True,False,False
5.085,0.15791854084665632,0.07571988610818693,0.015160728366338373,0.004015407912342156,-0.049092758800045065,0.010600766497327708,-0.000572172103241995,0.2827001645061698,0.0030003659487548556,0.3902532743532499,0.225,0.15,0.38999999999999996,1.5,129.87852158821713,0.013263308620053428,True,False,False
5.09,0.15790038470550724,0.07684610564310927,0.015225251828730732,0.004015254227284949,-0.049092758800045065,0.010600766497327708,-0.000572172103241995,0.28276217042554425,0.003044225073973521,0.3902517414717962,0.225,0.15,0.38999999999999996,1.5,129.8785213133499,0.013434697958003292,True,False,False
5.095,0.15788199368328448,0.07797234329084131,0.01528921910287083,0.004014783172648553,-0.049092758800045065,0.010600766497327708,-0.000572172103241995,0.2828243235259312,0.0030884315626988888,0.39025019486269646,0.225,0.15,0.38999999999999996,1.5,129.8785210274887,0.013603154364008725,True,False,False
5.1000000000000005,0.15786336536150156,0.07909850715563323,0.015352634970324287,0.004013999004873516,-0.049420172024047124,0.010213746241194817,-0.0003942743153038991,0.28288661897089007,0.003132986520318399,0.39024863414274985,0.225,0.15,0.38999999999999996,1.5,129.8808915445952,0.013253997558483525,True,False,False
5.105,0.15784449673388862,0.08022451506283416,0.0154156302635001,0.004012940311352231,-0.049420172024047124,0.010213746241194817,-0.0003942743153038991,0.2829490519194465,0.003177891679850912,0.39024706120349945,0.225,0.15,0.38999999999999996,1.5,129.88089125114075,0.013435249247111465,True,False,False
5.11,0.1578253847914274,0.08135028582505255,0.015478083600678448,0.004011573898108024,-0.049420172024047124,0.010213746241194817,-0.0003942743153038991,0.28301161752968884,0.003223148770890679,0.39024547794020514,0.225,0.15,0.38999999999999996,1.5,129.88089094654265,0.0136132653766023,True,False,False
5.115,0.15780602710905542,0.08247572963651077,0.015540000046600236,0.00400989919841103,-0.049420172024047124,0.010213746241194817,-0.0003942743153038991,0.28307431096979485,0.0032687588891406197,0.3902438839772448,0.225,0.15,0.38999999999999996,1.5,129.8808906307485,0.013788114155630037,True,False,False
5.12,0.15778642126013806,0.08360075678959705,0.015601384778668128,0.004007917208372549,-0.049420172024047124,0.010213746241194817,-0.0003942743153038991,0.28313712741263036,0.003314723127353318,0.3902422789390763,0.225,0.15,0.38999999999999996,1.5,129.88089030371557,0.013959862309012411,True,False,False
5.125,0.15776656481658247,0.08472527804296075,0.01566224307711095,0.004005630058165848,-0.049420172024047124,0.010213746241194817,-0.0003942743153038991,0.2832000620361576,0.0033610425753216665,0.3902406624517808,0.225,0.15,0.38999999999999996,1.5,129.8808899654102,0.014128575258447088,True,False,False
5.13,0.1577464553489336,0.0858492049385372,0.015722580317869786,0.004003040682953135,-0.049420172024047124,0.010213746241194817,-0.0003942743153038991,0.28326311002378907,0.003407718319868966,0.39023903414415567,0.225,0.15,0.38999999999999996,1.5,129.88088961580814,0.014294317241880152,True,False,False
5.135,0.15772609042645608,0.08697244996322827,0.01578240196740518,0.004000152573120477,-0.049420172024047124,0.010213746241194817,-0.0003942743153038991,0.28332626656469817,0.003454751444838629,0.3902373936484995,0.225,0.15,0.38999999999999996,1.5,129.88088925489373,0.014457151391587255,True,False,False
5.14,0.15770546761720614,0.08809492671396987,0.01584171357886629,0.003996969586262043,-0.049420172024047124,0.010213746241194817,-0.0003942743153038991,0.28338952685409907,0.003502143031083651,0.3902357406011372,0.225,0.15,0.38999999999999996,1.5,129.88088888265983,0.014617139784582242,True,False,False
5.1450000000000005,0.15768458448809772,0.0892165499393078,0.01590052078923008,0.003993495806510239,-0.049420172024047124,0.010213746241194817,-0.0003942743153038991,0.2834528860935058,0.0035498941564558227,0.3902340746427406,0.225,0.15,0.38999999999999996,1.5,129.8808884991077,0.014774343474531309,True,False,False
5.15,0.15766343860496276,0.09033723563772202,0.01595882931713532,0.0039897354397645185,-0.049712887820179526,0.00981095985228166,-0.0002141913540476784,0.2835163394909711,0.0035980058957948546,0.3902323954185485,0.225,0.15,0.38999999999999996,1.5,129.88328530708847,0.014468813178827306,True,False,False
5.155,0.15764202692400478,0.09145690886325822,0.016016782047908615,0.0039857221166695826,-0.049712887820179526,0.00981095985228166,-0.0002141913540476784,0.28357988225290987,0.003646479976713644,0.39023070487075157,0.225,0.15,0.38999999999999996,1.5,129.88328491238167,0.01463713794349393,True,False,False
5.16,0.1576203463998124,0.09257549559880442,0.01607424768068804,0.003981427559818028,-0.049712887820179526,0.00981095985228166,-0.0002141913540476784,0.28364350958827533,0.003695318123096885,0.39022900494512897,0.225,0.15,0.38999999999999996,1.5,129.88328450624655,0.01480242008662536,True,False,False
5.165,0.15759839459474595,0.09369291394370667,0.01613123218860901,0.0039768515092324114,-0.049712887820179526,0.00981095985228166,-0.0002141913540476784,0.28370721671943244,0.0037445213992040225,0.3902272952946195,0.225,0.15,0.38999999999999996,1.5,129.88328408868063,0.014964724476184606,True,False,False
5.17,0.1575761690705396,0.09480908213828342,0.016187741645936105,0.00397199505748912,-0.049712887820179526,0.00981095985228166,-0.0002141913540476784,0.28377099887635654,0.003794090866053955,0.3902255755724605,0.225,0.15,0.38999999999999996,1.5,129.8832836596903,0.015124114514249087,True,False,False
5.175,0.1575536673884167,0.09592391889866315,0.016243782219530344,0.0039668602691858255,-0.049712887820179526,0.00981095985228166,-0.0002141913540476784,0.28383485129699876,0.0038440275814164153,0.3902238454335393,0.225,0.15,0.38999999999999996,1.5,129.88328321928998,0.015280652302145613,True,False,False
5.18,0.15753088710919144,0.09703734366030312,0.01629936016267092,0.003961449889382782,-0.049712887820179526,0.00981095985228166,-0.0002141913540476784,0.2838987692276093,0.0038943325998028085,0.3902221045353108,0.225,0.15,0.38999999999999996,1.5,129.88328276750238,0.015434398750715214,True,False,False
5.1850000000000005,0.15750782579335687,0.0981492767523953,0.01635448181053205,0.003955767122827339,-0.049712887820179526,0.00981095985228166,-0.0002141913540476784,0.28396274792301945,0.003945006972456739,0.39022035253847,0.225,0.15,0.38999999999999996,1.5,129.88328230435803,0.01558541365364729,True,False,False
5.19,0.15748448100116536,0.09925963948663541,0.01640915357682741,0.003949815468292255,-0.049712887820179526,0.00981095985228166,-0.0002141913540476784,0.28402678264689996,0.0039960517473442555,0.39021858910736623,0.225,0.15,0.38999999999999996,1.5,129.88328182989466,0.01573375573604697,True,False,False
5.195,0.15746085029270349,0.10036835422878829,0.01646338195128102,0.003943598595168117,-0.049712887820179526,0.00981095985228166,-0.0002141913540476784,0.284090868671999,0.004047467969143963,0.39021681391027174,0.225,0.15,0.38999999999999996,1.5,129.88328134415738,0.015879482686431218,True,False,False
5.2,0.15743693122796323,0.10147534444005285,0.016517173497685177,0.003937120252086129,-0.049980534380485844,0.009392545050743743,-3.474842941769284e-05,0.2841550012803664,0.004099256679236993,0.390215026619525,0.225,0.15,0.38999999999999996,1.5,129.88566763539572,0.015602172137707392,True,False,False
5.205,0.1574127207358709,0.10258054202387362,0.01657068427885123,0.0039304096812926735,-0.049980534380485844,0.009392545050743743,-3.474842941769284e-05,0.28421917575501787,0.004151419596633574,0.39021322919204915,0.225,0.15,0.38999999999999996,1.5,129.8856671362554,0.01575793094279818,True,False,False
5.21,0.15738821574490916,0.10368387966470934,0.01662377173544593,0.003923442180698861,-0.049980534380485844,0.009392545050743743,-3.474842941769284e-05,0.2842833873845989,0.0042039584363136205,0.3902114235878275,0.225,0.15,0.38999999999999996,1.5,129.8856666257779,0.015910843875370718,True,False,False
5.215,0.15736341381488253,0.10478528260480682,0.01667644265891837,0.00391621734157877,-0.049980534380485844,0.009392545050743743,-3.474842941769284e-05,0.28434763147421194,0.004256874228186654,0.3902096094856814,0.225,0.15,0.38999999999999996,1.5,129.88566610400682,0.016060971738734553,True,False,False
5.22,0.15733831250600522,0.10588467615054181,0.016728703931314065,0.00390873597290195,-0.049980534380485844,0.009392545050743743,-3.474842941769284e-05,0.2844119033392669,0.004310167998632892,0.3902077865645125,0.225,0.15,0.38999999999999996,1.5,129.885665570993,0.016208373910813693,True,False,False
5.2250000000000005,0.15731290937902584,0.10698198599602786,0.016780562517596756,0.0039009997558384123,-0.049980534380485844,0.009392545050743743,-3.474842941769284e-05,0.2844761983058271,0.0043638407704954365,0.3902059545044907,0.225,0.15,0.38999999999999996,1.5,129.88566502679458,0.016353108498271426,True,False,False
5.23,0.15728720199533733,0.10807713841864014,0.01683202546004129,0.0038930109794299444,-0.049980534380485844,0.009392545050743743,-3.474842941769284e-05,0.2845405117109115,0.004417893563072029,0.39020411298791013,0.225,0.15,0.38999999999999996,1.5,129.88566447147633,0.016495232440411546,True,False,False
5.235,0.15726118791707636,0.10917006043569433,0.01688309987407536,0.0038847723408328215,-0.049980534380485844,0.009392545050743743,-3.474842941769284e-05,0.2846048389027649,0.004472327392106423,0.3902022616997636,0.225,0.15,0.38999999999999996,1.5,129.8856639051095,0.016634801579249864,True,False,False
5.24,0.15723486470721607,0.11026067990192705,0.01693379294513692,0.003876286795829286,-0.049980534380485844,0.009392545050743743,-3.474842941769284e-05,0.28466917524110585,0.00452714326977961,0.39020040032811576,0.225,0.15,0.38999999999999996,1.5,129.88566332777185,0.01677187070687134,True,False,False
5.245,0.15720822992965283,0.11134892556173047,0.016984111926244758,0.0038675574478659503,-0.049980534380485844,0.009392545050743743,-3.474842941769284e-05,0.28473351609735525,0.0045823422047008245,0.39019852856434317,0.225,0.15,0.38999999999999996,1.5,129.885662739547,0.01690649359756284,True,False,False
5.25,0.15718128114929092,0.11243472707546927,0.017034064136070552,0.003858587466281967,-0.05022810035013497,0.008958671951162626,0.00014166008588824427,0.2847978568548544,0.004637925201898494,0.3901966461032556,0.225,0.15,0.38999999999999996,1.5,129.8880071114272,0.016649888909019594,True,False,False
5.255,0.1571540152790653,0.11351802194057226,0.01708381991885008,0.003849401998637617,-0.05022810035013497,0.008958671951162626,0.00014166008588824427,0.2848621929004173,0.004693893968554371,0.39019475488236455,0.225,0.15,0.38999999999999996,1.5,129.88800650849714,0.016793734489976456,True,False,False
5.26,0.15712642923273834,0.11459874829445467,0.017133224146654705,0.0038399794296530973,-0.05022810035013497,0.008958671951162626,0.00014166008588824427,0.28492651962938803,0.004750250207520375,0.390192856841637,0.225,0.15,0.38999999999999996,1.5,129.88800589466211,0.016934921369538683,True,False,False
5.265,0.15709852057864018,0.11567683715487659,0.017182284335263004,0.0038303190753805963,-0.05022810035013497,0.008958671951162626,0.00014166008588824427,0.2849908324564259,0.0048069949114693976,0.3901909516808117,0.225,0.15,0.38999999999999996,1.5,129.88800527000535,0.017073505992355895,True,False,False
5.2700000000000005,0.15707028688667274,0.1167522195112628,0.017231008079494244,0.003820421379071279,-0.05022810035013497,0.008958671951162626,0.00014166008588824427,0.2850551268090891,0.004864129069258625,0.390189039099371,0.225,0.15,0.38999999999999996,1.5,129.88800463461595,0.017209543438408758,True,False,False
5.275,0.15704172572844474,0.11782482661039664,0.01727940304607237,0.0038102875931516787,-0.05022810035013497,0.008958671951162626,0.00014166008588824427,0.2851193981281677,0.004921653665922658,0.39018711879763907,0.225,0.15,0.38999999999999996,1.5,129.888003988589,0.01734308756791776,True,False,False
5.28,0.15701283467739377,0.11889459016803694,0.017327476968326323,0.0037999195361389025,-0.05022810035013497,0.008958671951162626,0.00014166008588824427,0.2851836418679772,0.004979569682666203,0.3901851904775764,0.225,0.15,0.38999999999999996,1.5,129.8880033320251,0.01747419111972839,True,False,False
5.285,0.15698361130889882,0.119961442477794,0.017375237642168376,0.003789319409165906,-0.05022810035013497,0.008958671951162626,0.00014166008588824427,0.2852478534966225,0.005037878096856466,0.39018325384331054,0.225,0.15,0.38999999999999996,1.5,129.88800266503029,0.017602905778332723,True,False,False
5.29,0.15695405320038502,0.12102531652609204,0.01742269292296253,0.0037784896589015274,-0.05022810035013497,0.008958671951162626,0.00014166008588824427,0.2853120284962391,0.00509657988201535,0.39018130860150346,0.225,0.15,0.38999999999999996,1.5,129.88800198771574,0.017729282219806696,True,False,False
5.295,0.15692415793142564,0.12208614603828061,0.01746985072301305,0.003767432876014165,-0.05022810035013497,0.008958671951162626,0.00014166008588824427,0.28537616236322133,0.005155676007811495,0.39017935446156926,0.225,0.15,0.38999999999999996,1.5,129.8880013001973,0.01785337014358978,True,False,False
5.3,0.15689392308383984,0.12314386551042167,0.017516719009484125,0.0037561517205495793,-0.050456726343581025,0.008509543269891298,0.00031326218980034506,0.28544025060843714,0.005215167440052229,0.39017739113580263,0.225,0.15,0.38999999999999996,1.5,129.89028032912725,0.01761621470111999,True,False,False
5.305,0.15686334556719775,0.12419841668949422,0.017563483401381665,0.0037446672818054055,-0.050456726343581025,0.008509543269891298,0.00031326218980034506,0.28550428874874856,0.005275055870852138,0.39017542051530624,0.225,0.15,0.38999999999999996,1.5,129.8902796261539,0.017748758448865073,True,False,False
5.3100000000000005,0.15683242229330346,0.12524974183048262,0.017609974971769433,0.003732961178671763,-0.050456726343581025,0.008509543269891298,0.00031326218980034506,0.28556827231237847,0.005335342987699876,0.3901734444931493,0.225,0.15,0.38999999999999996,1.5,129.89027891300285,0.01787881742740775,True,False,False
5.315,0.1568011508514232,0.12629777644038104,0.01765620184561875,0.003721032544082309,-0.050456726343581025,0.008509543269891298,0.00031326218980034506,0.28563219684958474,0.005396029743173262,0.3901714627853309,0.225,0.15,0.38999999999999996,1.5,129.89027818979,0.018006443674317876,True,False,False
5.32,0.15676952883369438,0.12734245592554053,0.01770217221264763,0.003708881563519009,-0.050456726343581025,0.008509543269891298,0.00031326218980034506,0.28569605792606534,0.005457117085751194,0.39016947510736844,0.225,0.15,0.38999999999999996,1.5,129.89027745663628,0.01813168793956666,True,False,False
5.325,0.15673755383527138,0.1283837158743011,0.01774789432055445,0.0036965091819545002,-0.050456726343581025,0.008509543269891298,0.00031326218980034506,0.28575985112328045,0.005518605959807741,0.39016748117533123,0.225,0.15,0.38999999999999996,1.5,129.8902767136674,0.018254599820948847,True,False,False
5.33,0.15670522345445903,0.12942149222991642,0.017793376469873657,0.003683916879932949,-0.050456726343581025,0.008509543269891298,0.00031326218980034506,0.2858235720387382,0.005580497305605889,0.39016548070658713,0.225,0.15,0.38999999999999996,1.5,129.89027596101346,0.01837522785647885,True,False,False
5.335,0.15667253529283712,0.13045572142148146,0.017838627009955175,0.0036711065046388823,-0.050456726343581025,0.008509543269891298,0.00031326218980034506,0.28588721628625363,0.005642792059290951,0.3901634734203109,0.225,0.15,0.38999999999999996,1.5,129.89027519880855,0.018493619587761925,True,False,False
5.34,0.15663948695537874,0.13148634046635915,0.01788365433572207,0.003658080143753242,-0.050456726343581025,0.008509543269891298,0.00031326218980034506,0.2859507794961876,0.005705491152883835,0.3901614590378371,0.225,0.15,0.38999999999999996,1.5,129.890274427191,0.018609821603833586,True,False,False
5.345,0.15660607605056429,0.1325132870044768,0.017928466884966444,0.0036448400320782323,-0.050456726343581025,0.008509543269891298,0.00031326218980034506,0.2860142573156709,0.0057685955142741455,0.39015943728287894,0.225,0.15,0.38999999999999996,1.5,129.8902736463028,0.018723879571866404,True,False,False
5.3500000000000005,0.15657230019049326,0.1335364993528251,0.017973073136016426,0.0036313884829635907,-0.05066496300737309,0.008045394429266956,0.0004788725110997168,0.2860776454088193,0.005832106067213197,0.3901574078816583,0.225,0.15,0.38999999999999996,1.5,129.89247149065406,0.01850893805006704,True,False,False
5.355,0.15653815629541634,0.13455592250293763,0.01801767480389223,0.0036177423635312886,-0.05066496300737309,0.008045394429266956,0.0004788725110997168,0.286140939448317,0.005896024485506178,0.3901553726604163,0.225,0.15,0.38999999999999996,1.5,129.89247069382992,0.018630577016396015,True,False,False
5.36,0.15650364128936878,0.13557150188022762,0.018062088040404062,0.003603887048097661,-0.05066496300737309,0.008045394429266956,0.0004788725110997168,0.28620413512101833,0.005960352438040314,0.39015333344706127,0.225,0.15,0.38999999999999996,1.5,129.8924698878084,0.018749894249883655,True,False,False
5.365,0.15646875279633177,0.13658317662008057,0.018106321430157817,0.003589821682782773,-0.05066496300737309,0.008045394429266956,0.0004788725110997168,0.2862672281384036,0.006025090834475303,0.39015128997091647,0.225,0.15,0.38999999999999996,1.5,129.8924690727322,0.01886693743226796,True,False,False
5.37,0.1564334884445851,0.1375908857561192,0.01815038360438842,0.0035755463866633066,-0.05066496300737309,0.008045394429266956,0.0004788725110997168,0.28633021422988536,0.006090240580092594,0.3901492419608366,0.225,0.15,0.38999999999999996,1.5,129.89246824874778,0.018981753047108106,True,False,False
5.375,0.156397845866862,0.13859456845906004,0.01819428323450976,0.0035610619848298144,-0.05066496300737309,0.008045394429266956,0.0004788725110997168,0.28639308914311956,0.006155802575790517,0.3901471891461526,0.225,0.15,0.38999999999999996,1.5,129.89246741600536,0.019094386504232296,True,False,False
5.38,0.15636182270049237,0.13959416422583462,0.018238029027076032,0.0035463698044098783,-0.05066496300737309,0.008045394429266956,0.0004788725110997168,0.28645584864428175,0.006221777718079022,0.3901451312573721,0.225,0.15,0.38999999999999996,1.5,129.89246657465833,0.019204882224949617,True,False,False
5.385,0.15632541658753685,0.14058961299306966,0.018281629719717463,0.0035314715206639815,-0.05066496300737309,0.008045394429266956,0.0004788725110997168,0.2865184885183174,0.006288166899074241,0.390143068026663,0.225,0.15,0.38999999999999996,1.5,129.8924657248632,0.01931328370078171,True,False,False
5.39,0.1562886251749162,0.14158085521736774,0.018325094077748162,0.0035163690420375025,-0.05066496300737309,0.008045394429266956,0.0004788725110997168,0.2865810045691758,0.0063549710064927795,0.39014099918818695,0.225,0.15,0.38999999999999996,1.5,129.89246486677942,0.01941963353436593,True,False,False
5.3950000000000005,0.1562514461145357,0.14256783193685543,0.018368430891236843,0.0035010644250409464,-0.05066496300737309,0.008045394429266956,0.0004788725110997168,0.2866433926200287,0.006422190923645969,0.39013892447832427,0.225,0.15,0.38999999999999996,1.5,129.89246400056902,0.01952397346836002,True,False,False
5.4,0.156213877063408,0.14355048480225888,0.01841164897239497,0.0034855598116996364,-0.05085003898349457,0.007566493581575999,0.0006377342796272936,0.28670564851348124,0.006489827529433998,0.3901368436357975,0.225,0.15,0.38999999999999996,1.5,129.89457039241705,0.019335907557400535,True,False,False
5.405,0.15617591496780897,0.1445287615738861,0.01845496674619499,0.003469867553519301,-0.05085003898349457,0.007566493581575999,0.0006377342796272936,0.2867677681033223,0.006557882476110865,0.3901347584108105,0.225,0.15,0.38999999999999996,1.5,129.89456950992823,0.019446776830726983,True,False,False
5.41,0.1561375567794776,0.14550261041154547,0.018498184444117785,0.003453977444440408,-0.05085003898349457,0.007566493581575999,0.0006377342796272936,0.2868297472602894,0.006626357410725211,0.3901326705551902,0.225,0.15,0.38999999999999996,1.5,129.8945686194432,0.019555481568607154,True,False,False
5.415,0.15609880017210245,0.14647197377170315,0.018541310919549508,0.0034378888539942244,-0.05085003898349457,0.007566493581575999,0.0006377342796272936,0.28689158188218267,0.006695253197236818,0.39013057981079924,0.225,0.15,0.38999999999999996,1.5,129.89456772112592,0.019662065153763272,True,False,False
5.42,0.15605964282520254,0.14743679405640842,0.01858435505025622,0.0034216020283878074,-0.05085003898349457,0.007566493581575999,0.0006377342796272936,0.2869532678871505,0.006764570694952305,0.3901284859192714,0.225,0.15,0.38999999999999996,1.5,129.8945668151428,0.019766569869135022,True,False,False
5.425,0.15602008242428744,0.14839701383578274,0.01862732573228741,0.0034051178528887896,-0.05085003898349457,0.007566493581575999,0.0006377342796272936,0.28701480121398293,0.006834310758521337,0.39012638862286464,0.225,0.15,0.38999999999999996,1.5,129.89456590166267,0.019869037009385665,True,False,False
5.43,0.1559801166610067,0.14935257601047414,0.018670231875077655,0.0033884376702049664,-0.05085003898349457,0.007566493581575999,0.0006377342796272936,0.2870761778223742,0.006904474237932406,0.39012428766509605,0.225,0.15,0.38999999999999996,1.5,129.89456498085664,0.01996950695750149,True,False,False
5.4350000000000005,0.15593974323329135,0.1503034239193069,0.01871308239737379,0.0033715631433902833,-0.05085003898349457,0.007566493581575999,0.0006377342796272936,0.287137393693161,0.006975061978508475,0.3901221827911829,0.225,0.15,0.38999999999999996,1.5,129.89456405289812,0.02006801923783006,True,False,False
5.44,0.15589895984549001,0.15124950141632232,0.01875588622373099,0.003354496153389567,-0.05085003898349457,0.007566493581575999,0.0006377342796272936,0.2871984448285456,0.00704607482090241,0.39012007374835306,0.225,0.15,0.38999999999999996,1.5,129.89456311796212,0.020164612553251676,True,False,False
5.445,0.15585776420850156,0.15219075292100748,0.01879865228140053,0.003337238723103534,-0.05085003898349457,0.007566493581575999,0.0006377342796272936,0.2872593272523062,0.007117513601092329,0.3901179602860481,0.225,0.15,0.38999999999999996,1.5,129.89456217622575,0.020259324811668925,True,False,False
5.45,0.15581615403990498,0.15312712346671753,0.018841389497486222,0.0033197929615183253,-0.05100887735158727,0.00707314157372751,0.0007893286067668253,0.28732003700999764,0.007189379150376905,0.3901158421560669,0.225,0.15,0.38999999999999996,1.5,129.8965699686559,0.020103062984579072,True,False,False
5.455,0.15577412632837936,0.1540585635806508,0.018884333396889975,0.0033021663485540017,-0.05100887735158727,0.00707314157372751,0.0007893286067668253,0.28738057016096746,0.00726167309621888,0.39011372102633596,0.225,0.15,0.38999999999999996,1.5,129.8965690104393,0.020203068706887418,True,False,False
5.46,0.15573167806984628,0.1549850242085267,0.018927267427332084,0.0032843537407865743,-0.05100887735158727,0.00707314157372751,0.0007893286067668253,0.2874409227842261,0.007334397060593068,0.3901115985664702,0.225,0.15,0.38999999999999996,1.5,129.89656804562534,0.020301066647438557,True,False,False
5.465,0.1556888070036205,0.15590645129104327,0.018970200479419764,0.003266354899435925,-0.05100887735158727,0.00707314157372751,0.0007893286067668253,0.2875010909880809,0.007407551859023466,0.390109474531964,0.225,0.15,0.38999999999999996,1.5,129.8965670743929,0.020397095906539434,True,False,False
5.47,0.15564551087645068,0.15682279081215597,0.019013141442253464,0.003248170345543267,-0.05100887735158727,0.00707314157372751,0.0007893286067668253,0.28756107090348215,0.007481138302110929,0.39010734867848695,0.225,0.15,0.38999999999999996,1.5,129.89656609692275,0.020491194589597316,True,False,False
5.4750000000000005,0.15560178744268005,0.15773398898382016,0.019056099197785267,0.0032298011555882606,-0.05100887735158727,0.00707314157372751,0.0007893286067668253,0.2876208586842917,0.007555157195530371,0.39010522076263876,0.225,0.15,0.38999999999999996,1.5,129.89656511339723,0.02058339990376296,True,False,False
5.48,0.15555763446439833,0.15863999239896795,0.01909908261616038,0.0032112488052131786,-0.05100887735158727,0.00707314157372751,0.0007893286067668253,0.28768045050752494,0.007629609340027692,0.3901030905425014,0.225,0.15,0.38999999999999996,1.5,129.89656412399987,0.020673748224589908,True,False,False
5.485,0.15551304971158642,0.1595407481175524,0.019142100551736707,0.0031925150512020313,-0.05100887735158727,0.00707314157372751,0.0007893286067668253,0.287739842573573,0.007704495531416449,0.3901009577780316,0.225,0.15,0.38999999999999996,1.5,129.89656312891535,0.02076227514245739,True,False,False
5.49,0.15546803096225675,0.16043620374290332,0.01918516183957325,0.003173601843220535,-0.05100887735158727,0.00707314157372751,0.0007893286067668253,0.287799031106411,0.007779816560574443,0.39009882223131936,0.225,0.15,0.38999999999999996,1.5,129.8965621283297,0.02084901549536658,True,False,False
5.495,0.15542257600258944,0.16132630745946422,0.019228275292242962,0.0031545112583426676,-0.05100887735158727,0.00707314157372751,0.0007893286067668253,0.28785801235379316,0.00785557321344024,0.39009668366679223,0.225,0.15,0.38999999999999996,1.5,129.8965611224295,0.02093400339256487,True,False,False
5.5,0.15537668262706703,0.16221100806265276,0.019271449696870807,0.003135245452818013,-0.05113876582439959,0.006565671867220272,0.0009332109192913495,0.28791678258744335,0.007931766271009581,0.3900945418513138,0.225,0.15,0.38999999999999996,1.5,129.8984641755734,0.020813717778318613,True,False,False
5.505,0.15533034788384176,0.16309025922495574,0.019314937838591863,0.00311580667011227,-0.05113876582439959,0.006565671867220272,0.0009332109192913495,0.287975338095426,0.00800839733271572,0.3900923983666314,0.225,0.15,0.38999999999999996,1.5,129.89846315322075,0.02090260962011819,True,False,False
5.51,0.1552835688301483,0.16396401505673106,0.019358505671795128,0.0030961953593563506,-0.05113876582439959,0.006565671867220272,0.0009332109192913495,0.2880336751880596,0.008085467992226623,0.3900902547963436,0.225,0.15,0.38999999999999996,1.5,129.8984621258464,0.02098965434133947,True,False,False
5.515,0.15523634328741953,0.16483222547351414,0.01940216186015204,0.003076411776354295,-0.05113876582439959,0.006565671867220272,0.0009332109192913495,0.2880917902069522,0.008162979013944631,0.39008811091186213,0.225,0.15,0.38999999999999996,1.5,129.8984610936392,0.021074886726557406,True,False,False
5.5200000000000005,0.15518866908615944,0.16569484052639022,0.019445915037531254,0.003056456800950231,-0.05113876582439959,0.006565671867220272,0.0009332109192913495,0.2881496795184773,0.008240931157084292,0.3900859664852974,0.225,0.15,0.38999999999999996,1.5,129.8984600567888,0.02115834067512679,True,False,False
5.525,0.15514054406610048,0.16655181061152727,0.019489773802953372,0.0030363317695045397,-0.05113876582439959,0.006565671867220272,0.0009332109192913495,0.2882073395140123,0.008319325175670573,0.3900838212900912,0.225,0.15,0.38999999999999996,1.5,129.8984590154853,0.021240049281392403,True,False,False
5.53,0.15509196607635445,0.1674030865513138,0.019533746716317482,0.003016038346764033,-0.05113876582439959,0.006565671867220272,0.0009332109192913495,0.2882647666101567,0.008398161818536832,0.3900816751014601,0.225,0.15,0.38999999999999996,1.5,129.89845796991932,0.021320044890357298,True,False,False
5.535,0.1550429329755574,0.16824861968824203,0.01957784229466285,0.002995578429062213,-0.05113876582439959,0.006565671867220272,0.0009332109192913495,0.28832195724893445,0.008477441829322627,0.3900795276967128,0.225,0.15,0.38999999999999996,1.5,129.898456920282,0.021398359136791587,True,False,False
5.54,0.15499344263200934,0.16908836193295756,0.01962206900880422,0.002974954071896322,-0.05113876582439959,0.006565671867220272,0.0009332109192913495,0.2883789078979804,0.008557165946471431,0.39007737885548566,0.225,0.15,0.38999999999999996,1.5,129.8984558667646,0.021475022973195687,True,False,False
5.545,0.15494349292381202,0.16992226581745495,0.019666435280229697,0.00295416743617161,-0.05113876582439959,0.006565671867220272,0.0009332109192913495,0.2884356150507207,0.00863733490322831,0.3900752283598823,0.225,0.15,0.38999999999999996,1.5,129.89845480955864,0.021550066690264935,True,False,False
5.55,0.1548930817390031,0.17075028449565263,0.01971094947818499,0.0029332207485723723,-0.051237699846064244,0.006044450420500998,0.0010689033369151346,0.28849207522654247,0.008717949427637551,0.3900730759945957,0.225,0.15,0.38999999999999996,1.5,129.90024659544503,0.021468694329166073,True,False,False
5.555,0.15484220620260192,0.17157237533202327,0.01975588157933595,0.002912110679427025,-0.051237699846064244,0.006044450420500998,0.0010689033369151346,0.28854828496361856,0.008799011087867372,0.3900709232516246,0.225,0.15,0.38999999999999996,1.5,129.90024552216644,0.021546146656651704,True,False,False
5.5600000000000005,0.1547908634505711,0.17238849617268748,0.01980097951612383,0.0028908436548895394,-0.051237699846064244,0.006044450420500998,0.0010689033369151346,0.28860424082479,0.008880521446048912,0.39006877162501374,0.225,0.15,0.38999999999999996,1.5,129.9002444455994,0.02162191918490051,True,False,False
5.565,0.15473905140315475,0.173198601485434,0.019846251443317902,0.0028694204633774273,-0.051237699846064244,0.006044450420500998,0.0010689033369151346,0.2886599394058942,0.008962481212830907,0.3900666209049212,0.225,0.15,0.38999999999999996,1.5,129.90024336593683,0.021696042311443158,True,False,False
5.57,0.1546867679913029,0.174002646044817,0.01989170545699248,0.0028478423673318626,-0.051237699846064244,0.006044450420500998,0.0010689033369151346,0.28871537732944297,0.009044891093415308,0.3900644708827706,0.225,0.15,0.38999999999999996,1.5,129.90024228337137,0.021768545661937696,True,False,False
5.575,0.15463401115682374,0.17480058503244278,0.019937349590237283,0.002826110975351871,-0.051237699846064244,0.006044450420500998,0.0010689033369151346,0.28877055124483036,0.009127751787556558,0.39006232135172253,0.225,0.15,0.38999999999999996,1.5,129.9002411980956,0.02183945815284928,True,False,False
5.58,0.15458077885252927,0.17559237413666207,0.019983191809438052,0.0028042281443878833,-0.051237699846064244,0.006044450420500998,0.0010689033369151346,0.2888254578285224,0.0092110639895606,0.39006017210701327,0.225,0.15,0.38999999999999996,1.5,129.90024011030192,0.02190880803540978,True,False,False
5.585,0.1545270690423758,0.17637796960630261,0.020029240010958054,0.0027821959058478537,-0.051237699846064244,0.006044450420500998,0.0010689033369151346,0.28888009378423296,0.009294828388283846,0.39005802294620817,0.225,0.15,0.38999999999999996,1.5,129.90023902018214,0.021976622926953553,True,False,False
5.59,0.1544728797016018,0.17715732829696557,0.020075502018104763,0.0027600164103138334,-0.051237699846064244,0.006044450420500998,0.0010689033369151346,0.2889344558430904,0.009379045667132015,0.3900558736693594,0.225,0.15,0.38999999999999996,1.5,129.90023792792783,0.02204292983376123,True,False,False
5.595,0.1544182088168627,0.17793040769581805,0.020121985578302894,0.002737691886514194,-0.051237699846064244,0.006044450420500998,0.0010689033369151346,0.28898854076379643,0.009463716504058988,0.39005372407912675,0.225,0.15,0.38999999999999996,1.5,129.90023683372985,0.022107755168196762,True,False,False
5.6000000000000005,0.1543630543863633,0.1786971659439228,0.020168698360419852,0.0027152246110876467,-0.05130447713946349,0.005509875534448991,0.0011958471237565613,0.28904234533277723,0.009548841571565657,0.3900515739808544,0.225,0.15,0.38999999999999996,1.5,129.90190981845552,0.022066915991223034,True,False,False
5.605,0.15430741362935274,0.17945756467106688,0.020215927240731138,0.002692605394186748,-0.05130447713946349,0.005509875534448991,0.0011958471237565613,0.28909586635754125,0.009634422403324808,0.39004942477241245,0.225,0.15,0.38999999999999996,1.5,129.9019087090355,0.022132599022201133,True,False,False
5.61,0.15425128377786962,0.18021156602810692,0.020263401815904268,0.0026698468853660834,-0.05130447713946349,0.005509875534448991,0.0011958471237565613,0.2891491006724648,0.009720460526706234,0.3900472778538546,0.225,0.15,0.38999999999999996,1.5,129.9019075981952,0.02219677739849131,True,False,False
5.615,0.15419466286751515,0.1809591296576806,0.020311129451782477,0.002646950393039095,-0.05130447713946349,0.005509875534448991,0.0011958471237565613,0.2892020451463071,0.009806956596030819,0.3900451330368625,0.225,0.15,0.38999999999999996,1.5,129.9019064861253,0.022259477042258422,True,False,False
5.62,0.15413754894619852,0.18170021563046007,0.02035911742819269,0.0026239175410863874,-0.05130447713946349,0.005509875534448991,0.0011958471237565613,0.28925469667617176,0.009893911259919855,0.3900429901349284,0.225,0.15,0.38999999999999996,1.5,129.90190537301567,0.022320723219980042,True,False,False
5.625,0.15407994007427944,0.1824347845141472,0.02040737293556411,0.0026007501824137614,-0.05130447713946349,0.005509875534448991,0.0011958471237565613,0.2893070521876784,0.009981325161295265,0.3900408489636603,0.225,0.15,0.38999999999999996,1.5,129.9019042590555,0.022380540586969457,True,False,False
5.63,0.15402183432470598,0.183162797440964,0.020455903071931406,0.002577450332853349,-0.05130447713946349,0.005509875534448991,0.0011958471237565613,0.28935910863512243,0.010069198937379743,0.3900387093410106,0.225,0.15,0.38999999999999996,1.5,129.90190314443305,0.02243895321922608,True,False,False
5.635,0.15396322978314889,0.1838842161380584,0.02050471484021538,0.0025540201212570037,-0.05130447713946349,0.005509875534448991,0.0011958471237565613,0.28941086300162466,0.010157533219696792,0.3900365710874434,0.225,0.15,0.38999999999999996,1.5,129.9019020293356,0.022495984636748456,True,False,False
5.64,0.15390412454813376,0.18459900295939835,0.02055381514570858,0.0025304617521983014,-0.05130447713946349,0.005509875534448991,0.0011958471237565613,0.28946231229927444,0.01024632863407081,0.39003443402603316,0.225,0.15,0.38999999999999996,1.5,129.90190091394925,0.022551657821111886,True,False,False
5.6450000000000005,0.15384451673117003,0.18530712089947277,0.020603210793716523,0.002506777478337907,-0.05130447713946349,0.005509875534448991,0.0011958471237565613,0.28951345356926406,0.010335585800627102,0.39003229798254846,0.225,0.15,0.38999999999999996,1.5,129.901899798459,0.022605995229197373,True,False,False
5.65,0.15378440445688,0.18600853360890227,0.020652908487321067,0.002482969580108509,-0.05133863827413003,0.004962377657554638,0.0013134040090624411,0.2895642838820227,0.010425305333791926,0.3900301627854914,0.225,0.15,0.38999999999999996,1.5,129.90344545917256,0.022606143497381045,True,False,False
5.655,0.1537237850557611,0.18670320749677913,0.02070321149892199,0.0024590227787980373,-0.05133863827413003,0.004962377657554638,0.0013134040090624411,0.28961480033119025,0.010515488729521178,0.39002802973292705,0.225,0.15,0.38999999999999996,1.5,129.9034443298725,0.02265977617178647,True,False,False
5.66,0.15366265587289737,0.18739110950227134,0.020753831024956034,0.002434956083476384,-0.05133863827413003,0.004962377657554638,0.0013134040090624411,0.28966500003922524,0.010606137477208153,0.39002590012520677,0.225,0.15,0.38999999999999996,1.5,129.9034432011277,0.022712087042174384,True,False,False
5.665,0.1536010150753409,0.18807220493932927,0.020804773386401097,0.002410771278281289,-0.05133863827413003,0.004962377657554638,0.0013134040090624411,0.28971488016401825,0.010697252172333657,0.39002377379787895,0.225,0.15,0.38999999999999996,1.5,129.90344207312026,0.022763097471281937,True,False,False
5.67,0.15353886084399332,0.1887464596514171,0.020856044794687247,0.0023864703010651406,-0.05133863827413003,0.004962377657554638,0.0013134040090624411,0.2897644378932167,0.010788833404432565,0.390021650588779,0.225,0.15,0.38999999999999996,1.5,129.90344094603162,0.022812828284443375,True,False,False
5.675,0.1534761913737354,0.18941384006280704,0.02090765134934365,0.0023620551991354773,-0.05133863827413003,0.004962377657554638,0.0013134040090624411,0.28981367044435913,0.010880881757095121,0.39001953033819275,0.225,0.15,0.38999999999999996,1.5,129.90343982004123,0.02286129979573421,True,False,False
5.68,0.15341300487355475,0.1900743131964322,0.02095959903586339,0.0023375280954681804,-0.05133863827413003,0.004962377657554638,0.0013134040090624411,0.289862575065003,0.010973397807968126,0.39001741288896385,0.225,0.15,0.38999999999999996,1.5,129.90343869532742,0.022908531827573984,True,False,False
5.6850000000000005,0.1533492995666724,0.19072784669736112,0.021011893723735527,0.002312891163270175,-0.05133863827413003,0.004962377657554638,0.0013134040090624411,0.28991114903284937,0.01106638212875618,0.3900152980865519,0.225,0.15,0.38999999999999996,1.5,129.90343757206702,0.022954543725934216,True,False,False
5.69,0.15328507369066563,0.19137440883511558,0.02106454116460974,0.0022881466070531925,-0.05133863827413003,0.004962377657554638,0.0013134040090624411,0.289959389655858,0.011159835285222899,0.39001318577910177,0.225,0.15,0.38999999999999996,1.5,129.90343645043518,0.022999354372603087,True,False,False
5.695,0.15322032549759132,0.1920139685176147,0.021117546990570682,0.0022632966487046917,-0.05133863827413003,0.004962377657554638,0.0013134040090624411,0.2900072942723629,0.011253757837192164,0.39001107581745914,0.225,0.15,0.38999999999999996,1.5,129.90343533060593,0.02304298219548357,True,False,False
5.7,0.15315505325410664,0.19264649529945652,0.02117091671250619,0.002238343517349272,-0.05134033627673147,0.004402419145498193,0.0014208886959835689,0.2900548602511814,0.011348150338549443,0.3900089680551929,0.225,0.15,0.38999999999999996,1.5,129.90484457893916,0.02308365450632901,True,False,False
5.705,0.1530892544183619,0.19327196072545735,0.021224969302482466,0.0022132656741936153,-0.05134033627673147,0.004402419145498193,0.0014208886959835689,0.290102084986288,0.011443014244326446,0.3900068636838148,0.225,0.15,0.38999999999999996,1.5,129.90484344732798,0.023125038124918087,True,False,False
5.71,0.1530229264648149,0.1938903368874344,0.021279397769200185,0.0021880885475593897,-0.05134033627673147,0.004402419145498193,0.0014208886959835689,0.29014896590216044,0.011538351002739465,0.3900047638971522,0.225,0.15,0.38999999999999996,1.5,129.9048423183227,0.02316528950426541,True,False,False
5.715,0.15295606770735523,0.19450159509544276,0.0213342071782494,0.0021628143389917755,-0.05134033627673147,0.004402419145498193,0.0014208886959835689,0.2901955004594151,0.011634161147983326,0.3900026685563254,0.225,0.15,0.38999999999999996,1.5,129.90484119209134,0.023204425384632296,True,False,False
5.72,0.15288867647517848,0.19510570730690116,0.02138940246786698,0.002137445243115317,-0.05134033627673147,0.004402419145498193,0.0014208886959835689,0.29024168614957063,0.011730445208067652,0.3900005775251667,0.225,0.15,0.38999999999999996,1.5,129.9048400687999,0.023242462088488406,True,False,False
5.7250000000000005,0.1528207511129033,0.19570264609508922,0.021444988447673737,0.0021119834454563446,-0.05134033627673147,0.004402419145498193,0.0014208886959835689,0.29028752049514756,0.011827203704819121,0.3899984906702194,0.225,0.15,0.38999999999999996,1.5,129.9048389486126,0.023279415528371407,True,False,False
5.73,0.15275228998068732,0.1962923846723723,0.02150096979748427,0.0020864311209049862,-0.05134033627673147,0.004402419145498193,0.0014208886959835689,0.2903330010497662,0.011924437153883834,0.389996407860713,0.225,0.15,0.38999999999999996,1.5,129.90483783169176,0.023315301214305396,True,False,False
5.735,0.15268329145434192,0.19687489687443746,0.021557351066186947,0.002060790432713405,-0.05134033627673147,0.004402419145498193,0.0014208886959835689,0.29037812539824104,0.012022146064729655,0.38999432896856245,0.225,0.15,0.38999999999999996,1.5,129.90483671819825,0.02335013426094451,True,False,False
5.74,0.15261375392544654,0.1974501571451184,0.02161413667069209,0.002035063531930124,-0.05134033627673147,0.004402419145498193,0.0014208886959835689,0.2904228911566736,0.01212033094064869,0.3899922538683506,0.225,0.15,0.38999999999999996,1.5,129.904835608291,0.023383929394549065,True,False,False
5.745,0.15254367580146186,0.1980181405530792,0.021671330894947455,0.0020092525571820037,-0.05134033627673147,0.004402419145498193,0.0014208886959835689,0.2904672959725427,0.012218992278759768,0.3899901824373244,0.225,0.15,0.38999999999999996,1.5,129.9048345021268,0.023416700959864558,True,False,False
5.75,0.15247305550584292,0.1985788227809857,0.021728937889020066,0.001983359634729685,-0.05131019408315106,0.003830493969808212,0.001517614995760598,0.29051133752479436,0.012318130570011009,0.38998811455538024,0.225,0.15,0.38999999999999996,1.5,129.90609828596658,0.02349676774568117,True,False,False
5.755,0.15240189063996323,0.19913218072830943,0.021787291460872573,0.0019573568437807587,-0.05131019408315106,0.003830493969808212,0.001517614995760598,0.2905550135192873,0.01241774722532289,0.3899860513001071,0.225,0.15,0.38999999999999996,1.5,129.90609717067986,0.023525803518772325,True,False,False
5.76,0.1523301788231276,0.19967819183416563,0.02184606693428568,0.0019312760471521992,-0.05131019408315106,0.003830493969808212,0.001517614995760598,0.2905983216937966,0.012517843648554844,0.3899839937514008,0.225,0.15,0.38999999999999996,1.5,129.90609606008988,0.023553901836533376,True,False,False
5.765,0.15225791853053142,0.20021683360468187,0.0219052679715685,0.001905119804497671,-0.05131019408315106,0.003830493969808212,0.001517614995760598,0.29064125982259675,0.012618420310241019,0.3899819417970205,0.225,0.15,0.38999999999999996,1.5,129.90609495434367,0.02358107478537181,True,False,False
5.7700000000000005,0.15218510825403278,0.20074808425561969,0.021964898096946656,0.0018788905121609133,-0.05131019408315106,0.003830493969808212,0.001517614995760598,0.2906838257117481,0.012719477674498448,0.38997989532778915,0.225,0.15,0.38999999999999996,1.5,129.90609385358604,0.02360733415398856,True,False,False
5.775,0.15211174650225395,0.2012719226785943,0.022024960696374794,0.0018525904423078172,-0.05131019408315106,0.003830493969808212,0.001517614995760598,0.2907260171991617,0.012821016199030455,0.3899778542374196,0.225,0.15,0.38999999999999996,1.5,129.90609275796012,0.02363269142328459,True,False,False
5.78,0.1520378318006832,0.2017883283991496,0.02208545901729923,0.0018262217730521957,-0.05131019408315106,0.003830493969808212,0.001517614995760598,0.2907678321546641,0.012923036335130074,0.3899758184223962,0.225,0.15,0.38999999999999996,1.5,129.90609166760692,0.02365715776180744,True,False,False
5.785,0.15196336269177732,0.20229728155923687,0.0221463961684073,0.0017997866114535558,-0.05131019408315106,0.003830493969808212,0.001517614995760598,0.2908092684800646,0.013025538527683693,0.38997378778189584,0.225,0.15,0.38999999999999996,1.5,129.90609058266512,0.023680744024960513,True,False,False
5.79,0.15188833773506585,0.202798762896688,0.02220777511938811,0.001773287010991974,-0.05131019408315106,0.003830493969808212,0.001517614995760598,0.29085032410922596,0.013128523215174678,0.38997176221768826,0.225,0.15,0.38999999999999996,1.5,129.90608950327194,0.023703460756765077,True,False,False
5.795,0.15181275550725312,0.20329275372710054,0.02226959870072106,0.0017467249848299726,-0.05131019408315106,0.003830493969808212,0.001517614995760598,0.290890997008131,0.01323199082968715,0.3899697416341102,0.225,0.15,0.38999999999999996,1.5,129.90608842956235,0.02372531819335655,True,False,False
5.8,0.1517366146023215,0.20377923593881242,0.022331869603503543,0.001720102515898326,-0.05124918280899678,0.003247127371372449,0.0016029419399229655,0.2909312851749512,0.013335941796909796,0.3899677259380165,0.225,0.15,0.38999999999999996,1.5,129.90719833520362,0.023843189415730114,True,False,False
5.805,0.1516599127794257,0.2042581918829724,0.022394935471956433,0.0016933852137209816,-0.05124918280899678,0.003247127371372449,0.0016029419399229655,0.2909711866363306,0.013440377480491436,0.38996571608576863,0.225,0.15,0.38999999999999996,1.5,129.90719725564654,0.02385988454223796,True,False,False
5.8100000000000005,0.15158264781716055,0.20472960440428667,0.022458454732449687,0.0016666113745247375,-0.05124918280899678,0.003247127371372449,0.0016029419399229655,0.29101069945196917,0.013545299236781985,0.3899637130359465,0.225,0.15,0.38999999999999996,1.5,129.9071961828786,0.023875840497453015,True,False,False
5.815,0.15150481836541524,0.20519345724814383,0.022522429569137487,0.0016397838636576399,-0.05124918280899678,0.003247127371372449,0.0016029419399229655,0.2910498217180959,0.013650707470356084,0.3899617167034252,0.225,0.15,0.38999999999999996,1.5,129.90719511702014,0.02389106471927123,True,False,False
5.82,0.15142642309198262,0.2056497349238093,0.022586862024993968,0.0016129052331505197,-0.05124918280899678,0.003247127371372449,0.0016029419399229655,0.2910885515633511,0.013756602579147348,0.3899597270064227,0.225,0.15,0.38999999999999996,1.5,129.90719405818933,0.02390556446751768,True,False,False
5.825,0.15134746068264376,0.20609842264593203,0.022651754002603715,0.0015859778008933385,-0.05124918280899678,0.003247127371372449,0.0016029419399229655,0.29112688714881435,0.013862984954452859,0.3899577438661903,0.225,0.15,0.38999999999999996,1.5,129.9071930065022,0.023919346796407656,True,False,False
5.83,0.1512679298412551,0.20653950626485698,0.02271710726480309,0.0015590037114613321,-0.05124918280899678,0.003247127371372449,0.0016029419399229655,0.29116482666803994,0.013969854980937748,0.38995576720678193,0.225,0.15,0.38999999999999996,1.5,129.90719196207283,0.02393241853834404,True,False,False
5.835,0.15118782928983843,0.20697297222108377,0.02278292343523919,0.0015319849823902277,-0.05124918280899678,0.003247127371372449,0.0016029419399229655,0.2912023683470992,0.014077213036640035,0.3899537969548779,0.225,0.15,0.38999999999999996,1.5,129.90719092501337,0.023944786295390527,True,False,False
5.84,0.15110715776867173,0.20739880752874354,0.02284920399889106,0.0015049235391587112,-0.05124918280899678,0.003247127371372449,0.0016029419399229655,0.29123951044462504,0.014185059492975537,0.38995183303966335,0.225,0.15,0.38999999999999996,1.5,129.9071898954337,0.023956456435933193,True,False,False
5.845,0.15102591403638072,0.2078169997262696,0.022915950302583095,0.001477821241543934,-0.05124918280899678,0.003247127371372449,0.0016029419399229655,0.2912762512518582,0.014293394714742896,0.3899498753927454,0.225,0.15,0.38999999999999996,1.5,129.90718887344184,0.02396743509484895,True,False,False
5.8500000000000005,0.15094409687003113,0.20822753687346754,0.022983163555510576,0.0014506799034644747,-0.05115853286052194,0.0026528754561074373,0.001676311483147481,0.29131258909269675,0.014402219060128731,0.38994792394806677,0.225,0.15,0.38999999999999996,1.5,129.9081376182613,0.024121204925115183,True,False,False
5.855,0.15086170419996472,0.2086304067330776,0.023051204137442535,0.0014234585862717153,-0.05115853286052194,0.0026528754561074373,0.001676311483147481,0.29134852232087105,0.014511533842382776,0.38994597953402554,0.225,0.15,0.38999999999999996,1.5,129.9081365942704,0.02412567160377259,True,False,False
5.86,0.15077873397734282,0.20902559754163966,0.02311971462372576,0.0013962020313954258,-0.05115853286052194,0.0026528754561074373,0.001676311483147481,0.29138404932403544,0.014621340367226345,0.3899440429811297,0.225,0.15,0.38999999999999996,1.5,129.9081355791243,0.024129599128189832,True,False,False
5.865,0.15069518503892426,0.20941309920325196,0.023188695720644234,0.0013689133682880596,-0.05115853286052194,0.0026528754561074373,0.001676311483147481,0.29141916852608785,0.014731638971056683,0.3899421142313778,0.225,0.15,0.38999999999999996,1.5,129.90813457291105,0.024132990330742336,True,False,False
5.87,0.15061105624048624,0.20979290245365384,0.023258147997558463,0.0013415952710285931,-0.05115853286052194,0.0026528754561074373,0.001676311483147481,0.2914538783837108,0.01484242998341455,0.38994019323034473,0.225,0.15,0.38999999999999996,1.5,129.9081335757166,0.024135847983967087,True,False,False
5.875,0.15052634645689034,0.21016499873991407,0.02332807188850287,0.0013142500759475032,-0.05115853286052194,0.0026528754561074373,0.001676311483147481,0.29148817738636335,0.014953713726989806,0.38993827992673513,0.225,0.15,0.38999999999999996,1.5,129.90813258762503,0.024138174756220477,True,False,False
5.88,0.1504410545815451,0.21052937849527992,0.023398467300545456,0.001286843867637583,-0.05115853286052194,0.0026528754561074373,0.001676311483147481,0.2915220640548817,0.015065490517615935,0.3899363742657666,0.225,0.15,0.38999999999999996,1.5,129.90813160872716,0.024139442306579717,True,False,False
5.885,0.15035517951135496,0.21088598392687144,0.023469332089586046,0.0012590864967351807,-0.05115853286052194,0.0026528754561074373,0.001676311483147481,0.2915555369064974,0.015177760663953302,0.389934476009107,0.225,0.15,0.38999999999999996,1.5,129.90813063934166,0.024136175324130427,True,False,False
5.89,0.15026872014930215,0.21123469045679158,0.023540667085780658,0.001230871140331357,-0.05115853286052194,0.0026528754561074373,0.001676311483147481,0.29158859446033686,0.015290524467362728,0.3899325846613149,0.225,0.15,0.38999999999999996,1.5,129.90812967998903,0.02412849448633476,True,False,False
5.8950000000000005,0.15018167542552033,0.21157536064179178,0.023612473516091293,0.0012021850055918036,-0.05115853286052194,0.0026528754561074373,0.001676311483147481,0.2916212352858584,0.01540378222227933,0.38993069967510835,0.225,0.15,0.38999999999999996,1.5,129.908128731119,0.024117109009016403,True,False,False
5.9,0.15009404429886725,0.21190785796960368,0.023684752323461226,0.001173045401319305,-0.05105122207967713,0.0020483255726165776,0.0017405819510817341,0.2916534580063951,0.015517534216316409,0.3899288205055738,0.225,0.15,0.38999999999999996,1.5,129.90895526830948,0.024272204152650127,True,False,False
5.905,0.15000582488273756,0.2122320624095733,0.02375787675955005,0.0011435147519655371,-0.05105122207967713,0.0020483255726165776,0.0017405819510817341,0.2916852613044064,0.015631781708476285,0.38992694745040135,0.225,0.15,0.38999999999999996,1.5,129.90895432547362,0.024249733785588506,True,False,False
5.91,0.14991701532188517,0.21254787348331497,0.02383147527176116,0.0011136483208826723,-0.05105122207967713,0.0020483255726165776,0.0017405819510817341,0.29171664391808877,0.015746525950144516,0.38992508088304884,0.225,0.15,0.38999999999999996,1.5,129.90895339515055,0.024225090937683966,True,False,False
5.915,0.14982761466432193,0.2128551981659226,0.023905547755882623,0.0010834881082542223,-0.05105122207967713,0.0020483255726165776,0.0017405819510817341,0.2917476046312536,0.015861767206781972,0.38992322042688743,0.225,0.15,0.38999999999999996,1.5,129.9089524775787,0.024198476748852688,True,False,False
5.92,0.14973762198465382,0.2131539556226105,0.023980093865967004,0.001053075869944996,-0.05105122207967713,0.0020483255726165776,0.0017405819510817341,0.29177814227546345,0.015977505736864295,0.3899213657529669,0.225,0.15,0.38999999999999996,1.5,129.9089515729752,0.024170049359355242,True,False,False
5.925,0.1496470363835884,0.2134440769008554,0.024055113028029807,0.0010224514914285178,-0.05105122207967713,0.0020483255726165776,0.0017405819510817341,0.29180825572870733,0.016093741791887883,0.38991951657884577,0.225,0.15,0.38999999999999996,1.5,129.90895068153992,0.024139934419250896,True,False,False
5.93,0.14955585698746462,0.21372550422787878,0.0241306044535515,0.0009916521016801844,-0.05105122207967713,0.0020483255726165776,0.0017405819510817341,0.29183794391412676,0.016210475616373135,0.3899176726659233,0.225,0.15,0.38999999999999996,1.5,129.90894980345854,0.024108232597924252,True,False,False
5.9350000000000005,0.14946408294781902,0.21399819011442434,0.02420656715217835,0.0009607116721227403,-0.05105122207967713,0.0020483255726165776,0.0017405819510817341,0.2918672057988279,0.01632770744786638,0.3899158338160448,0.225,0.15,0.38999999999999996,1.5,129.90894893890464,0.02407502505581855,True,False,False
5.94,0.14937171344099473,0.21426209642760485,0.024282999943361767,0.0009296609241754674,-0.05105122207967713,0.0020483255726165776,0.0017405819510817341,0.2918960403927968,0.016445437516941393,0.38991399986782077,0.225,0.15,0.38999999999999996,1.5,129.9089480880418,0.024040377510416194,True,False,False
5.945,0.14927874766779609,0.21451719342559294,0.024359901466870167,0.0008985274252943953,-0.05105122207967713,0.0020483255726165776,0.0017405819510817341,0.29192444674792184,0.016563666047200852,0.3899121706929374,0.225,0.15,0.38999999999999996,1.5,129.9089472510247,0.02400434331630506,True,False,False
5.95,0.14918518485318705,0.2147634588470616,0.0244372701922104,0.0008673357932269005,-0.05101223987954408,0.001434098615040083,0.0018134544949711406,0.2919524239571213,0.01668239325527814,0.38991034619262116,0.225,0.15,0.38999999999999996,1.5,129.90989319993616,0.02402900313430483,True,False,False
5.955,0.14909102335739036,0.21500088083441712,0.02451548640220554,0.0008360930634949237,-0.05101223987954408,0.001434098615040083,0.0018134544949711406,0.2919799711528084,0.016801620344503092,0.3899085272008882,0.225,0.15,0.38999999999999996,1.5,129.90989238123782,0.023988441153508965,True,False,False
5.96,0.14899626156647638,0.21522945626070128,0.024594166752255144,0.0008048466716286417,-0.05101223987954408,0.001434098615040083,0.0018134544949711406,0.2920070875080013,0.016921348510317194,0.38990671458608095,0.225,0.15,0.38999999999999996,1.5,129.90989157745472,0.023946709971005658,True,False,False
5.965,0.14890089877998927,0.21544918442615696,0.024673309135910843,0.0007736119699775629,-0.05101223987954408,0.001434098615040083,0.0018134544949711406,0.2920337722353204,0.01704157794646117,0.38990490833456337,0.225,0.15,0.38999999999999996,1.5,129.9098907887044,0.02390381947280085,True,False,False
5.97,0.14880493432071823,0.21566006863874862,0.024752911312128326,0.0007424023164945077,-0.05101223987954408,0.001434098615040083,0.0018134544949711406,0.2920600245850793,0.017162308839437028,0.38990310844868037,0.225,0.15,0.38999999999999996,1.5,129.90989001510115,0.023859777609852126,True,False,False
5.9750000000000005,0.14870836753459368,0.21586211566158012,0.024832970909804963,0.0007112294893519981,-0.05101223987954408,0.001434098615040083,0.0018134544949711406,0.292085843844887,0.017283541368513462,0.3899013149446252,0.225,0.15,0.38999999999999996,1.5,129.9098892567561,0.023814590612980937,True,False,False
5.98,0.1486111977906019,0.21605533525682924,0.024913485431937183,0.0006801040164235281,-0.05101223987954408,0.001434098615040083,0.0018134544949711406,0.2921112293392964,0.017405275705731884,0.3898995278506846,0.225,0.15,0.38999999999999996,1.5,129.90988851377745,0.023768263227708072,True,False,False
5.985,0.14851342448071486,0.21623973981671837,0.024994452259473905,0.000649035444793142,-0.05101223987954408,0.001434098615040083,0.0018134544949711406,0.29213618042948997,0.017527512015913113,0.389897747205813,0.225,0.15,0.38999999999999996,1.5,129.90988778627022,0.0237207989480081,True,False,False
5.99,0.1484150470198343,0.2164153440705268,0.02507586865492361,0.0006180325694839403,-0.05101223987954408,0.001434098615040083,0.0018134544949711406,0.2921606965130009,0.0176502504566645,0.38989597305840534,0.225,0.15,0.38999999999999996,1.5,129.90988707433715,0.023672200237009042,True,False,False
5.995,0.14831606484574394,0.2165821648147474,0.02515773176575954,0.0005871036368505697,-0.05101223987954408,0.001434098615040083,0.0018134544949711406,0.2921847770234551,0.017773491178387477,0.3898942054653083,0.225,0.15,0.38999999999999996,1.5,129.90988637807806,0.02362246872866366,True,False,False
6.0,0.14821647741907087,0.21674022068955678,0.025240038627658036,0.0005562565361502931,-0.051048908139808336,0.0008108357747915497,0.0018756812521371683,0.2922084214303362,0.017897234324285444,0.38989244449096583,0.225,0.15,0.38999999999999996,1.5,129.9106976622758,0.023514325577897687,True,False,False
6.005,0.14811628332188698,0.21688953002160513,0.0253231778188997,0.0005254325886133156,-0.051048908139808336,0.0008108357747915497,0.0018756812521371683,0.29223162923226914,0.018021481038015916,0.3898906909638024,0.225,0.15,0.38999999999999996,1.5,129.91069699321446,0.023464057164989893,True,False,False
6.01,0.14801548116028473,0.21703010980815923,0.02540675480124063,0.0004946900434416789,-0.051048908139808336,0.0008108357747915497,0.0018756812521371683,0.2922543999621401,0.0181462324550898,0.389888945707466,0.225,0.15,0.38999999999999996,1.5,129.91069634031138,0.02341255380100074,True,False,False
6.015000000000001,0.14791407046591737,0.2171619793872327,0.02549076623430194,0.0004640384644592607,-0.051048908139808336,0.0008108357747915497,0.0018756812521371683,0.2922767331945895,0.018271488695106763,0.38988720879025496,0.225,0.15,0.38999999999999996,1.5,129.91069570366818,0.02335982810413291,True,False,False
6.0200000000000005,0.14781205079373744,0.2172851599043729,0.02557520867285635,0.00043348802889974625,-0.051048908139808336,0.0008108357747915497,0.0018756812521371683,0.29229862854000543,0.01839724987022376,0.38988548028790965,0.225,0.15,0.38999999999999996,1.5,129.91069508338273,0.023305890136235814,True,False,False
6.025,0.14770942172194454,0.21739967422846282,0.02566007857041879,0.0004030497504528816,-0.051048908139808336,0.0008108357747915497,0.0018756812521371683,0.2923200856442683,0.01852351608516492,0.38988376028321,0.225,0.15,0.38999999999999996,1.5,129.9106944795502,0.023250748048531427,True,False,False
6.03,0.1476061828519356,0.2175055468286141,0.02574537228266177,0.0003727359118972888,-0.051048908139808336,0.0008108357747915497,0.0018756812521371683,0.29234110418850445,0.01865028743723141,0.38988204886556366,0.225,0.15,0.38999999999999996,1.5,129.91069389226183,0.023194408563290005,True,False,False
6.035,0.14750233380826103,0.21760280364569343,0.025831086070670695,0.0003425607766383792,-0.051048908139808336,0.0008108357747915497,0.0018756812521371683,0.2923616838888538,0.018777564016311157,0.3898803461305096,0.225,0.15,0.38999999999999996,1.5,129.9106933216059,0.023136877338704898,True,False,False
6.04,0.14739787423858547,0.21769147199187472,0.02591721610405731,0.0003125417226003159,-0.051048908139808336,0.0008108357747915497,0.0018756812521371683,0.2923818244962497,0.01890534590488877,0.38987865217923945,0.225,0.15,0.38999999999999996,1.5,129.91069276766777,0.02307815924954427,True,False,False
6.045,0.14729280381365212,0.21777158039602384,0.026003758463948787,0.0002827010741162049,-0.051048908139808336,0.0008108357747915497,0.0018756812521371683,0.29240152579620765,0.01903363317805541,0.38987696711814046,0.225,0.15,0.38999999999999996,1.5,129.91069223052978,0.023018258605990147,True,False,False
6.05,0.14718712222725075,0.21784315852712427,0.026090709145868717,0.00025306916502698413,-0.05115137596938785,0.00017920968767230414,0.00191831715657663,0.2924207876086251,0.019162425903518878,0.38987529105836083,0.225,0.15,0.38999999999999996,1.5,129.91124969136146,0.022796036504970165,True,False,False
6.055,0.14708082828398963,0.21790622997659723,0.026178464869916183,0.0002235630440711667,-0.05115137596938785,0.00017920968767230414,0.00191831715657663,0.2924396097766905,0.019291725161970957,0.3898736246130478,0.225,0.15,0.38999999999999996,1.5,129.91124918737944,0.022738645055783914,True,False,False
6.0600000000000005,0.14697392081188856,0.21796081151332672,0.026266620794388185,0.00019433088515955212,-0.05115137596938785,0.00017920968767230414,0.00191831715657663,0.2924579921745083,0.01942153202574021,0.38987196836921567,0.225,0.15,0.38999999999999996,1.5,129.91124870022895,0.022679792252776283,True,False,False
6.065,0.14686639957563505,0.21800692510030215,0.0263551726419112,0.00016548548277328843,-0.05115137596938785,0.00017920968767230414,0.00191831715657663,0.2924759347210152,0.019551846538336005,0.38987032240921954,0.225,0.15,0.38999999999999996,1.5,129.91124823001553,0.02261951684972931,True,False,False
6.07,0.14675826436396927,0.2180445950483875,0.02644411604828912,0.00013722502211905492,-0.05115137596938785,0.00017920968767230414,0.00191831715657663,0.2924934373706981,0.019682668735649788,0.38986868682489273,0.225,0.15,0.38999999999999996,1.5,129.9112477768381,0.022557850881081976,True,False,False
6.075,0.14664951498955905,0.21807384797479676,0.0265334465671871,0.00010993524278751187,-0.05115137596938785,0.00017920968767230414,0.00191831715657663,0.29251050011319435,0.019813998645966856,0.38986706171740315,0.225,0.15,0.38999999999999996,1.5,129.91124734078963,0.022494821274088313,True,False,False
6.08,0.14654015128888428,0.2180947126726851,0.026623159674428,8.446431652998026e-05,-0.05115137596938785,0.00017920968767230414,0.00191831715657663,0.292527122972913,0.019945836289977543,0.38986544719676247,0.225,0.15,0.38999999999999996,1.5,129.91124692195794,0.02243045103084463,True,False,False
6.085,0.14643017312212903,0.21810721995200602,0.02671325077194667,6.291284759915381e-05,-0.05115137596938785,0.00017920968767230414,0.00191831715657663,0.2925433060086752,0.020078181680788145,0.3898638433811848,0.225,0.15,0.38999999999999996,1.5,129.9112465204259,0.022364760108872908,True,False,False
6.09,0.14631958037308312,0.2181114024465096,0.0268037151914486,5.037471266469379e-05,-0.05115137596938785,0.00017920968767230414,0.00191831715657663,0.292559049313376,0.02021103482393176,0.3898622503963584,0.225,0.15,0.38999999999999996,1.5,129.91124613627173,0.02229776608817002,True,False,False
6.095,0.14620837294905295,0.21810729441848975,0.026894548197815428,5.340532008331267e-05,-0.05115137596938785,0.00017920968767230414,0.00191831715657663,0.292574353013669,0.020344395717379088,0.38986066837469874,0.225,0.15,0.38999999999999996,1.5,129.91124576956935,0.022229484684504305,True,False,False
6.1000000000000005,0.14609655078078027,0.2180949315878531,0.026985744992295037,6.985442929485562e-05,-0.05131122044257637,-0.0004600769572239271,0.0019411392223705915,0.29258921726967047,0.020478264351549483,0.3898590974546408,0.225,0.15,0.38999999999999996,1.5,129.91154581470576,0.021908197879656102,True,False,False
6.105,0.1459841129007555,0.21807433935317908,0.02707770948349953,9.27395174053653e-05,-0.05131122044257637,-0.0004600769572239271,0.0019411392223705915,0.29260364226011615,0.020612641741280625,0.3898575380170778,0.225,0.15,0.38999999999999996,1.5,129.9115454849376,0.021844981994401762,True,False,False
6.11,0.1458710583644627,0.21804553219164202,0.027170027989932805,0.0001183931867567104,-0.05131122044257637,-0.0004600769572239271,0.0019411392223705915,0.29261762819191056,0.020747528892851017,0.38985599040085117,0.225,0.15,0.38999999999999996,1.5,129.91154517227696,0.02178006610108851,True,False,False
6.115,0.14575738717380204,0.2180085328682433,0.027262695513347344,0.00014530120908199558,-0.05131122044257637,-0.0004600769572239271,0.0019411392223705915,0.2926311753194017,0.020882925771940473,0.3898544546951985,0.225,0.15,0.38999999999999996,1.5,129.91154487683707,0.021713516694955845,True,False,False
6.12,0.14564309935545036,0.21796336745683742,0.027355706987610084,0.00017282453544047004,-0.05131122044257637,-0.0004600769572239271,0.0019411392223705915,0.29264428393233627,0.021018832336449036,0.3898529310025205,0.225,0.15,0.38999999999999996,1.5,129.91154459872118,0.0216453892521953,True,False,False
6.125,0.14552819496064723,0.21791006525237275,0.02744905728424287,0.00020065751594450256,-0.05131122044257637,-0.0004600769572239271,0.0019411392223705915,0.2926569543552787,0.02115524853651,0.38985141943810114,0.225,0.15,0.38999999999999996,1.5,129.91154433802424,0.0215757307858567,True,False,False
6.13,0.1454126740649955,0.217848658577735,0.027542741217335125,0.00022863641357310575,-0.05131122044257637,-0.0004600769572239271,0.0019411392223705915,0.29266918694706273,0.021292174314502057,0.38984992012936387,0.225,0.15,0.38999999999999996,1.5,129.91154409483332,0.021504581724284808,True,False,False
6.135,0.14529653676827864,0.21777918252336642,0.02763675354792776,0.00025666503767473605,-0.05131122044257637,-0.0004600769572239271,0.0019411392223705915,0.29268098210027943,0.021429609605060938,0.3898484332148412,0.225,0.15,0.38999999999999996,1.5,129.9115438692288,0.02143197731413803,True,False,False
6.140000000000001,0.1451797831942922,0.21770167464443885,0.027731088987956128,0.00028468257404090023,-0.05131122044257637,-0.0004600769572239271,0.0019411392223705915,0.29269234024079943,0.02156755433509096,0.38984695884303744,0.225,0.15,0.38999999999999996,1.5,129.91154366128464,0.021357948686125183,True,False,False
6.1450000000000005,0.1450624134906921,0.21761617467721334,0.02782574220382596,0.000312648278037789,-0.05131122044257637,-0.0004600769572239271,0.0019411392223705915,0.2927032618273327,0.021706008423776596,0.38984549717128825,0.225,0.15,0.38999999999999996,1.5,129.91154347106863,0.021282523677494468,True,False,False
6.15,0.14494442782885733,0.217522724240885,0.02792070781968421,0.0003405335788622423,-0.05152062065442335,-0.0011062940894904505,0.0019453305924959112,0.292713747351023,0.021844971782594154,0.3898440483646466,0.225,0.15,0.38999999999999996,1.5,129.91160115117032,0.020875740833284407,True,False,False
6.155,0.14482582547407769,0.21742135109922855,0.02801639587671023,0.0003684526221762276,-0.05152062065442335,-0.0011062940894904505,0.0019453305924959112,0.29272379731742476,0.021984445357765493,0.3898426125879916,0.225,0.15,0.38999999999999996,1.5,129.91160099997185,0.020807558602065866,True,False,False
6.16,0.1447066057141941,0.21731206864451805,0.028112385369404545,0.00039633808052241435,-0.05152062065442335,-0.0011062940894904505,0.0019453305924959112,0.29273341225760696,0.02212443008677316,0.3898411899508072,0.225,0.15,0.38999999999999996,1.5,129.9116008658507,0.020737457185372912,True,False,False
6.165,0.14458676879174806,0.21719490135521732,0.028208670778270918,0.0004241665891439055,-0.05152062065442335,-0.0011062940894904505,0.0019453305924959112,0.2927425927519487,0.022264925855853063,0.38983978055259566,0.225,0.15,0.38999999999999996,1.5,129.91160074892704,0.02066552847682696,True,False,False
6.17,0.1444663149746033,0.2170698778933776,0.02830524653634262,0.00045191698013438486,-0.05152062065442335,-0.0011062940894904505,0.0019453305924959112,0.29275133941577924,0.02240593254330988,0.3898383845094415,0.225,0.15,0.38999999999999996,1.5,129.9116006493087,0.02059184950224916,True,False,False
6.175,0.14434524455564562,0.21693703099360714,0.028402107035053716,0.00047957041528195294,-0.05152062065442335,-0.0011062940894904505,0.0019453305924959112,0.2927596528986249,0.02254745001953124,0.38983700195357984,0.225,0.15,0.38999999999999996,1.5,129.91160056709228,0.020516485810710146,True,False,False
6.18,0.1442235578525051,0.216796397187405,0.028499246629288676,0.0005071103671016172,-0.05152062065442335,-0.0011062940894904505,0.0019453305924959112,0.2927675338835038,0.02268947814700075,0.38983563303234825,0.225,0.15,0.38999999999999996,1.5,129.91160050236465,0.020439493971426012,True,False,False
6.1850000000000005,0.14410125520730033,0.21664801643766796,0.028596659641766987,0.0005345225042063879,-0.05152062065442335,-0.0011062940894904505,0.0019453305924959112,0.29277498308626926,0.022832016780310476,0.38983427790679137,0.225,0.15,0.38999999999999996,1.5,129.91160045520385,0.020360923442374244,True,False,False
6.19,0.1439783369864048,0.21649193175507725,0.02869434036689103,0.0005617945228532113,-0.05152062065442335,-0.0011062940894904505,0.0019453305924959112,0.2927820012550032,0.022975065766173183,0.389832936750132,0.225,0.15,0.38999999999999996,1.5,129.91160042568006,0.02028081799253368,True,False,False
6.195,0.14385480358023509,0.216328188794289,0.028792283074159396,0.0005889159536698322,-0.05152062065442335,-0.0011062940894904505,0.0019453305924959112,0.2927885891694588,0.023118624943434685,0.3898316097462541,0.225,0.15,0.38999999999999996,1.5,129.91160041385572,0.020199216801696094,True,False,False
6.2,0.14373065540306065,0.2161568354834628,0.028890482011227278,0.000615877962558217,-0.05177216599459941,-0.0017586854253842828,0.0019320091493654596,0.2927947476405526,0.023262694143086286,0.3898302970882172,0.225,0.15,0.38999999999999996,1.5,129.9114299318405,0.020715427129595742,True,False,False
6.205,0.14360589195641918,0.21597790284423093,0.02898935233001457,0.0006428456419665348,-0.05177216599459941,-0.0017586854253842828,0.0019320091493654596,0.2928004774897146,0.02340727424004531,0.38982899874165594,0.225,0.15,0.38999999999999996,1.5,129.9114299598234,0.02068371332221705,True,False,False
6.21,0.14348051276388996,0.2157914046027768,0.029088467145091237,0.0006697364143066869,-0.05177216599459941,-0.0017586854253842828,0.0019320091493654596,0.29280577956122417,0.023552366100324847,0.3898277146054098,0.225,0.15,0.38999999999999996,1.5,129.91143000461426,0.02065173460127795,True,False,False
6.215,0.14335451831052856,0.21559736794393916,0.02918782060186736,0.0006965322728224389,-0.05177216599459941,-0.0017586854253842828,0.0019320091493654596,0.2928106547497534,0.023697969529213266,0.3898264447929806,0.225,0.15,0.38999999999999996,1.5,129.9114300663384,0.020619491793776076,True,False,False
6.22,0.14322790910705438,0.21539582497819032,0.029287406819033832,0.0007232153825004504,-0.05177216599459941,-0.0017586854253842828,0.0019320091493654596,0.29281510398412147,0.023844084323926387,0.38982518943728345,0.225,0.15,0.38999999999999996,1.5,129.91143014510578,0.02058698572950955,True,False,False
6.2250000000000005,0.14310068568947296,0.21518681257689962,0.029387219894296032,0.0007497689799706913,-0.05177216599459941,-0.0017586854253842828,0.0019320091493654596,0.2928191282263903,0.023990710273622942,0.38982394869005516,0.225,0.15,0.38999999999999996,1.5,129.91143024101365,0.020554217241062666,True,False,False
6.23,0.14297284861872708,0.2149703720412788,0.029487253909150246,0.0007761778432341225,-0.05177216599459941,-0.0017586854253842828,0.0019320091493654596,0.2928227284710203,0.024137847159418503,0.3898227227205596,0.225,0.15,0.38999999999999996,1.5,129.9114303541472,0.02052118716379114,True,False,False
6.235,0.14284439848037586,0.21474654865116777,0.02958750293291417,0.000802428489324288,-0.05177216599459941,-0.0017586854253842828,0.0019320091493654596,0.2928259057440875,0.024285494754398878,0.3898215117138598,0.225,0.15,0.38999999999999996,1.5,129.9114304845814,0.020487896335807207,True,False,False
6.24,0.14271533588430194,0.21451539119272683,0.029687961026174662,0.0008285092049204372,-0.05177216599459941,-0.0017586854253842828,0.0019320091493654596,0.29282866110256267,0.024433652823633186,0.38982031586896304,0.225,0.15,0.38999999999999996,1.5,129.9114306323817,0.020454345597964472,True,False,False
6.245,0.14258566146444665,0.21427695145601167,0.029788622243777478,0.000854409978873438,-0.05177216599459941,-0.0017586854253842828,0.0019320091493654596,0.2928309956336528,0.024582321124187057,0.38981913539695356,0.225,0.15,0.38999999999999996,1.5,129.91143079760437,0.02042053579384264,True,False,False
6.25,0.14245537587857182,0.21403128381421066,0.029889480637454734,0.0008801223812915948,-0.05205879098585217,-0.002416469338206358,0.0019020785930140777,0.29283291045420246,0.024731499405135957,0.38981797051920725,0.225,0.15,0.38999999999999996,1.5,129.91104353691284,0.021089918748731305,True,False,False
6.255,0.1423244788662818,0.21377842313062864,0.029990955502288263,0.0009058387971718192,-0.05205879098585217,-0.002416469338206358,0.0019020785930140777,0.29283440668795124,0.02488118846747404,0.38981682101492626,0.225,0.15,0.38999999999999996,1.5,129.91104374178434,0.02105464829743882,True,False,False
6.26,0.1421929701886417,0.21351838451826924,0.03009261541683937,0.000931462332621263,-0.05205879098585217,-0.002416469338206358,0.0019020785930140777,0.2928354854787915,0.025031389103141677,0.3898156865869442,0.225,0.15,0.38999999999999996,1.5,129.91104396300926,0.02101911215185766,True,False,False
6.265000000000001,0.14206085057344134,0.2132511985154317,0.03019445435946932,0.00095697383734808,-0.05205879098585217,-0.002416469338206358,0.0019020785930140777,0.29283614802133495,0.02518210103508764,0.3898145673650604,0.225,0.15,0.38999999999999996,1.5,129.91104420071449,0.020983311192789088,True,False,False
6.2700000000000005,0.14192812077427583,0.21297690117052764,0.030296466301812038,0.0009823542343596235,-0.05205879098585217,-0.002416469338206358,0.0019020785930140777,0.2928363955431883,0.02533332397805754,0.38981346350070156,0.225,0.15,0.38999999999999996,1.5,129.91104445500974,0.020947246303774456,True,False,False
6.275,0.14179478157010053,0.21269553384030224,0.03039864521401026,0.0010075855661981683,-0.05205879098585217,-0.002416469338206358,0.0019020785930140777,0.2928362293039206,0.0254850576386104,0.38981237516621603,0.225,0.15,0.38999999999999996,1.5,129.91104472598994,0.020910918371080375,True,False,False
6.28,0.14166083376482083,0.21240714279349662,0.030500985068915916,0.0010326515471175135,-0.05205879098585217,-0.002416469338206358,0.0019020785930140777,0.29283565059410244,0.025637301715133728,0.38981130255333646,0.225,0.15,0.38999999999999996,1.5,129.91104501373658,0.020874328283683363,True,False,False
6.285,0.14152627818691352,0.2121117787037912,0.030603479845513603,0.0010575378019465024,-0.05205879098585217,-0.002416469338206358,0.0019020785930140777,0.29283466073441333,0.02579005589785782,0.38981024587120566,0.225,0.15,0.38999999999999996,1.5,129.91104531831945,0.02083747693325432,True,False,False
6.29,0.14139111568908358,0.2118094960822327,0.030706123531757806,0.0010822319118697016,-0.05205879098585217,-0.002416469338206358,0.0019020785930140777,0.2928332610748267,0.02594331986886985,0.38980920534421626,0.225,0.15,0.38999999999999996,1.5,129.91104563979763,0.02080036521414281,True,False,False
6.295,0.14125534714795326,0.211500352739471,0.03080891012696493,0.0011067233462140127,-0.05205879098585217,-0.002416469338206358,0.0019020785930140777,0.29283145299386526,0.02609709330212795,0.3898081812098613,0.225,0.15,0.38999999999999996,1.5,129.9110459782203,0.020762994023361073,True,False,False
6.3,0.14111897346377975,0.21118440925008053,0.03091183364386409,0.0011310033315542953,-0.052373738932265566,-0.0030788397221023257,0.001856317246329263,0.2928292378979204,0.026251375863475646,0.38980717371673734,0.225,0.15,0.38999999999999996,1.5,129.91045168021844,0.02143372950330125,True,False,False
6.305,0.14098199461448663,0.21086170454686265,0.0310153166071622,0.0011552851200425209,-0.052373738932265566,-0.0030788397221023257,0.001856317246329263,0.29282661719693265,0.02640616827744216,0.389806182467376,0.225,0.15,0.38999999999999996,1.5,129.91045205747733,0.021394890418808758,True,False,False
6.3100000000000005,0.14084441059881644,0.21053225578140447,0.03111892429678801,0.0011794607216805576,-0.052373738932265566,-0.0030788397221023257,0.001856317246329263,0.2928235923182766,0.026561471259368856,0.38980520698011467,0.225,0.15,0.38999999999999996,1.5,129.91045245049227,0.02135578533065218,True,False,False
6.315,0.1407062223859499,0.2101960971273019,0.03122265067043855,0.0012035097369029566,-0.052373738932265566,-0.0030788397221023257,0.001856317246329263,0.29282016473965927,0.026717284448588688,0.3898042474018645,0.225,0.15,0.38999999999999996,1.5,129.91045285938782,0.021316415172980403,True,False,False
6.32,0.14056743097082955,0.2098532687069575,0.03132648969751604,0.0012274118504687135,-0.052373738932265566,-0.0030788397221023257,0.001856317246329263,0.29281633597030815,0.026873607476111883,0.38980330390281537,0.225,0.15,0.38999999999999996,1.5,129.91045328426978,0.02127678088261594,True,False,False
6.325,0.14042803737365783,0.20950381634767143,0.03143043536361267,0.001251147975785899,-0.052373738932265566,-0.0030788397221023257,0.001856317246329263,0.29281210754983233,0.027030439964643774,0.38980237667562034,0.225,0.15,0.38999999999999996,1.5,129.91045372522754,0.021236883399039577,True,False,False
6.33,0.14028804263943465,0.20914779115676393,0.03153448167393357,0.0012747008582157213,-0.052373738932265566,-0.0030788397221023257,0.001856317246329263,0.2928074810471655,0.027187781528600994,0.38980146593367493,0.225,0.15,0.38999999999999996,1.5,129.9104541823362,0.021196723664374424,True,False,False
6.335,0.1401474478375308,0.20878524893950887,0.031638622655953325,0.0012980553352620338,-0.052373738932265566,-0.0030788397221023257,0.001856317246329263,0.2928024580595855,0.027345631774126928,0.3898005719089238,0.225,0.15,0.38999999999999996,1.5,129.91045465565807,0.02115630262336979,True,False,False
6.34,0.14000625406130146,0.20841624958701108,0.03174285236151737,0.001321198385322658,-0.052373738932265566,-0.0030788397221023257,0.001856317246329263,0.2927970402118192,0.027503990299106724,0.3897996948494746,0.225,0.15,0.38999999999999996,1.5,129.9104551452435,0.02111562122338472,True,False,False
6.345,0.13986446242773506,0.20804085647176415,0.031847164868538225,0.0013441190516392501,-0.052373738932265566,-0.0030788397221023257,0.001856317246329263,0.2927912291552252,0.027662856693182622,0.3897988350172371,0.225,0.15,0.38999999999999996,1.5,129.9104556511326,0.021074680414371518,True,False,False
6.3500000000000005,0.1397220740771384,0.20765913586283338,0.03195155428239425,0.001366808297666354,-0.05271053839883283,-0.0037449669086101808,0.0017954836255904179,0.2927850265670548,0.02782223053776931,0.3897979926856757,0.225,0.15,0.38999999999999996,1.5,129.90966381488062,0.021745876577507452,True,False,False
6.355,0.1395790892245839,0.20727113065972472,0.03205644549562133,0.00138949574161025,-0.05271053839883283,-0.0037449669086101808,0.0017954836255904179,0.2927784341250221,0.027982112478474094,0.38979716728899494,0.225,0.15,0.38999999999999996,1.5,129.90966435838683,0.021703462750998513,True,False,False
6.36,0.1394355081052805,0.20687686039424677,0.03216140162038621,0.0014120645986430052,-0.05271053839883283,-0.0037449669086101808,0.0017954836255904179,0.29277145352155975,0.028142503151598042,0.3897963581710014,0.225,0.15,0.38999999999999996,1.5,129.90966491694246,0.0216607830894846,True,False,False
6.365,0.1392913319270557,0.2064763628531541,0.03226641671694776,0.0014344935580590382,-0.05271053839883283,-0.0037449669086101808,0.0017954836255904179,0.2927640864983845,0.02830340211170249,0.38979556549533984,0.225,0.15,0.38999999999999996,1.5,129.90966549066505,0.021617838579911116,True,False,False
6.37,0.13914656192329064,0.2060696820746703,0.032371484873624914,0.0014567614178732779,-0.05271053839883283,-0.0037449669086101808,0.0017954836255904179,0.2927563348269685,0.028464808904918038,0.38979478945005797,0.225,0.15,0.38999999999999996,1.5,129.9096660796524,0.021574630211824677,True,False,False
6.375,0.13900119935237068,0.20565686808237646,0.03247660021037057,0.0014788483009053974,-0.05271053839883283,-0.0037449669086101808,0.0017954836255904179,0.2927482003073161,0.028626723068963796,0.3897940302467062,0.225,0.15,0.38999999999999996,1.5,129.90966668398517,0.0215311589773571,True,False,False
6.38,0.13885524549718065,0.20523797641611277,0.032581756881301854,0.0015007362944636621,-0.05271053839883283,-0.0037449669086101808,0.0017954836255904179,0.29273968476683104,0.028789144133164773,0.3897932881184804,0.225,0.15,0.38999999999999996,1.5,129.9096673037291,0.021487425871208894,True,False,False
6.385,0.13870870166463944,0.20481306751545134,0.03268694907650875,0.0015224097245863336,-0.05271053839883283,-0.0037449669086101808,0.0017954836255904179,0.29273079005926667,0.028952071618468425,0.3897925633178624,0.225,0.15,0.38999999999999996,1.5,129.90966793893597,0.021443431890632404,True,False,False
6.390000000000001,0.13856156918527773,0.20438220605664884,0.0327921710233638,0.0015438552052000115,-0.05271053839883283,-0.0037449669086101808,0.0017954836255904179,0.292721518063767,0.029115505037460968,0.3897918561140494,0.225,0.15,0.38999999999999996,1.5,129.9096685896456,0.02139917803541484,True,False,False
6.3950000000000005,0.13841384941285612,0.20394546029913718,0.03289741698748677,0.00156506155453971,-0.05271053839883283,-0.0037449669086101808,0.0017954836255904179,0.29271187068399557,0.029279443894383722,0.3897911667904203,0.225,0.15,0.38999999999999996,1.5,129.9096692558866,0.021354665307861023,True,False,False
6.4,0.13826554372402128,0.2035029014716911,0.03300268127347019,0.0015860196387481,-0.05306299065057764,-0.004413998646691208,0.001720396353319293,0.2927018498473453,0.029443887685149783,0.38979049564213303,0.225,0.15,0.38999999999999996,1.5,129.90869019850885,0.022025411869972995,True,False,False
6.405,0.13811665256859604,0.2030545761167884,0.033108390330088444,0.0016069715673935365,-0.05306299065057764,-0.004413998646691208,0.001720396353319293,0.2926914574788554,0.029608836974079577,0.38978984194321514,0.225,0.15,0.38999999999999996,1.5,129.90869090094878,0.021979423168329675,True,False,False
6.41,0.1379671764158314,0.20260050624267603,0.033214106128974887,0.0016277935864721911,-0.05306299065057764,-0.004413998646691208,0.001720396353319293,0.2926806955155846,0.029774292316084923,0.389789204872752,0.225,0.15,0.38999999999999996,1.5,129.9086916176475,0.021933169284419237,True,False,False
6.415,0.1378171167082585,0.20214073301361332,0.033319822933194194,0.0016484638547672877,-0.05306299065057764,-0.004413998646691208,0.001720396353319293,0.29266956594223126,0.029940253179924745,0.3897885846098528,0.225,0.15,0.38999999999999996,1.5,129.90869234871127,0.02188665125733704,True,False,False
6.42,0.13766647491360895,0.20167530402144204,0.033425535047855025,0.0016689606643676912,-0.05306299065057764,-0.004413998646691208,0.001720396353319293,0.2926580707712254,0.030106719025831494,0.3897879813586922,0.225,0.15,0.38999999999999996,1.5,129.90869309422635,0.0218398701287012,True,False,False
6.425,0.13751525252423075,0.20120427301016708,0.03353123682269233,0.0016892637055048166,-0.05306299065057764,-0.004413998646691208,0.001720396353319293,0.2926462120414465,0.03027368930553163,0.38978739534754153,0.225,0.15,0.38999999999999996,1.5,129.90869385426137,0.021792826942635887,True,False,False
6.43,0.13736345105654982,0.20072769937586651,0.033636922653661264,0.0017093547303374701,-0.05306299065057764,-0.004413998646691208,0.001720396353319293,0.2926339918170323,0.03044116346226434,0.3897868268268041,0.225,0.15,0.38999999999999996,1.5,129.90869462886948,0.021745522745754236,True,False,False
6.4350000000000005,0.13721107205057487,0.20024564751255,0.03374258698387978,0.0017292178358059005,-0.05306299065057764,-0.004413998646691208,0.001720396353319293,0.2926214121862787,0.030609140930799406,0.38978627606653327,0.225,0.15,0.38999999999999996,1.5,129.9086954180898,0.021697958587140888,True,False,False
6.44,0.13705811706944832,0.19975818612870244,0.03384822430414638,0.0017488395119991432,-0.05306299065057764,-0.004413998646691208,0.001720396353319293,0.29260847526063455,0.03077762113745465,0.38978574335374183,0.225,0.15,0.38999999999999996,1.5,129.90869622194904,0.021650135518334317,True,False,False
6.445,0.1369045876990397,0.19926538755186407,0.033953829153185164,0.0017682085523711818,-0.05306299065057764,-0.004413998646691208,0.001720396353319293,0.2925951831737888,0.03094660350011367,0.38978522898974394,0.225,0.15,0.38999999999999996,1.5,129.90869704046244,0.021602054593308887,True,False,False
6.45,0.13675048554758099,0.19876732709027348,0.03405939611771894,0.0017873158883004064,-0.053425167443978905,-0.005085061146372754,0.0016319836855496683,0.292581538080845,0.031116087428243688,0.38978473328763186,0.225,0.15,0.38999999999999996,1.5,129.90754255553733,0.02227142396705781,True,False,False
6.455,0.13659581129623066,0.19826405445142586,0.03416535244037717,0.0018064125761119054,-0.053425167443978905,-0.005085061146372754,0.0016319836855496683,0.29256754213200387,0.03128607340261188,0.389784255370192,0.225,0.15,0.38999999999999996,1.5,129.90754340880574,0.022221866320261262,True,False,False
6.46,0.13644056564486343,0.19775559405397866,0.0342712598805709,0.001825369452440291,-0.053425167443978905,-0.005085061146372754,0.0016319836855496683,0.2925531974868293,0.03145656189449065,0.38978379426232285,0.225,0.15,0.38999999999999996,1.5,129.907544275479,0.02217204463340329,True,False,False
6.465,0.13628475026578932,0.19724199006234816,0.03437711298273652,0.0018441645100467088,-0.053425167443978905,-0.005085061146372754,0.0016319836855496683,0.29253850635034073,0.03162755228593531,0.389783350156764,0.225,0.15,0.38999999999999996,1.5,129.907545155649,0.022121959996986715,True,False,False
6.47,0.1361283668560471,0.19672329311777814,0.03448290634484041,0.0018627758970917146,-0.053425167443978905,-0.005085061146372754,0.0016319836855496683,0.29252347095304765,0.03179904395039165,0.38978292327155156,0.225,0.15,0.38999999999999996,1.5,129.90754604938613,0.022071613503952415,True,False,False
6.4750000000000005,0.13597141713679356,0.19619956009822798,0.03458863461995423,0.0018811832091703787,-0.053425167443978905,-0.005085061146372754,0.0016319836855496683,0.2925080935496237,0.031971036252717626,0.38978251384899304,0.225,0.15,0.38999999999999996,1.5,129.90754695674454,0.022021006249662405,True,False,False
6.48,0.1358139028527421,0.1956708535526465,0.0346942925169256,0.0018993681658554453,-0.053425167443978905,-0.005085061146372754,0.0016319836855496683,0.29249237641767956,0.03214352854920355,0.38978212215365843,0.225,0.15,0.38999999999999996,1.5,129.90754787776223,0.021970139331881727,True,False,False
6.485,0.13565582577164664,0.19513724106095354,0.03479987480048553,0.0019173148973090264,-0.053425167443978905,-0.005085061146372754,0.0016319836855496683,0.29247632185662825,0.03231652018759117,0.38978174846980373,0.225,0.15,0.38999999999999996,1.5,129.90754881246357,0.021919013850760616,True,False,False
6.49,0.13549718768383318,0.19459879450856035,0.034905376291015935,0.0019350099910082825,-0.053425167443978905,-0.005085061146372754,0.0016319836855496683,0.29245993218664973,0.03249001050709262,0.3897813930986118,0.225,0.15,0.38999999999999996,1.5,129.90754976086018,0.02186763090881595,True,False,False
6.495,0.13533799040177766,0.1940555893897999,0.035010791864123,0.0019524423972739028,-0.053425167443978905,-0.005085061146372754,0.0016319836855496683,0.2924432097477526,0.032663998838409286,0.3897810563554395,0.225,0.15,0.38999999999999996,1.5,129.90755072295272,0.02181599161091288,True,False,False
6.5,0.13517823575972454,0.193507704127222,0.03511611645010897,0.0019696032576080476,-0.05379141784316201,-0.005757260183521856,0.0015313064805611495,0.2924261568989221,0.032838484503751306,0.38978073856724926,0.225,0.15,0.38999999999999996,1.5,129.90623438752263,0.022483040098138563,True,False,False
6.505,0.13501792466596457,0.19295519104353842,0.035221777371073335,0.001986749265671193,-0.05379141784316201,-0.005757260183521856,0.0015313064805611495,0.2924087759919594,0.033013467898170286,0.389780438715869,0.225,0.15,0.38999999999999996,1.5,129.90623538304413,0.022429925578586803,True,False,False
6.51,0.13485705804681078,0.19239807679263357,0.0353273370098751,0.0020037472358731753,-0.05379141784316201,-0.005757260183521856,0.0015313064805611495,0.2923910693854381,0.03318894940715322,0.3897801556838128,0.225,0.15,0.38999999999999996,1.5,129.9062363910714,0.02237654865536329,True,False,False
6.515000000000001,0.13469563779867894,0.19183640805884875,0.03543279025116014,0.002020575332595034,-0.05379141784316201,-0.005757260183521856,0.0015313064805611495,0.2923730394807289,0.03336492832528462,0.38977988967526483,0.225,0.15,0.38999999999999996,1.5,129.90623741167747,0.022322910469539315,True,False,False
6.5200000000000005,0.13453366584357102,0.19127024149773664,0.03553813176707295,0.0020371559107204822,-0.05379141784316201,-0.005757260183521856,0.0015313064805611495,0.2923546887051951,0.033541403938492406,0.3897796409327978,0.225,0.15,0.38999999999999996,1.5,129.9062384449005,0.02226901216478567,True,False,False
6.525,0.13437114414638715,0.19069969491775518,0.03564335545262315,0.002053183928829227,-0.05379141784316201,-0.005757260183521856,0.0015313064805611495,0.29233601954785604,0.0337183755244116,0.3897794099318922,0.225,0.15,0.38999999999999996,1.5,129.90623949055265,0.022214854887888085,True,False,False
6.53,0.13420807470674115,0.19012495262715554,0.03574845644213433,0.0020685315684171577,-0.05379141784316201,-0.005757260183521856,0.0015313064805611495,0.29231703454294916,0.03389584235244894,0.38977919740441813,0.225,0.15,0.38999999999999996,1.5,129.90624054829868,0.022160439786947417,True,False,False
6.535,0.13404445954131036,0.18954622610443408,0.03585343014852467,0.002083129455058506,-0.05379141784316201,-0.005757260183521856,0.0015313064805611495,0.29229773623364286,0.034073803683546885,0.38977900418963546,0.225,0.15,0.38999999999999996,1.5,129.90624161781818,0.022105768012281854,True,False,False
6.54,0.13388030068109416,0.18896374236962193,0.03595827213818355,0.0020969410016998266,-0.05379141784316201,-0.005757260183521856,0.0015313064805611495,0.2922781271662619,0.03425225877012841,0.3897788311885461,0.225,0.15,0.38999999999999996,1.5,129.9062426988063,0.022050840716489172,True,False,False
6.545,0.1337156001697023,0.18837773561926444,0.036062978102985005,0.0021099539861567486,-0.05379141784316201,-0.005757260183521856,0.0015313064805611495,0.29225820988667134,0.03443120685606479,0.3897786793311301,0.225,0.15,0.38999999999999996,1.5,129.90624379097233,0.021995659054425538,True,False,False
6.55,0.13355036006220922,0.18778844110449003,0.03616754383913254,0.002122174004452404,-0.0541284338218774,-0.006429684198551541,0.0014116044998822507,0.2922379869378563,0.034610647176658654,0.3897785495521822,0.225,0.15,0.38999999999999996,1.5,129.90467328619545,0.022659435800346232,True,False,False
6.555,0.13338458149358642,0.1871960954336772,0.03627239534373488,0.002133635023369502,-0.0541284338218774,-0.006429684198551541,0.0014116044998822507,0.292217460860485,0.03479058004037515,0.38977844130538586,0.225,0.15,0.38999999999999996,1.5,129.90467440833066,0.022602782691932794,True,False,False
6.5600000000000005,0.13321826560878555,0.1866009285244593,0.03637709796756498,0.002144351863628464,-0.0541284338218774,-0.006429684198551541,0.0014116044998822507,0.2921966341852505,0.034971005746178396,0.38977835401912286,0.225,0.15,0.38999999999999996,1.5,129.90467553978263,0.022545869315780585,True,False,False
6.565,0.13305141449407026,0.1860031552783274,0.03648164767072883,0.0021543632138210063,-0.0541284338218774,-0.006429684198551541,0.0014116044998822507,0.29217550943260967,0.03515192350162953,0.38977828855080177,0.225,0.15,0.38999999999999996,1.5,129.90467668038474,0.022488696862553864,True,False,False
6.57,0.13288403024607184,0.1854029790177162,0.036586040467288444,0.0021637101606959298,-0.0541284338218774,-0.006429684198551541,0.0014116044998822507,0.29215408911722807,0.03533333250542881,0.3897782457130464,0.225,0.15,0.38999999999999996,1.5,129.90467782997783,0.022431266525172796,True,False,False
6.575,0.132716114971911,0.1848005909496605,0.036690272420532466,0.002172435031541918,-0.0541284338218774,-0.006429684198551541,0.0014116044998822507,0.2921323757482347,0.035515231947438976,0.3897782262715574,0.225,0.15,0.38999999999999996,1.5,129.90467898840998,0.022373579498793057,True,False,False
6.58,0.1325476707893766,0.18419616991526128,0.03679433963903711,0.0021805805524705217,-0.0541284338218774,-0.006429684198551541,0.0014116044998822507,0.29211037182959476,0.035697621008710635,0.38977823094412045,0.225,0.15,0.38999999999999996,1.5,129.90468015553628,0.022315636980785536,True,False,False
6.585,0.132378699827145,0.1835898823524691,0.036898238273343355,0.0021881892371278986,-0.0541284338218774,-0.006429684198551541,0.0014116044998822507,0.2920880798605636,0.03588049886150926,0.38977826040043584,0.225,0.15,0.38999999999999996,1.5,129.90468133121823,0.022257440170715945,True,False,False
6.59,0.13220920422503063,0.182981882407799,0.03700196451312175,0.0021953029434866786,-0.0541284338218774,-0.006429684198551541,0.0014116044998822507,0.29206550233620315,0.03606386466934308,0.389778315262549,0.225,0.15,0.38999999999999996,1.5,129.90468251532326,0.022198990270324445,True,False,False
6.595,0.13203918613425727,0.18237231216287836,0.037105514584730805,0.002201962553367202,-0.0541284338218774,-0.006429684198551541,0.0014116044998822507,0.292042641747938,0.03624771758699203,0.3897783961057194,0.225,0.15,0.38999999999999996,1.5,129.90468370772467,0.02214028848350529,True,False,False
6.6000000000000005,0.1318686477177474,0.18176130193680778,0.03720888474909871,0.0022082077417730677,-0.054282692633065524,-0.007101408627984517,0.0012444372428314094,0.2920195005841437,0.036432056760536874,0.3897785034595904,0.225,0.15,0.38999999999999996,1.5,129.9024695529698,0.02279985390390423,True,False,False
6.605,0.13169759022675614,0.18114897134453264,0.03731249915234721,0.0022141243504779666,-0.054282692633065524,-0.007101408627984517,0.0012444372428314094,0.29199608133709654,0.03661688240808282,0.3897786357183218,0.225,0.15,0.38999999999999996,1.5,129.90247078029648,0.0227396867057654,True,False,False
6.61,0.131526014925932,0.18053542905624684,0.03741592560172885,0.0022197031025308067,-0.054282692633065524,-0.007101408627984517,0.0012444372428314094,0.29197238649528856,0.03680219473813143,0.3897787912337662,0.225,0.15,0.38999999999999996,1.5,129.9024720154841,0.022679261875471753,True,False,False
6.615,0.13135392401732945,0.1799207718895783,0.03751916038838293,0.002224981539498075,-0.054282692633065524,-0.007101408627984517,0.0012444372428314094,0.29194841853871045,0.036987992868746336,0.3897789704058628,0.225,0.15,0.38999999999999996,1.5,129.90247325845638,0.022618580652273106,True,False,False
6.62,0.13118131971626404,0.1793050859932915,0.0376221998304485,0.002229994834812233,-0.054282692633065524,-0.007101408627984517,0.0012444372428314094,0.2919241799468867,0.03717427590910199,0.389779173593125,0.225,0.15,0.38999999999999996,1.5,129.90247450914015,0.022557644277571644,True,False,False
6.625,0.13100820425166776,0.17868844748893273,0.03772504027258047,0.002234775948433498,-0.054282692633065524,-0.007101408627984517,0.0012444372428314094,0.2918996731995821,0.037361042959516706,0.3897794011152048,0.225,0.15,0.38999999999999996,1.5,129.90247576746495,0.022496453994901223,True,False,False
6.63,0.13083457986643418,0.17807092310406325,0.03782767808543988,0.0022393557537001224,-0.054282692633065524,-0.007101408627984517,0.0012444372428314094,0.2918749007774815,0.037548293111485206,0.3897796532552803,0.225,0.15,0.38999999999999996,1.5,129.90247703336314,0.022435011049906577,True,False,False
6.635,0.13066044881775132,0.17745257073342594,0.03793010966519448,0.00224376314173928,-0.054282692633065524,-0.007101408627984517,0.0012444372428314094,0.2918498651628395,0.037736025447711145,0.38977993026233104,0.225,0.15,0.38999999999999996,1.5,129.90247830676932,0.02237331669032246,True,False,False
6.640000000000001,0.13048581337742737,0.17683344002127868,0.03803233143305495,0.0022480251085420623,-0.054282692633065524,-0.007101408627984517,0.0012444372428314094,0.2918245688401108,0.03792423904213917,0.38978023235328907,0.225,0.15,0.38999999999999996,1.5,129.9024795876205,0.022311372165952845,True,False,False
6.6450000000000005,0.13031067583220568,0.17621357286629283,0.03813433983486209,0.0022521668291067467,-0.054282692633065524,-0.007101408627984517,0.0012444372428314094,0.29179901429655436,0.0381129329599873,0.3897805597151195,0.225,0.15,0.38999999999999996,1.5,129.9024808758551,0.02224917872865004,True,False,False
6.65,0.13013503848407357,0.17559300395932048,0.03823613134073496,0.002256211722239574,-0.054214013183673505,-0.00777147931004667,0.0010586380862065003,0.29177320402281953,0.038302106257778724,0.38978091250681074,0.225,0.15,0.38999999999999996,1.5,129.90000163070997,0.022903527391282548,True,False,False
6.655,0.12995890273360722,0.17497175747433677,0.038338127556735595,0.0022602637940862037,-0.054214013183673505,-0.00777147931004667,0.0010586380862065003,0.29174714052305084,0.03849175906238848,0.38978128850312355,0.225,0.15,0.38999999999999996,1.5,129.90000296449375,0.02283987694812764,True,False,False
6.66,0.1297822700000007,0.17434985152716315,0.03843989909833875,0.002264260402025338,-0.054214013183673505,-0.00777147931004667,0.0010586380862065003,0.29172082630710244,0.038681891491051085,0.3897816854553018,0.225,0.15,0.38999999999999996,1.5,129.90000430637227,0.022775972012236526,True,False,False
6.665,0.1296051426374912,0.17372730260354308,0.03854144245017842,0.002268218962036853,-0.054214013183673505,-0.00777147931004667,0.0010586380862065003,0.29169426388090824,0.038872502572214244,0.3897821034518646,0.225,0.15,0.38999999999999996,1.5,129.9000056562736,0.022711813870313357,True,False,False
6.67,0.129427523016955,0.17310412213225507,0.03864275412222773,0.0022721556925194065,-0.054214013183673505,-0.00777147931004667,0.0010586380862065003,0.2916674557558744,0.03906359132545571,0.38978254256176487,0.225,0.15,0.38999999999999996,1.5,129.90000701412734,0.02264740381110713,True,False,False
6.675,0.12924941352615316,0.1724803168359088,0.038743830649423834,0.002276085576384923,-0.054214013183673505,-0.00777147931004667,0.0010586380862065003,0.2916404044493181,0.03925515676151531,0.3897830028357353,0.225,0.15,0.38999999999999996,1.5,129.90000837986412,0.022582743125390332,True,False,False
6.68,0.1290708165699721,0.17185588908910387,0.0388446685914413,0.0022800223428632947,-0.054214013183673505,-0.00777147931004667,0.0010586380862065003,0.29161311248489297,0.039447197882326986,0.38978348430769333,0.225,0.15,0.38999999999999996,1.5,129.90000975341565,0.022517833105937513,True,False,False
6.6850000000000005,0.12889173457066055,0.17123083727778785,0.03894526453258582,0.0022839784653128792,-0.054214013183673505,-0.00777147931004667,0.0010586380862065003,0.29158558239300264,0.03963971368105083,0.3897839869961455,0.225,0.15,0.38999999999999996,1.5,129.90001113471448,0.022452675047503836,True,False,False
6.69,0.12871216996805843,0.17060515617055574,0.03904561508178677,0.0022879651717071913,-0.054214013183673505,-0.00777147931004667,0.0010586380862065003,0.2915578167111951,0.03983270314210521,0.3897845109055904,0.225,0.15,0.38999999999999996,1.5,129.90001252369393,0.02238727024680363,True,False,False
6.695,0.12853212521981874,0.169978837274351,0.03914571687267259,0.002291992464976442,-0.054214013183673505,-0.00777147931004667,0.0010586380862065003,0.2915298179845393,0.040026165241198806,0.38978505602792834,0.225,0.15,0.38999999999999996,1.5,129.90001392028793,0.02232162000248894,True,False,False
6.7,0.12835160280162025,0.16935186919140632,0.0392455665637161,0.002296069150896562,-0.05395789319605472,-0.008438927579737613,0.0008824336411505738,0.2915015887659797,0.040220098945362735,0.3897856223438254,0.225,0.15,0.38999999999999996,1.5,129.89764650908586,0.022969729227820358,True,False,False
6.705,0.1281706042966739,0.16872423076050497,0.039345583351674554,0.002300312334991231,-0.05395789319605472,-0.008438927579737613,0.0008824336411505738,0.29147313162766053,0.04041450428921564,0.3897862075587353,0.225,0.15,0.38999999999999996,1.5,129.89764796245586,0.022902632794113927,True,False,False
6.71,0.12798913131084722,0.1680958988508669,0.03944534058383444,0.0023046170892036784,-0.05395789319605472,-0.008438927579737613,0.0008824336411505738,0.29144444915409634,0.040609381297711626,0.3897868093703792,0.225,0.15,0.38999999999999996,1.5,129.8976494249241,0.022835285513127364,True,False,False
6.715,0.127807186382012,0.1674668568163861,0.03954483494359138,0.002308985005584083,-0.05395789319605472,-0.008438927579737613,0.0008824336411505738,0.2914155439295227,0.04080472890978352,0.389787427739038,0.225,0.15,0.38999999999999996,1.5,129.89765089637083,0.02276768871780347,True,False,False
6.72,0.12762477206700343,0.16683708739271214,0.03964406314464615,0.0023134178860419645,-0.05395789319605472,-0.008438927579737613,0.0008824336411505738,0.29138641854707775,0.041000546055519706,0.3897880626226823,0.225,0.15,0.38999999999999996,1.5,129.89765237667797,0.022699843743016906,True,False,False
6.7250000000000005,0.12744189094171374,0.16620657266287572,0.0397430219302239,0.002317917474039354,-0.05395789319605472,-0.008438927579737613,0.0008824336411505738,0.2913570756089029,0.041196831656194734,0.3897887139768592,0.225,0.15,0.38999999999999996,1.5,129.89765386572864,0.022631751925552033,True,False,False
6.73,0.12725854560119426,0.16557529411892102,0.03984170807263985,0.002322485260194982,-0.05395789319605472,-0.008438927579737613,0.0008824336411505738,0.29132751772625803,0.041393584624300456,0.38978938175486133,0.225,0.15,0.38999999999999996,1.5,129.8976553634072,0.022563414604080883,True,False,False
6.735,0.12707473865976202,0.1649432327514067,0.03994011837311319,0.0023271223465531894,-0.05395789319605472,-0.008438927579737613,0.0008824336411505738,0.2912977475196444,0.041590803863577316,0.38979006590809123,0.225,0.15,0.38999999999999996,1.5,129.89765686959925,0.02249483311914099,True,False,False
6.74,0.12689047275110665,0.16431036917862105,0.040038249661758944,0.0023318293563161464,-0.05395789319605472,-0.008438927579737613,0.0008824336411505738,0.291267767618926,0.0417884882690461,0.38979076638656907,0.225,0.15,0.38999999999999996,1.5,129.8976583841913,0.022426008813113418,True,False,False
6.745,0.12670575052839536,0.1636766838054606,0.040136098797709324,0.002336606378167618,-0.05395789319605472,-0.008438927579737613,0.0008824336411505738,0.29123758066344474,0.041986636727039624,0.38979148313951306,0.225,0.15,0.38999999999999996,1.5,129.89765990707062,0.022356943030200475,True,False,False
6.75,0.12652057466437291,0.16304215698596816,0.04023366266932873,0.0023414529365220348,-0.05358108035383362,-0.009102774267591195,0.0007279537491030275,0.2912071893021235,0.042185248115234775,0.38979221611598824,0.225,0.15,0.38999999999999996,1.5,129.89557070381738,0.022997792944541826,True,False,False
6.755,0.12633494694760994,0.16240675999984985,0.040331358177887605,0.0023464943374312945,-0.05358108035383362,-0.009102774267591195,0.0007279537491030275,0.2911765962047155,0.04238432237448001,0.3897929632554038,0.225,0.15,0.38999999999999996,1.5,129.89557229314983,0.022927294209820443,True,False,False
6.76,0.12614886919164128,0.1617704647252534,0.040428761424814635,0.0023515996575244453,-0.05358108035383362,-0.009102774267591195,0.0007279537491030275,0.29114580405624435,0.042583859435951374,0.38979372249927957,0.225,0.15,0.38999999999999996,1.5,129.89557389267836,0.022856548780665377,True,False,False
6.765000000000001,0.12596234413687246,0.16113325438846382,0.04052586934101083,0.0023567611375491784,-0.05358108035383362,-0.009102774267591195,0.0007279537491030275,0.2911148155431032,0.04278385814924024,0.38979449380766895,0.225,0.15,0.38999999999999996,1.5,129.8955755022111,0.02278555803494836,True,False,False
6.7700000000000005,0.12577537454375723,0.16049511426611318,0.040622678893969436,0.002361972302086034,-0.05358108035383362,-0.009102774267591195,0.0007279537491030275,0.29108363336127285,0.042984317355121135,0.3897952771486755,0.225,0.15,0.38999999999999996,1.5,129.89557712155863,0.022714323352353568,True,False,False
6.775,0.1255879631927577,0.15985603136724336,0.04071918708651323,0.0023672275294896153,-0.05358108035383362,-0.009102774267591195,0.0007279537491030275,0.29105226021613695,0.043185235885581826,0.3897960724971933,0.225,0.15,0.38999999999999996,1.5,129.8955787505343,0.022642846114354975,True,False,False
6.78,0.12540011288432293,0.15921599421774546,0.040815390956016113,0.002372521731353805,-0.05358108035383362,-0.009102774267591195,0.0007279537491030275,0.2910206988223338,0.04338661256385373,0.38979687983410033,0.225,0.15,0.38999999999999996,1.5,129.89558038895373,0.022571127704193526,True,False,False
6.785,0.12521182643888223,0.1585749927592325,0.0409112875739612,0.0023778501186806833,-0.05358108035383362,-0.009102774267591195,0.0007279537491030275,0.2909889519036365,0.0435884462044431,0.3897976991457852,0.225,0.15,0.38999999999999996,1.5,129.89558203663503,0.022499169506854395,True,False,False
6.79,0.1250231066968465,0.1579330182755757,0.04100687404573264,0.0023832080351189767,-0.05358108035383362,-0.009102774267591195,0.0007279537491030275,0.2909570221928478,0.043790735613162504,0.38979853042389956,0.225,0.15,0.38999999999999996,1.5,129.89558369339863,0.022426972909044336,True,False,False
6.795,0.12483395651861257,0.15729006339191254,0.041102147510569495,0.0023885908411776504,-0.05358108035383362,-0.009102774267591195,0.0007279537491030275,0.2909249124317006,0.04399347958716273,0.3897993736652853,0.225,0.15,0.38999999999999996,1.5,129.89558535906707,0.022354539299168818,True,False,False
6.8,0.12464437878456934,0.15664612206677114,0.041197105141631246,0.00239399383663539,-0.053154031173184416,-0.00976202940488514,0.0005957932866609412,0.2908926253707596,0.04419667691496477,0.3898002288720133,0.225,0.15,0.38999999999999996,1.5,129.89378824811973,0.022987113644556977,True,False,False
6.805,0.12445437549946785,0.15600117977868264,0.04129216132246145,0.0023995458945824297,-0.053154031173184416,-0.00976202940488514,0.0005957932866609412,0.2908601637798712,0.044400327441893185,0.38980109431453724,0.225,0.15,0.38999999999999996,1.5,129.8937899874402,0.022913262747067863,True,False,False
6.8100000000000005,0.12426394869372093,0.1553552237446803,0.04138689527185194,0.0024051050746210735,-0.053154031173184416,-0.00976202940488514,0.0005957932866609412,0.29082753044370835,0.04460443100361302,0.3898019682697361,0.225,0.15,0.38999999999999996,1.5,129.89379173767364,0.02283916981580491,True,False,False
6.815,0.12407310131678467,0.15470825436730878,0.041481304220917586,0.002410660013467109,-0.053154031173184416,-0.00976202940488514,0.0005957932866609412,0.29079472814795226,0.04480898636061588,0.3898028507644517,0.225,0.15,0.38999999999999996,1.5,129.89379349855315,0.022764836272159177,True,False,False
6.82,0.12388183633822292,0.1540602751728321,0.041575385442168905,0.002416201238787244,-0.053154031173184416,-0.00976202940488514,0.0005957932866609412,0.2907617596863723,0.045013992264607956,0.3898037418376963,0.225,0.15,0.38999999999999996,1.5,129.89379526981617,0.022690263539208368,True,False,False
6.825,0.12369015674757698,0.1534112922952768,0.04166913624785478,0.002421720661979157,-0.053154031173184416,-0.00976202940488514,0.0005957932866609412,0.2907286278604544,0.04521944745853998,0.38980464153870475,0.225,0.15,0.38999999999999996,1.5,129.89379705120433,0.022615453041693486,True,False,False
6.83,0.12349806555426086,0.15276131414325012,0.041762553988855346,0.0024272111954914966,-0.053154031173184416,-0.00976202940488514,0.0005957932866609412,0.29069533547908055,0.045425350676638054,0.3898055499255565,0.225,0.15,0.38999999999999996,1.5,129.89379884246327,0.022540406205995497,True,False,False
6.835,0.12330556578747956,0.15211035113033894,0.041855636053952594,0.0024326664686816764,-0.053154031173184416,-0.00976202940488514,0.0005957932866609412,0.2906618853582531,0.04563170064443503,0.3898064670641555,0.225,0.15,0.38999999999999996,1.5,129.89380064334324,0.02246512446011197,True,False,False
6.84,0.12311266049615861,0.15145841549983138,0.04194837986936066,0.0024380806199006486,-0.053154031173184416,-0.00976202940488514,0.0005957932866609412,0.29062828032084115,0.045838496078802374,0.38980739302753614,0.225,0.15,0.38999999999999996,1.5,129.89380245359803,0.022389609233633766,True,False,False
6.845,0.1229193527488841,0.1508055212103264,0.04204078289843351,0.0024434481465508517,-0.053154031173184416,-0.00976202940488514,0.0005957932866609412,0.29059452319634727,0.04604573568798264,0.38980832789535275,0.225,0.15,0.38999999999999996,1.5,129.89380427298565,0.022313861957721767,True,False,False
6.8500000000000005,0.12272564563384704,0.15015168382822977,0.042132842641493196,0.002448763798644793,-0.0527339532653479,-0.010415692271673934,0.00048050162596550614,0.2905606168206817,0.0462534181716219,0.3898092717535375,0.225,0.15,0.38999999999999996,1.5,129.89223191514733,0.022937146145014884,True,False,False
6.855,0.12253154137314183,0.14949691099248327,0.04222497042640747,0.0024541564401374,-0.0527339532653479,-0.010415692271673934,0.00048050162596550614,0.2905265640455218,0.04646154327777012,0.3898102231704623,0.225,0.15,0.38999999999999996,1.5,129.89223381237153,0.022859999677160674,True,False,False
6.86,0.12233704221406147,0.14884121214095905,0.04231674923264865,0.0024594840003782153,-0.0527339532653479,-0.010415692271673934,0.00048050162596550614,0.2904923677345994,0.04667011074485257,0.38981118072124077,0.225,0.15,0.38999999999999996,1.5,129.89223572056488,0.022782616343493767,True,False,False
6.865,0.12214215131242874,0.14818460954491422,0.04240817662696204,0.00246473552530958,-0.0527339532653479,-0.010415692271673934,0.00048050162596550614,0.2904580307508166,0.04687911924459196,0.3898121445175091,0.225,0.15,0.38999999999999996,1.5,129.89223763939935,0.022704997607413985,True,False,False
6.87,0.1219468718435859,0.1475271285035839,0.04249925021951203,0.002469902132681553,-0.0527339532653479,-0.010415692271673934,0.00048050162596550614,0.29042355596232405,0.04708856743996416,0.38981311468273133,0.225,0.15,0.38999999999999996,1.5,129.8922395685532,0.022627144933875607,True,False,False
6.875,0.12175120700222204,0.1468687968004512,0.04258996766199085,0.0024749765006088684,-0.0527339532653479,-0.010415692271673934,0.00048050162596550614,0.2903889462420646,0.04729845398522873,0.3898140913500525,0.225,0.15,0.38999999999999996,1.5,129.89224150771062,0.0225490597893635,True,False,False
6.88,0.1215551600022304,0.14620964428961292,0.04268032664628038,0.002479952478858603,-0.0527339532653479,-0.010415692271673934,0.00048050162596550614,0.290354204467377,0.047508777525960805,0.38981507466068144,0.225,0.15,0.38999999999999996,1.5,129.8922434565618,0.02247074364186921,True,False,False
6.885,0.1213587340765911,0.14554970258373465,0.042770324903492564,0.0024848247972488013,-0.0527339532653479,-0.010415692271673934,0.00048050162596550614,0.2903193335196482,0.047719536699083215,0.38981606476266817,0.225,0.15,0.38999999999999996,1.5,129.89224541480306,0.022392197960867166,True,False,False
6.890000000000001,0.1211619324772688,0.14488900483419725,0.042859960203269945,0.002489588849209257,-0.0527339532653479,-0.010415692271673934,0.00048050162596550614,0.29028433628399614,0.04793073013289947,0.3898170618100179,0.225,0.15,0.38999999999999996,1.5,129.89224738213633,0.022313424217290767,True,False,False
6.8950000000000005,0.12096475847512328,0.14422758555075138,0.04294923035326414,0.0024942405325651565,-0.0527339532653479,-0.010415692271673934,0.00048050162596550614,0.29024921564897593,0.04814235644712687,0.3898180659619879,0.225,0.15,0.38999999999999996,1.5,129.89224935826954,0.022234423883508637,True,False,False
6.9,0.12076721535982766,0.14356548046699605,0.04303813319873532,0.0024987761333311273,-0.05235775690234647,-0.011062752088051745,0.0003749589284029966,0.29021397450630154,0.04835441425293002,0.3898190773825813,0.225,0.15,0.38999999999999996,1.5,129.8908105639304,0.02284740262280289,True,False,False
6.905,0.12056930556602952,0.14290271792191067,0.043127076303313264,0.002503322322381626,-0.05235775690234647,-0.011062752088051745,0.0003749589284029966,0.29017861575909387,0.048566903199504984,0.38982009484608127,0.225,0.15,0.38999999999999996,1.5,129.89081261894094,0.0227670236296929,True,False,False
6.91,0.12037103155249222,0.14223932754965773,0.04321564716293114,0.0025077430827041476,-0.05235775690234647,-0.011062752088051745,0.0003749589284029966,0.2901431423185563,0.04877982292647977,0.3898211171315977,0.225,0.15,0.38999999999999996,1.5,129.89081468424683,0.022686413444628517,True,False,False
6.915,0.12017239667364572,0.14157535015042455,0.04330384368945259,0.0025120300281868627,-0.05235775690234647,-0.011062752088051745,0.0003749589284029966,0.2901075570924434,0.048993172017255025,0.3898221444224931,0.225,0.15,0.38999999999999996,1.5,129.8908167594836,0.022605573571408577,True,False,False
6.92,0.11997340430258696,0.14091082886865147,0.04339166383725155,0.0025161767186296902,-0.05235775690234647,-0.011062752088051745,0.0003749589284029966,0.2900718629903834,0.049206949046533784,0.3898231769112208,0.225,0.15,0.38999999999999996,1.5,129.89081884429464,0.02252450551524818,True,False,False
6.925,0.11977405783090542,0.14024580864734873,0.04347910560126919,0.00252017819369212,-0.05235775690234647,-0.011062752088051745,0.0003749589284029966,0.29003606292342016,0.04942115258035361,0.3898242147972658,0.225,0.15,0.38999999999999996,1.5,129.8908209383307,0.02244321078275435,True,False,False
6.93,0.11957436066853953,0.13958033583391274,0.043566167015581116,0.0025240306168949076,-0.05235775690234647,-0.011062752088051745,0.0003749589284029966,0.2900001598036149,0.049635781176119595,0.38982525828559667,0.225,0.15,0.38999999999999996,1.5,129.89082304125017,0.022361690881901687,True,False,False
6.9350000000000005,0.11937431624365656,0.13891445790835832,0.04365284615231539,0.0025277310067287153,-0.05235775690234647,-0.011062752088051745,0.0003749589284029966,0.2899641565436936,0.04985083338263798,0.3898263075854853,0.225,0.15,0.38999999999999996,1.5,129.89082515271866,0.02227994732200805,True,False,False
6.94,0.11917392800255007,0.13824822321678265,0.0437391411208123,0.0025312770352308098,-0.05235775690234647,-0.011062752088051745,0.0003749589284029966,0.28992805605672833,0.05006630774015026,0.3898273629096028,0.225,0.15,0.38999999999999996,1.5,129.8908272724095,0.02219798161371032,True,False,False
6.945,0.11897319940954985,0.13758168082147082,0.04382505006695095,0.002534666877988687,-0.05235775690234647,-0.011062752088051745,0.0003749589284029966,0.28989186125584165,0.05028220278036742,0.3898284244733399,0.225,0.15,0.38999999999999996,1.5,129.89082940000276,0.022115795268940055,True,False,False
6.95,0.11877213394694146,0.13691488037043922,0.04391057117259083,0.0025378991028678667,-0.05204235537534238,-0.01170218926807667,0.00027312000894516065,0.2898555750539301,0.05049851702650489,0.3898294924942801,0.225,0.15,0.38999999999999996,1.5,129.88944550911376,0.022717450958400776,True,False,False
6.955,0.11857073425487652,0.13624786463077618,0.04399610748831107,0.0025410973133884913,-0.05204235537534238,-0.01170218926807667,0.00027312000894516065,0.2898192003709187,0.05071525002758284,0.3898305658539225,0.225,0.15,0.38999999999999996,1.5,129.88944771393537,0.02263390892960389,True,False,False
6.96,0.11836900299639176,0.13558067700569648,0.04408125176107339,0.0025441337022989808,-0.05204235537534238,-0.01170218926807667,0.00027312000894516065,0.2897827401305771,0.050932401323130594,0.38983164343593385,0.225,0.15,0.38999999999999996,1.5,129.8894499277667,0.022550141886365838,True,False,False
6.965,0.11816694371540361,0.13491336992005745,0.04416600223248585,0.0025470030984843448,-0.05204235537534238,-0.01170218926807667,0.00027312000894516065,0.2897461972504317,0.05114996940881278,0.3898327254684485,0.225,0.15,0.38999999999999996,1.5,129.88945215023406,0.022466151371178335,True,False,False
6.97,0.11796455997367845,0.13424599725874653,0.0442503571834711,0.002549701980056265,-0.05204235537534238,-0.01170218926807667,0.00027312000894516065,0.28970957464657177,0.0513679527716597,0.38983381218519797,0.225,0.15,0.38999999999999996,1.5,129.88945438097286,0.022381938927805618,True,False,False
6.9750000000000005,0.11776185535068316,0.13357861387692638,0.04433431493243101,0.0025522280788966368,-0.05204235537534238,-0.01170218926807667,0.00027312000894516065,0.28967287523324015,0.05158634989010127,0.3898349038237512,0.225,0.15,0.38999999999999996,1.5,129.8894566196272,0.022297506101259676,True,False,False
6.98,0.11755883344346163,0.13291127531468447,0.04441787383385342,0.0025545800775512873,-0.05204235537534238,-0.01170218926807667,0.00027312000894516065,0.28963610192247446,0.051805159234001565,0.3898360006242139,0.225,0.15,0.38999999999999996,1.5,129.88945886584875,0.022212854437775285,True,False,False
6.985,0.11735549786653637,0.1322440374807669,0.04450103227722452,0.002556757379251681,-0.05204235537534238,-0.01170218926807667,0.00027312000894516065,0.28959925762379546,0.052024379264693915,0.38983710282818035,0.225,0.15,0.38999999999999996,1.5,129.88946111929863,0.022127985484785718,True,False,False
6.99,0.11715185225182276,0.1315769565148082,0.044583788686153134,0.002558759934624724,-0.05204235537534238,-0.01170218926807667,0.00027312000894516065,0.2895623452439195,0.05224400843501639,0.38983821067800906,0.225,0.15,0.38999999999999996,1.5,129.88946337964543,0.02204290079089769,True,False,False
6.995,0.11694790024855758,0.1309100885922086,0.044666141517643206,0.0025605881116684743,-0.05204235537534238,-0.01170218926807667,0.00027312000894516065,0.2895253676864976,0.052464045189347525,0.3898393244162176,0.225,0.15,0.38999999999999996,1.5,129.889465646566,0.02195760190586689,True,False,False
7.0,0.11674364552323685,0.1302434898486973,0.04474808926147006,0.0025622425983674252,-0.051789184239986144,-0.012332977052858511,0.00017122472772553748,0.2894883278518722,0.05268448796364242,0.3898404442850502,0.225,0.15,0.38999999999999996,1.5,129.88808695650928,0.022546914308033638,True,False,False
7.005,0.11653909091504072,0.1295772101227671,0.044830029739229275,0.002563844040717061,-0.051789184239986144,-0.012332977052858511,0.00017122472772553748,0.28945122864350054,0.05290533620569991,0.3898415691975138,0.225,0.15,0.38999999999999996,1.5,129.88808929724908,0.02246028516176165,True,False,False
7.01,0.1163342392849785,0.12891129924353018,0.04491156160251631,0.00256527222081335,-0.051789184239986144,-0.012332977052858511,0.00017122472772553748,0.2894140729647875,0.05312658935392358,0.3898426980663815,0.225,0.15,0.38999999999999996,1.5,129.88809164532947,0.022373437679171482,True,False,False
7.015000000000001,0.11612909435859634,0.12824581404016772,0.04499268338963054,0.002566524840609995,-0.051789184239986144,-0.012332977052858511,0.00017122472772553748,0.28937686371033916,0.053348245816983615,0.38984383113637505,0.225,0.15,0.38999999999999996,1.5,129.8880940003918,0.022286373439648254,True,False,False
7.0200000000000005,0.11592365987868875,0.12758081201232294,0.045073393673704894,0.0025676009001782568,-0.051789184239986144,-0.012332977052858511,0.00017122472772553748,0.2893396037704169,0.053570303994995176,0.38984496865469936,0.225,0.15,0.38999999999999996,1.5,129.88809636208634,0.022199094023700437,True,False,False
7.025,0.11571793960518456,0.1269163509435812,0.045153691061083946,0.002568500378326728,-0.051789184239986144,-0.012332977052858511,0.00017122472772553748,0.2893022960305956,0.053792762279554276,0.38984611086964804,0.225,0.15,0.38999999999999996,1.5,129.88809873007247,0.022111601012934853,True,False,False
7.03,0.11551193731505739,0.1262524886265849,0.045233574190067544,0.0025692239873385883,-0.051789184239986144,-0.012332977052858511,0.00017122472772553748,0.2892649433714678,0.05401561905377388,0.38984725802956904,0.225,0.15,0.38999999999999996,1.5,129.88810110401806,0.02202389599003146,True,False,False
7.035,0.11530565680225473,0.12558928269523423,0.04531304172990862,0.0025697729864312627,-0.051789184239986144,-0.012332977052858511,0.00017122472772553748,0.28922754866838274,0.054238872692320424,0.3898484103820684,0.225,0.15,0.38999999999999996,1.5,129.88810348359988,0.02193598053871848,True,False,False
7.04,0.11509910187763991,0.12492679046003377,0.04539209237998876,0.0025701490407770123,-0.051789184239986144,-0.012332977052858511,0.00017122472772553748,0.2891901147912096,0.05446252156145092,0.38984956817344685,0.225,0.15,0.38999999999999996,1.5,129.8881058685029,0.021847856243747164,True,False,False
7.045,0.1148922763689474,0.12426506879365021,0.04547072486911941,0.0025703541153412964,-0.051789184239986144,-0.012332977052858511,0.00017122472772553748,0.2891526446041243,0.05468656401904991,0.3898507316482363,0.225,0.15,0.38999999999999996,1.5,129.88810825842026,0.021759524690866953,True,False,False
7.05,0.11468518412074122,0.12360417406858674,0.04554893795493257,0.0025703903950343118,-0.05159018869506865,-0.012954083332665014,6.788373778022756e-05,0.28911514096540347,0.05491099841466706,0.3898519010489355,0.225,0.15,0.38999999999999996,1.5,129.8867156765848,0.02233547190137863,True,False,False
7.055,0.11447782816700257,0.12294415691961981,0.045627123570771116,0.002570376264389114,-0.05159018869506865,-0.012954083332665014,6.788373778022756e-05,0.2890776067331792,0.05513582409408825,0.38985307527769,0.225,0.15,0.38999999999999996,1.5,129.8867181362083,0.022245837959876842,True,False,False
7.0600000000000005,0.11427021156282478,0.1222850675573466,0.04570488684307022,0.002570197018451379,-0.05159018869506865,-0.012954083332665014,6.788373778022756e-05,0.289040044762261,0.0553610403938168,0.3898542532347836,0.225,0.15,0.38999999999999996,1.5,129.8867206013683,0.0221559928569506,True,False,False
7.065,0.11406233821017238,0.12162696156931346,0.04578222656520527,0.002569852418560009,-0.05159018869506865,-0.012954083332665014,6.788373778022756e-05,0.28900245789653956,0.055586645636433896,0.3898554351594441,0.225,0.15,0.38999999999999996,1.5,129.88672307173692,0.022065938206987688,True,False,False
7.07,0.11385421202793977,0.12096989464798662,0.04585914156056508,0.0025693431987371053,-0.05159018869506865,-0.012954083332665014,6.788373778022756e-05,0.2889648489731709,0.05581263813606221,0.3898566212911667,0.225,0.15,0.38999999999999996,1.5,129.88672554699514,0.02197567562534528,True,False,False
7.075,0.11364583695187626,0.1203139222678367,0.04593563068118504,0.002568670815020051,-0.05159018869506865,-0.012954083332665014,6.788373778022756e-05,0.2889272208223056,0.056039016198403235,0.38985781186865787,0.225,0.15,0.38999999999999996,1.5,129.88672802683254,0.02188520672832451,True,False,False
7.08,0.11343721693452812,0.11965909954648202,0.04601169280667393,0.002567837252914355,-0.05159018869506865,-0.012954083332665014,6.788373778022756e-05,0.2888895762668511,0.05626577812077513,0.3898590071290627,0.225,0.15,0.38999999999999996,1.5,129.8867305109472,0.021794533133145104,True,False,False
7.085,0.113228355945197,0.11900548104896472,0.046087326843345905,0.0025668448809206116,-0.05159018869506865,-0.012954083332665014,6.788373778022756e-05,0.28885191812226263,0.056492922192150616,0.3898602073074042,0.225,0.15,0.38999999999999996,1.5,129.88673299904525,0.021703656457920037,True,False,False
7.09,0.11301925796990935,0.11835312072700636,0.04616253172349707,0.002565696339837482,-0.05159018869506865,-0.012954083332665014,6.788373778022756e-05,0.288814249196355,0.05672044669319538,0.38986141263616625,0.225,0.15,0.38999999999999996,1.5,129.8867354908411,0.02161257832163013,True,False,False
7.095,0.11280992701139544,0.11770207182202057,0.04623730640478491,0.002564394459434635,-0.05159018869506865,-0.012954083332665014,6.788373778022756e-05,0.28877657228913167,0.05694834989630654,0.3898626233450073,0.225,0.15,0.38999999999999996,1.5,129.88673798605686,0.021521300344098864,True,False,False
7.1000000000000005,0.11260036708907369,0.11705238680834025,0.04631164986968232,0.002562942195840737,-0.05143336336438911,-0.013564472513194053,-3.647278527682692e-05,0.2887388901926223,0.05717663006565126,0.38986383966056304,0.225,0.15,0.38999999999999996,1.5,129.88533619992305,0.022082860735183688,True,False,False
7.105,0.11239058143034542,0.11640411301673496,0.04638594755430825,0.0025614565969558165,-0.05143336336438911,-0.013564472513194053,-3.647278527682692e-05,0.2887012056960739,0.057405286444425926,0.38986506046252245,0.225,0.15,0.38999999999999996,1.5,129.88533876086333,0.02199031069008166,True,False,False
7.11,0.11218057328338424,0.11575729711589088,0.046459811573145826,0.002559826018651628,-0.05143336336438911,-0.013564472513194053,-3.647278527682692e-05,0.2886635215828162,0.05763431826667282,0.38986628462787853,0.225,0.15,0.38999999999999996,1.5,129.88534132559934,0.021897557150574745,True,False,False
7.115,0.11197034672433812,0.11511199003668822,0.04653324093216047,0.0025580513983734176,-0.05143336336438911,-0.013564472513194053,-3.647278527682692e-05,0.2886258406235967,0.05786372376995632,0.3898675123769646,0.225,0.15,0.38999999999999996,1.5,129.88534389384134,0.021804601764073762,True,False,False
7.12,0.1117599058462408,0.11446824246923602,0.04660623466281492,0.0025561343878844345,-0.05143336336438911,-0.013564472513194053,-3.647278527682692e-05,0.2885881655805259,0.05809350118349578,0.3898687439291231,0.225,0.15,0.38999999999999996,1.5,129.88534646530857,0.02171144617880044,True,False,False
7.125,0.11154925475896367,0.11382610466670502,0.046678791820946315,0.00255407715784284,-0.05143336336438911,-0.013564472513194053,-3.647278527682692e-05,0.28855049920685644,0.058323648728204655,0.38986997950196944,0.225,0.15,0.38999999999999996,1.5,129.88534903972732,0.021618092043761302,True,False,False
7.13,0.11133839758918762,0.11318562632926557,0.04675091148587726,0.002551882247909875,-0.05143336336438911,-0.013564472513194053,-3.647278527682692e-05,0.2885128442467971,0.05855416461672949,0.3898712193108004,0.225,0.15,0.38999999999999996,1.5,129.88535161683194,0.021524541008722302,True,False,False
7.135,0.11112733848038456,0.11254685645803782,0.046822592759690466,0.0025495524529679445,-0.05143336336438911,-0.013564472513194053,-3.647278527682692e-05,0.2884752034353445,0.05878504705348934,0.38987246356820915,0.225,0.15,0.38999999999999996,1.5,129.88535419636415,0.021430794724183112,True,False,False
7.140000000000001,0.11091608159280836,0.11190984332120255,0.046893834766619104,0.002547090737392692,-0.05143336336438911,-0.013564472513194053,-3.647278527682692e-05,0.2884375794981325,0.0590162942347153,0.3898737124838109,0.225,0.15,0.38999999999999996,1.5,129.88535677807283,0.021336854841351574,True,False,False
7.1450000000000005,0.11070463110349325,0.11127463440907316,0.04696463665252027,0.002544500170801753,-0.05143336336438911,-0.013564472513194053,-3.647278527682692e-05,0.2883999751512935,0.05924790434849027,0.38987496626406837,0.225,0.15,0.38999999999999996,1.5,129.88535936171408,0.02124272301211811,True,False,False
7.15,0.1104929912062567,0.11064127636782731,0.04703499758440855,0.0025417838800719313,-0.051306835299094286,-0.014163107343480924,-0.00014036419854000835,0.28836239310132894,0.05947987557478873,0.3898762251121721,0.225,0.15,0.38999999999999996,1.5,129.88396699368778,0.02178887771647843,True,False,False
7.155,0.11028116532320793,0.11000981126343008,0.04710529592182839,0.0025390584669500414,-0.051306835299094286,-0.014163107343480924,-0.00014036419854000835,0.2883248360498179,0.059712207053818175,0.3898774878952794,0.225,0.15,0.38999999999999996,1.5,129.88396963964962,0.021693506583137144,True,False,False
7.16,0.11006915689720935,0.10938028044034535,0.0471751512575363,0.002536213227508035,-0.051306835299094286,-0.014163107343480924,-0.00014036419854000835,0.2882873066903898,0.05994489791677619,0.3898787534777167,0.225,0.15,0.38999999999999996,1.5,129.88397228784797,0.02159794010906476,True,False,False
7.165,0.10985697017896201,0.10875272878635339,0.047244562771381,0.002533249567022266,-0.051306835299094286,-0.014163107343480924,-0.00014036419854000835,0.2882498077028139,0.060177946317447994,0.3898800220555214,0.225,0.15,0.38999999999999996,1.5,129.88397493803257,0.021502179972628988,True,False,False
7.17,0.10964460943621579,0.10812720084676569,0.04731352966478308,0.0025301694233322404,-0.051306835299094286,-0.014163107343480924,-0.00014036419854000835,0.28821234175668553,0.06041135040140457,0.38988129382332454,0.225,0.15,0.38999999999999996,1.5,129.88397758996024,0.02140622785284502,True,False,False
7.175,0.10943207895374502,0.10750374067391688,0.04738205115981558,0.0025269751123475808,-0.051306835299094286,-0.014163107343480924,-0.00014036419854000835,0.2881749115112475,0.060645108306042875,0.3898825689737623,0.225,0.15,0.38999999999999996,1.5,129.88398024339486,0.021310085429349705,True,False,False
7.18,0.10921938303333877,0.10688239172587921,0.04745012649847171,0.0025236692098961613,-0.051306835299094286,-0.014163107343480924,-0.00014036419854000835,0.2881375196152368,0.060879218160626074,0.3898838476970633,0.225,0.15,0.38999999999999996,1.5,129.8839828981065,0.0212137543823756,True,False,False
7.1850000000000005,0.10900652599379677,0.10626319678903798,0.04751775494206427,0.002520254462398292,-0.051306835299094286,-0.014163107343480924,-0.00014036419854000835,0.2881001687067422,0.06111367808632423,0.38988513018077614,0.225,0.15,0.38999999999999996,1.5,129.883985553872,0.0211172363927252,True,False,False
7.19,0.10879351217093579,0.10564619794625373,0.04758493577071771,0.002516733719937741,-0.051306835299094286,-0.014163107343480924,-0.00014036419854000835,0.28806286141308035,0.061348486196254964,0.3898864166095768,0.225,0.15,0.38999999999999996,1.5,129.88398821047443,0.02102053314174512,True,False,False
7.195,0.10858034591759957,0.10503143651618085,0.0476516682829268,0.0025131098864790056,-0.051306835299094286,-0.014163107343480924,-0.00014036419854000835,0.2880256003506781,0.06158364059552421,0.38988770716516935,0.225,0.15,0.38999999999999996,1.5,129.88399086770298,0.020923646311300288,True,False,False
7.2,0.10836703160367311,0.1044189531021989,0.047717951795163666,0.002509385883072047,-0.051201225028848295,-0.014748950678560248,-0.0002419622729705668,0.28798838812496275,0.061819139381267325,0.38988900202623106,0.225,0.15,0.38999999999999996,1.5,129.8826313563374,0.021453381850412494,True,False,False
7.205,0.10815357284929214,0.1038087841603169,0.047784157016736356,0.0025056785639330707,-0.051201225028848295,-0.014748950678560248,-0.0002419622729705668,0.2879512273346345,0.0620549815904545,0.38989030006832753,0.225,0.15,0.38999999999999996,1.5,129.8826340731392,0.021355290910715675,True,False,False
7.21,0.10793997329555417,0.10320096553733538,0.047849911515619015,0.0025018767130960957,-0.051201225028848295,-0.014748950678560248,-0.0002419622729705668,0.2879141205688117,0.06229116625120574,0.3898916001644748,0.225,0.15,0.38999999999999996,1.5,129.88263679084272,0.021257013264296944,True,False,False
7.215,0.1077262373699433,0.10259553618530597,0.04791521461224611,0.0024979817670037455,-0.051201225028848295,-0.014748950678560248,-0.0002419622729705668,0.28787707040173705,0.06252769143492877,0.38989290248677,0.225,0.15,0.38999999999999996,1.5,129.88263950923283,0.02115855061832971,True,False,False
7.22,0.10751236951728901,0.10199253473230455,0.04798006564530119,0.002493995578308955,-0.051201225028848295,-0.014748950678560248,-0.0002419622729705668,0.287840079396187,0.06276455520496418,0.38989420720596324,0.225,0.15,0.38999999999999996,1.5,129.8826422281004,0.02105990468046754,True,False,False
7.2250000000000005,0.10729837419975473,0.10139199936652853,0.04804446397095197,0.0024899202904079608,-0.051201225028848295,-0.014748950678560248,-0.0002419622729705668,0.2878031501033178,0.06300175561662676,0.38989551449099175,0.225,0.15,0.38999999999999996,1.5,129.88264494724243,0.020961077158818155,True,False,False
7.23,0.10708425589683487,0.10079396775601379,0.04810840896223852,0.00248575824183157,-0.051201225028848295,-0.014748950678560248,-0.0002419622729705668,0.28776628506252716,0.06323929071724697,0.3898968245086844,0.225,0.15,0.38999999999999996,1.5,129.88264766646066,0.020862069761917124,True,False,False
7.235,0.10687001910536256,0.10019847699096933,0.048171900008568684,0.0024815118943140066,-0.051201225028848295,-0.014748950678560248,-0.0002419622729705668,0.28772948680133503,0.06347715854621273,0.38989813742351465,0.225,0.15,0.38999999999999996,1.5,129.88265038556315,0.020762884198702185,True,False,False
7.24,0.10665566833951963,0.09960556354240341,0.048234936515288665,0.0024771837792498226,-0.051201225028848295,-0.014748950678560248,-0.0002419622729705668,0.28769275783526854,0.06371535713501092,0.3898994533974937,0.225,0.15,0.38999999999999996,1.5,129.8826531043629,0.020663522178486948,True,False,False
7.245,0.10644120813085223,0.09901526327456873,0.0482975179033077,0.0024727764582184665,-0.051201225028848295,-0.014748950678560248,-0.0002419622729705668,0.28765610066775776,0.06395388450726938,0.38990077259010286,0.225,0.15,0.38999999999999996,1.5,129.88265582267798,0.020563985410935105,True,False,False
7.25,0.10622664302828926,0.09842761140242066,0.04835964360876138,0.002468292494154065,-0.05111050572228085,-0.015320967187429063,-0.0003395855843854144,0.28761951779003603,0.06419273867879875,0.3899020951582517,0.225,0.15,0.38999999999999996,1.5,129.88135093797567,0.021076296194447716,True,False,False
7.255,0.10601197685454018,0.0978426394974548,0.048421676102904626,0.0024638494338361924,-0.05111050572228085,-0.015320967187429063,-0.0003395855843854144,0.2875830116849979,0.06443191858322206,0.38990342000909517,0.225,0.15,0.38999999999999996,1.5,129.88135371361687,0.02097559292786576,True,False,False
7.26,0.10579721345360518,0.09726037861791365,0.048483251452570916,0.0024593348155909247,-0.05111050572228085,-0.015320967187429063,-0.0003395855843854144,0.28754658482455997,0.0646714231454878,0.38990474604771047,0.225,0.15,0.38999999999999996,1.5,129.88135648903733,0.0208747120617244,True,False,False
7.265000000000001,0.10558235743301353,0.09668086266231765,0.04854436909045496,0.0024547499301808455,-0.05111050572228085,-0.015320967187429063,-0.0003395855843854144,0.28751023966490724,0.0649112503561892,0.38990607342562755,0.225,0.15,0.38999999999999996,1.5,129.88135926405118,0.02077365532976937,True,False,False
7.2700000000000005,0.10536741341799107,0.09610412528302094,0.04860502846464524,0.0024500964128789933,-0.05111050572228085,-0.015320967187429063,-0.0003395855843854144,0.2874739786496014,0.0651513981980156,0.38990740229330767,0.225,0.15,0.38999999999999996,1.5,129.88136203847782,0.020672424466055318,True,False,False
7.275,0.10515238605145118,0.09553019978508222,0.04866522903797252,0.0024453761389069914,-0.05111050572228085,-0.015320967187429063,-0.0003395855843854144,0.28743780420943804,0.06539186464579502,0.38990873279977506,0.225,0.15,0.38999999999999996,1.5,129.881364812141,0.02057102120491934,True,False,False
7.28,0.10493727999399628,0.09495911905218159,0.04872497028748581,0.002440591144015728,-0.05111050572228085,-0.015320967187429063,-0.0003395855843854144,0.28740171876232246,0.06563264766653648,0.38991006509233883,0.225,0.15,0.38999999999999996,1.5,129.88136758486937,0.020469447280954976,True,False,False
7.285,0.10472209992392473,0.09439091551623491,0.04878425170401686,0.0024357435649903156,-0.05111050572228085,-0.015320967187429063,-0.0003395855843854144,0.2873657247131558,0.06587374521947259,0.38991139931641267,0.225,0.15,0.38999999999999996,1.5,129.88137035649603,0.020367704428985865,True,False,False
7.29,0.10450685053724112,0.0938256211104498,0.048843072791806635,0.0024308355956140296,-0.05111050572228085,-0.015320967187429063,-0.0003395855843854144,0.28732982445372873,0.06611515525610243,0.3899127356154162,0.225,0.15,0.38999999999999996,1.5,129.8813731268583,0.020265794384039682,True,False,False
7.295,0.10429153654767079,0.09326326728330771,0.048901433068175994,0.0024258694544444415,-0.05111050572228085,-0.015320967187429063,-0.0003395855843854144,0.287294020362622,0.06635687572023405,0.38991407413071216,0.225,0.15,0.38999999999999996,1.5,129.88137589579785,0.02016371888132201,True,False,False
7.3,0.10407616268667513,0.09270388496993208,0.04895933206322765,0.0024208473615137203,-0.05103181034387943,-0.015878125034278927,-0.0004319555739987353,0.2872583148051108,0.06659890454802747,0.38991541500159427,0.225,0.15,0.38999999999999996,1.5,129.88014232504693,0.02065760944688401,True,False,False
7.305,0.10386073298452768,0.09214750186903185,0.04901712339633155,0.0024158877348992866,-0.05103181034387943,-0.015878125034278927,-0.0004319555739987353,0.2872227101366148,0.06684124056978613,0.38991675718659347,0.225,0.15,0.38999999999999996,1.5,129.8801451493188,0.0205544074498989,True,False,False
7.3100000000000005,0.10364525149314767,0.09159414530348142,0.049074452192616705,0.0024108767285220623,-0.05103181034387943,-0.015878125034278927,-0.0004319555739987353,0.2871872087002987,0.06708388260733149,0.3899180996426106,0.225,0.15,0.38999999999999996,1.5,129.88014797241988,0.020451037425616846,True,False,False
7.315,0.10342972300363638,0.09104384519017084,0.04913131797232869,0.0024058154985638664,-0.05103181034387943,-0.015878125034278927,-0.0004319555739987353,0.28715181282281976,0.06732682857216563,0.38991944250477284,0.225,0.15,0.38999999999999996,1.5,129.88015079418773,0.020347501132042606,True,False,False
7.32,0.10321415232512937,0.0904966312780019,0.0491877202685505,0.0024007054971176616,-0.05103181034387943,-0.015878125034278927,-0.0004319555739987353,0.28711652481712147,0.06757007636806593,0.38992078590743884,0.225,0.15,0.38999999999999996,1.5,129.88015361446392,0.020243800327314643,True,False,False
7.325,0.10299854428478668,0.08995253307991993,0.04924365862663786,0.0023955483841514506,-0.05103181034387943,-0.015878125034278927,-0.0004319555739987353,0.2870813469823011,0.0678136238911285,0.38992212998386067,0.225,0.15,0.38999999999999996,1.5,129.8801564330939,0.020139936769678693,True,False,False
7.33,0.10278290372778989,0.08941157975762777,0.04929913260376054,0.002390345960789012,-0.05103181034387943,-0.015878125034278927,-0.0004319555739987353,0.28704628160349094,0.0680574690298116,0.38992347486594536,0.225,0.15,0.38999999999999996,1.5,129.8801592499268,0.020035912217461448,True,False,False
7.335,0.10256723551734333,0.08887380012926978,0.04935414176851715,0.0023851001194662705,-0.05103181034387943,-0.015878125034278927,-0.0004319555739987353,0.28701133095174763,0.06830160966497895,0.38992482068410517,0.225,0.15,0.38999999999999996,1.5,129.8801620648154,0.019931728429044244,True,False,False
7.34,0.1023515445346801,0.08833922262385263,0.04940868570060135,0.0023798128071653413,-0.05103181034387943,-0.015878125034278927,-0.0004319555739987353,0.28697649728395214,0.06854604366994359,0.38992616756714354,0.225,0.15,0.38999999999999996,1.5,129.88016487761587,0.019827387162836833,True,False,False
7.345,0.10213583567906852,0.08780787527976182,0.04946276399050384,0.002374485998626273,-0.05103181034387943,-0.015878125034278927,-0.0004319555739987353,0.286941782842711,0.06879076891051118,0.38992751564221306,0.225,0.15,0.38999999999999996,1.5,129.88016768818798,0.01972289017725113,True,False,False
7.3500000000000005,0.1019201138678205,0.08727978573081961,0.04951637623924033,0.002369121677082996,-0.05096467010789328,-0.01641939756255567,-0.0005182544978523473,0.28690718985626384,0.06903578324502406,0.3899288650347911,0.225,0.15,0.38999999999999996,1.5,129.87901620177917,0.020197377158974347,True,False,False
7.355,0.10170438334352835,0.08675497877634318,0.0495698665711663,0.0023638390813370716,-0.05096467010789328,-0.01641939756255567,-0.0005182544978523473,0.28687272054152646,0.06928108540063843,0.38993021476866363,0.225,0.15,0.38999999999999996,1.5,129.87901906571298,0.020091796053078932,True,False,False
7.36,0.10148864837073067,0.08623347891805508,0.04962288976483501,0.002358523244302375,-0.05096467010789328,-0.01641939756255567,-0.0005182544978523473,0.2868383771019294,0.06952667409623856,0.3899315638663515,0.225,0.15,0.38999999999999996,1.5,129.87902192765034,0.01998605694832202,True,False,False
7.365,0.10127291392725368,0.08571531300333145,0.04967544540556714,0.0023531752965828515,-0.05096467010789328,-0.01641939756255567,-0.0005182544978523473,0.28680416172366435,0.06977254716611826,0.38993291245005074,0.225,0.15,0.38999999999999996,1.5,129.87902478744712,0.019880161624576557,True,False,False
7.37,0.10105718500922868,0.085200507758383,0.0497275330891329,0.0023477966221268414,-0.05096467010789328,-0.01641939756255567,-0.0005182544978523473,0.28677007657815967,0.07001870243704161,0.389934260641372,0.225,0.15,0.38999999999999996,1.5,129.8790276449621,0.019774111861670402,True,False,False
7.375,0.1008414666310762,0.08468908970082448,0.04977915242126121,0.00234238878520982,-0.05096467010789328,-0.01641939756255567,-0.0005182544978523473,0.2867361238219572,0.07026513772828716,0.3899356085610352,0.225,0.15,0.38999999999999996,1.5,129.87903050005727,0.019667909439359935,True,False,False
7.38,0.10062576382549394,0.08418108510102097,0.04983030301723538,0.002336953475153067,-0.05096467010789328,-0.01641939756255567,-0.0005182544978523473,0.28670230559659793,0.07051185085169216,0.38993695632865516,0.225,0.15,0.38999999999999996,1.5,129.87903335259762,0.019561556137303614,True,False,False
7.385,0.10041008164344906,0.08367651992901196,0.04988098450154886,0.0023314924650660795,-0.05096467010789328,-0.01641939756255567,-0.0005182544978523473,0.28666862402851756,0.07075883961169699,0.3899383040626058,0.225,0.15,0.38999999999999996,1.5,129.87903620245095,0.019455053735035588,True,False,False
7.390000000000001,0.10019442515417257,0.08317541984340575,0.049931196507602416,0.0023260075814418644,-0.05096467010789328,-0.01641939756255567,-0.0005182544978523473,0.28663508122894776,0.0710061018053894,0.3899396518799247,0.225,0.15,0.38999999999999996,1.5,129.87903904948777,0.019348404011939362,True,False,False
7.3950000000000005,0.09997879944515543,0.08267781017116303,0.04998093867743074,0.002320500682019552,-0.05096467010789328,-0.01641939756255567,-0.0005182544978523473,0.2866016792938229,0.07125363522254909,0.3899409998962476,0.225,0.15,0.38999999999999996,1.5,129.87904189358125,0.019241608747221518,True,False,False
7.4,0.09976320962214401,0.08218371589563858,0.05003021066144961,0.0023149736398697315,-0.050910081777642266,-0.01694376500361745,-0.0005980554602691058,0.28656842030368823,0.07150143764569208,0.3899423482257923,0.225,0.15,0.38999999999999996,1.5,129.87797819423992,0.019695722635708995,True,False,False
7.405,0.09954766014399778,0.08169315957424328,0.050079346420020404,0.0023095462772158228,-0.050910081777642266,-0.01694376500361745,-0.0005980554602691058,0.286535306326336,0.07174950769915514,0.3899436959655197,0.225,0.15,0.38999999999999996,1.5,129.87798108958393,0.01958788796420792,True,False,False
7.41,0.0993321554917088,0.08120616349891993,0.050128011009859814,0.002304102984931071,-0.050910081777642266,-0.01694376500361745,-0.0005980554602691058,0.28650233941487196,0.07199784399923059,0.38994504221131143,0.225,0.15,0.38999999999999996,1.5,129.87798398218752,0.019479905768656273,True,False,False
7.415,0.09911670083207988,0.0807227519899665,0.050176204060201575,0.0022986449948658497,-0.050910081777642266,-0.01694376500361745,-0.0005980554602691058,0.2864695216044666,0.07224644430504631,0.3899463870745507,0.225,0.15,0.38999999999999996,1.5,129.87798687192046,0.01937177784832942,True,False,False
7.42,0.09890130135037647,0.08024294923479414,0.05022392520844436,0.0022931737451745956,-0.050910081777642266,-0.01694376500361745,-0.0005980554602691058,0.2864368549145238,0.07249530636841106,0.38994773066604593,0.225,0.15,0.38999999999999996,1.5,129.87798975865502,0.019263506002275634,True,False,False
7.425,0.09868596225029898,0.07976677925471794,0.05027117409973191,0.002287690822511677,-0.050910081777642266,-0.01694376500361745,-0.0005980554602691058,0.2864043413485661,0.07274442793385945,0.3899490730957831,0.225,0.15,0.38999999999999996,1.5,129.87799264226572,0.019155092029289576,True,False,False
7.43,0.09847068875395881,0.0792942658338072,0.05031795038660061,0.0022821979182637746,-0.050910081777642266,-0.01694376500361745,-0.0005980554602691058,0.28637198289412946,0.07299380673869668,0.3899504144727368,0.225,0.15,0.38999999999999996,1.5,129.87799552262956,0.019046537727885875,True,False,False
7.4350000000000005,0.09825548610185582,0.07882543248222802,0.05036425372867397,0.00227669679586572,-0.050910081777642266,-0.01694376500361745,-0.0005980554602691058,0.2863397815226643,0.07324344051304424,0.38995175490474765,0.225,0.15,0.38999999999999996,1.5,129.87799839962585,0.018937844896272715,True,False,False
7.44,0.09804035955285811,0.0783603024448864,0.050410083792389364,0.0022711892666814064,-0.050910081777642266,-0.01694376500361745,-0.0005980554602691058,0.2863077391894429,0.07349332697988449,0.38995309449844606,0.225,0.15,0.38999999999999996,1.5,129.87800127313588,0.018829015332325453,True,False,False
7.445,0.09782531438418132,0.07789889864967958,0.05045544025074774,0.0022656771723987275,-0.050910081777642266,-0.01694376500361745,-0.0005980554602691058,0.28627585783347054,0.07374346385510638,0.3899544333591846,0.225,0.15,0.38999999999999996,1.5,129.87800414304306,0.018720050833560244,True,False,False
7.45,0.09761035589136816,0.07744124372462878,0.0505003227830797,0.002260162372318426,-0.05086966672933176,-0.017450216220678265,-0.0006711951724745657,0.2862441393773997,0.0739938488475503,0.3899557715910098,0.225,0.15,0.38999999999999996,1.5,129.87703048364813,0.019152837619761037,True,False,False
7.455,0.09739548875218638,0.07698735824996643,0.050545054498180926,0.0022547648847761454,-0.05086966672933176,-0.017450216220678265,-0.0006711951724745657,0.2862125857297571,0.07424448047922683,0.3899571083672832,0.225,0.15,0.38999999999999996,1.5,129.87703340246736,0.01904288073355364,True,False,False
7.46,0.09718071766655273,0.07653726255824432,0.050589311376661804,0.00224936901457054,-0.05086966672933176,-0.017450216220678265,-0.0006711951724745657,0.28618119878321935,0.07449535726434711,0.38995844286035725,0.225,0.15,0.38999999999999996,1.5,129.87703631785027,0.01893278723381983,True,False,False
7.465,0.09696604799112647,0.07609097860884015,0.05063309307149635,0.002243976182961343,-0.05086966672933176,-0.017450216220678265,-0.0006711951724745657,0.28614998041188616,0.0747464768890748,0.3899597751714788,0.225,0.15,0.38999999999999996,1.5,129.87703922967785,0.01882255893669977,True,False,False
7.47,0.09675148510102623,0.07564852822343537,0.050676399241638706,0.0022385879618377668,-0.05086966672933176,-0.017450216220678265,-0.0006711951724745657,0.28611893247315373,0.07499783703248046,0.38996110540119505,0.225,0.15,0.38999999999999996,1.5,129.87704213783277,0.01871219765792129,True,False,False
7.4750000000000005,0.09653703438978706,0.07520993300299525,0.050719229551676646,0.0022332060319220754,-0.05086966672933176,-0.017450216220678265,-0.0006711951724745657,0.2860880568076131,0.07524943536658706,0.389962433649162,0.225,0.15,0.38999999999999996,1.5,129.87704504219963,0.01860170521277359,True,False,False
7.48,0.09632270126931823,0.07477521431988188,0.050761583671533196,0.0022278321510816796,-0.05086966672933176,-0.017450216220678265,-0.0006711951724745657,0.28605735523895515,0.07550126955641612,0.3899637600139957,0.225,0.15,0.38999999999999996,1.5,129.8770479426647,0.018491083416080644,True,False,False
7.485,0.0961084911698629,0.07434439328038835,0.05080346127620202,0.002222468130611305,-0.05086966672933176,-0.017450216220678265,-0.0006711951724745657,0.286026829573882,0.07575333726003337,0.389965084593179,0.225,0.15,0.38999999999999996,1.5,129.87705083911604,0.018380334082174904,True,False,False
7.49,0.09589440953995665,0.07391749071567741,0.05084486204550612,0.00221711581766456,-0.05086966672933176,-0.017450216220678265,-0.0006711951724745657,0.2859964816020222,0.0760056361285949,0.3899664074829929,0.225,0.15,0.38999999999999996,1.5,129.87705373144328,0.018269459024870854,True,False,False
7.495,0.09568046184638586,0.07349452715272266,0.050885785663873306,0.0022117770823541607,-0.05086966672933176,-0.017450216220678265,-0.0006711951724745657,0.2859663130958496,0.07625816380639276,0.3899677287784684,0.225,0.15,0.38999999999999996,1.5,129.87705661953765,0.018158460057438756,True,False,False
7.5,0.09546665357414502,0.0730755228193255,0.05092623182012364,0.002206453808352514,-0.050845051836492836,-0.017937750488643718,-0.0007376437423498315,0.2859363258106056,0.07651091793090126,0.38996904857335307,0.225,0.15,0.38999999999999996,1.5,129.87617347967011,0.018568982847030506,True,False,False
7.505,0.09525298962073978,0.07266049630520689,0.050966512073657495,0.0022012656962256626,-0.050845051836492836,-0.017937750488643718,-0.0007376437423498315,0.285906521486122,0.07676389692247175,0.38997036611775987,0.225,0.15,0.38999999999999996,1.5,129.87617641408352,0.01845704077948619,True,False,False
7.51,0.09503947490561773,0.07224946592181278,0.05100631398721663,0.002196097519678379,-0.050845051836492836,-0.017937750488643718,-0.0007376437423498315,0.28587690184528386,0.07701709919391908,0.3899716806607781,0.225,0.15,0.38999999999999996,1.5,129.87617934439106,0.01834497343313423,True,False,False
7.515000000000001,0.09482611497431075,0.07184245117560951,0.051045637218504525,0.0021909509086418745,-0.050845051836492836,-0.017937750488643718,-0.0007376437423498315,0.2858474685918362,0.07727052236080284,0.3899729922931018,0.225,0.15,0.38999999999999996,1.5,129.87618227048222,0.018232782638372712,True,False,False
7.5200000000000005,0.09461291539059413,0.0714394713579363,0.05108448142915934,0.002185827580132144,-0.050845051836492836,-0.017937750488643718,-0.0007376437423498315,0.2858182234119802,0.07752416403183088,0.38997430110449555,0.225,0.15,0.38999999999999996,1.5,129.87618519224822,0.018120470224999633,True,False,False
7.525,0.09439988173642189,0.0710405455125209,0.05112284628448352,0.0021807293130262713,-0.050845051836492836,-0.017937750488643718,-0.0007376437423498315,0.285789167974287,0.0777780218089059,0.38997560718367663,0.225,0.15,0.38999999999999996,1.5,129.87618810958136,0.01800803802218634,True,False,False
7.53,0.09418701961186207,0.0706456924175153,0.05116073145320287,0.002175657928866803,-0.050845051836492836,-0.017937750488643718,-0.0007376437423498315,0.2857603039296169,0.07803209328717192,0.3899769106182201,0.225,0.15,0.38999999999999996,1.5,129.8761910223755,0.017895487858451218,True,False,False
7.535,0.09397433463503127,0.0702549305774706,0.05119813660724638,0.0021706152774119605,-0.050845051836492836,-0.017937750488643718,-0.0007376437423498315,0.2857316329110435,0.078286376055061,0.3899782114944923,0.225,0.15,0.38999999999999996,1.5,129.87619393052566,0.017782821561633293,True,False,False
7.54,0.09376183244202663,0.06986827820479526,0.051235061421540384,0.0021656032258410745,-0.050845051836492836,-0.017937750488643718,-0.0007376437423498315,0.2857031565337793,0.07854086769433967,0.38997950989761265,0.225,0.15,0.38999999999999996,1.5,129.87619683392785,0.017670040958865884,True,False,False
7.545,0.0935495186868567,0.06948575319030323,0.051271505573813936,0.0021606236507291233,-0.050845051836492836,-0.017937750488643718,-0.0007376437423498315,0.2856748763951058,0.0787955657801556,0.38998080591141593,0.225,0.15,0.38999999999999996,1.5,129.87619973247956,0.017557147876550425,True,False,False
7.55,0.09333739904136915,0.06910737314156884,0.05130746874441169,0.0021556784320918756,-0.05083749937489596,-0.018405379303560926,-0.0007974037400100777,0.2856467940743043,0.07905046788108433,0.38998209961843605,0.225,0.15,0.38999999999999996,1.5,129.87540712772739,0.017944488536066203,True,False,False
7.555,0.09312547862125048,0.06873315439407292,0.051343250242814366,0.0021508863233223744,-0.05083749937489596,-0.018405379303560926,-0.0007974037400100777,0.2856189111340841,0.07930557231666456,0.38998339034469276,0.225,0.15,0.38999999999999996,1.5,129.87541006976213,0.017830703867044353,True,False,False
7.5600000000000005,0.09291376256363522,0.06836311305899417,0.05137854987776845,0.002146133096869762,-0.05083749937489596,-0.018405379303560926,-0.0007974037400100777,0.2855912291192091,0.07956087739917904,0.3899846774151238,0.225,0.15,0.38999999999999996,1.5,129.87541300703347,0.017716805665761243,True,False,False
7.565,0.0927022565995053,0.06799726587547714,0.051413367294330756,0.002141420534309205,-0.05083749937489596,-0.018405379303560926,-0.0007974037400100777,0.285563749554849,0.07981638067610096,0.38998596090880766,0.225,0.15,0.38999999999999996,1.5,129.8754159394382,0.0176027957742005,True,False,False
7.57,0.09249096647759102,0.06763562932293425,0.05144770213964496,0.0021367504368531138,-0.05083749937489596,-0.018405379303560926,-0.0007974037400100777,0.28553647394791065,0.08007207968830861,0.389987240903625,0.225,0.15,0.38999999999999996,1.5,129.87541886687427,0.01748867603355514,True,False,False
7.575,0.09227989796427957,0.06727821959827347,0.051481554062748444,0.0021321246165341375,-0.05083749937489596,-0.018405379303560926,-0.0007974037400100777,0.2855094037869726,0.08032797197013278,0.389988517476207,0.225,0.15,0.38999999999999996,1.5,129.87542178924042,0.017374448284201215,True,False,False
7.58,0.09206905684351965,0.06692505258716414,0.051514922714390475,0.0021275448893700705,-0.05083749937489596,-0.018405379303560926,-0.0007974037400100777,0.28548254054222005,0.08058405504940386,0.38998979070191164,0.225,0.15,0.38999999999999996,1.5,129.8754247064364,0.017260114365671497,True,False,False
7.585,0.09185844891672418,0.06657614387295052,0.051547807746858874,0.0021230130700893965,-0.05083749937489596,-0.018405379303560926,-0.0007974037400100777,0.28545588566538427,0.0808403264474989,0.3899910606547924,0.225,0.15,0.38999999999999996,1.5,129.87542761836278,0.017145676116629226,True,False,False
7.59,0.09164808000266654,0.06623150872409371,0.05158020881381305,0.0021185309680565763,-0.05083749937489596,-0.018405379303560926,-0.0007974037400100777,0.2854294405896795,0.08109678367938919,0.389992327407593,0.225,0.15,0.38999999999999996,1.5,129.87543052492094,0.01703113537484186,True,False,False
7.595,0.09143795593737886,0.06589116210913783,0.051612125570122167,0.002114100384102704,-0.05083749937489596,-0.018405379303560926,-0.0007974037400100777,0.2854032067297497,0.08135342425368704,0.3899935910317205,0.225,0.15,0.38999999999999996,1.5,129.8754334260134,0.016916493977155053,True,False,False
7.6000000000000005,0.09122808257403882,0.06555511866237268,0.0516435576717075,0.0021097231080288116,-0.05084774960107041,-0.018852128212142657,-0.0008504505660065935,0.2853771854816058,0.08161024567269329,0.389994851597263,0.225,0.15,0.38999999999999996,1.5,129.8747316870534,0.01727975484161623,True,False,False
7.605,0.09101846524186777,0.06522339221285073,0.05167479148087987,0.002105516207177761,-0.05084774960107041,-0.018852128212142657,-0.0008504505660065935,0.2853513782236704,0.08186724615616332,0.3899961085052871,0.225,0.15,0.38999999999999996,1.5,129.8747346285781,0.017164275550647184,True,False,False
7.61,0.0908091092906803,0.06489599628788802,0.051705539717018835,0.002101366970653829,-0.05084774960107041,-0.018852128212142657,-0.0008504505660065935,0.2853257863155525,0.08212442391689394,0.3899973611557236,0.225,0.15,0.38999999999999996,1.5,129.87473756468628,0.017048694872584827,True,False,False
7.615,0.09060002063033046,0.06457294459294888,0.05173580199736059,0.002097277208630098,-0.05084774960107041,-0.018852128212142657,-0.0008504505660065935,0.28530041109693977,0.08238177643694565,0.3899986096147893,0.225,0.15,0.38999999999999996,1.5,129.87474049528086,0.01693301465826334,True,False,False
7.62,0.09039120518756834,0.06425425047374309,0.05176557793963641,0.0020932486852505115,-0.05084774960107041,-0.018852128212142657,-0.0008504505660065935,0.2852752538886833,0.08263930119205622,0.3899998539472185,0.225,0.15,0.38999999999999996,1.5,129.8747434202653,0.016817236757533584,True,False,False
7.625,0.0901826689059111,0.06393992692655731,0.051794867161954035,0.0020892831251100984,-0.05084774960107041,-0.018852128212142657,-0.0008504505660065935,0.28525031599275114,0.0828969956516885,0.3900010942163162,0.225,0.15,0.38999999999999996,1.5,129.87474633954355,0.016701363019236876,True,False,False
7.63,0.08997441774550939,0.06362998664932598,0.051823669282674,0.0020853822179379305,-0.05084774960107041,-0.018852128212142657,-0.0008504505660065935,0.28522559869218317,0.08315485727907834,0.3900023304839787,0.225,0.15,0.38999999999999996,1.5,129.8747492530201,0.016585395291178834,True,False,False
7.635,0.08976645768300778,0.06332444197365056,0.05185198392028358,0.0020815476218801403,-0.05084774960107041,-0.018852128212142657,-0.0008504505660065935,0.28520110325104536,0.08341288353128223,0.3900035628107202,0.225,0.15,0.38999999999999996,1.5,129.87475216060002,0.016469335420103245,True,False,False
7.640000000000001,0.08955879471139917,0.06302330492238249,0.05187981069326972,0.002077780965710602,-0.05084774960107041,-0.018852128212142657,-0.0008504505660065935,0.2851768309143838,0.08367107185922514,0.39000479125569043,0.225,0.15,0.38999999999999996,1.5,129.87475506218905,0.01635318525166604,True,False,False
7.6450000000000005,0.08935143483987412,0.06272658722271911,0.05190714921999197,0.002074083850229757,-0.05084774960107041,-0.018852128212142657,-0.0008504505660065935,0.2851527829081798,0.0839294197077482,0.39000601587669154,0.225,0.15,0.38999999999999996,1.5,129.874757957693,0.016236946630409192,True,False,False
7.65,0.08914438409366499,0.062434300249920686,0.051933999118556465,0.0020704578490537335,-0.05087601198205603,-0.019277038651508843,-0.0008967116459341067,0.2851289604393066,0.0841879245156566,0.3900072367301751,0.225,0.15,0.38999999999999996,1.5,129.87414800643876,0.016575252274723905,True,False,False
7.655,0.08893764800693113,0.06214645499908051,0.05196063311446129,0.0020670175069660867,-0.05087601198205603,-0.019277038651508843,-0.0008967116459341067,0.28510536469619363,0.08444658440413501,0.39000845329201167,0.225,0.15,0.38999999999999996,1.5,129.87415093913992,0.016458231583360846,True,False,False
7.66,0.08873123213311673,0.06186306217430606,0.051986777499871774,0.002063652167351117,-0.05087601198205603,-0.019277038651508843,-0.0008967116459341067,0.2850819968477413,0.08470539748772406,0.39000966503688667,0.225,0.15,0.38999999999999996,1.5,129.87415386577226,0.01634112203465754,True,False,False
7.665,0.08852514255033547,0.06158413212684407,0.0520124318517393,0.0020603635030786984,-0.05087601198205603,-0.019277038651508843,-0.0008967116459341067,0.2850588580427422,0.084964361185899,0.39001087201705525,0.225,0.15,0.38999999999999996,1.5,129.87415678624356,0.01622392548550478,True,False,False
7.67,0.08831938535287961,0.061309675808378164,0.05203759567546678,0.0020571428087055436,-0.05087601198205603,-0.019277038651508843,-0.0008967116459341067,0.2850359494116046,0.0852234729121011,0.39001207428683304,0.225,0.15,0.38999999999999996,1.5,129.87415970046015,0.016106643791681693,True,False,False
7.675,0.08811396666503431,0.061039732177395944,0.052062268153576716,0.0020539140421375057,-0.05087601198205603,-0.019277038651508843,-0.0008967116459341067,0.28501327208687915,0.08548273007382565,0.390013272006152,0.225,0.15,0.38999999999999996,1.5,129.8741626082965,0.015989278808124986,True,False,False
7.68,0.08790889263858316,0.060774378152033154,0.05208644900022886,0.0020506545715461492,-0.05087601198205603,-0.019277038651508843,-0.0008967116459341067,0.28499082719962976,0.08574213007268311,0.3900144654805947,0.225,0.15,0.38999999999999996,1.5,129.87416550960205,0.015871832388136903,True,False,False
7.6850000000000005,0.08770416943369984,0.06051369780279678,0.05211013801721191,0.0020473677255232916,-0.05087601198205603,-0.019277038651508843,-0.0008967116459341067,0.28496861585152466,0.08600167030439813,0.3900156550451983,0.225,0.15,0.38999999999999996,1.5,129.87416840423973,0.01575430638368907,True,False,False
7.69,0.08749980321730604,0.06025777449169611,0.052133334980103155,0.0020440648071199346,-0.05087601198205603,-0.019277038651508843,-0.0008967116459341067,0.28494663911278845,0.08626134815884497,0.39001684103347617,0.225,0.15,0.38999999999999996,1.5,129.87417129208416,0.01563670264548581,True,False,False
7.695,0.0872958001628696,0.06000668698311971,0.05215603963653433,0.002040761291424772,-0.05087601198205603,-0.019277038651508843,-0.0008967116459341067,0.28492489802229354,0.08652116102008957,0.3900180237617673,0.225,0.15,0.38999999999999996,1.5,129.8741741730188,0.015519023022933868,True,False,False
7.7,0.08709216645051028,0.059760507257415586,0.05217825170676861,0.0020374743515615547,-0.050907985896930824,-0.019679169982938262,-0.0009400750738081504,0.2849033935881137,0.08678110626643543,0.39001920352055,0.225,0.15,0.38999999999999996,1.5,129.8736034415651,0.015831530900388045,True,False,False
7.705,0.08688890779384438,0.059519296653206266,0.05220022969946527,0.0020343416658838262,-0.050907985896930824,-0.019679169982938262,-0.0009400750738081504,0.284882126786578,0.08704118192200336,0.3900203800174927,0.225,0.15,0.38999999999999996,1.5,129.8736063564567,0.015713127093692617,True,False,False
7.71,0.08668602991694174,0.05928310611181329,0.05222171425531891,0.0020312645547613463,-0.050907985896930824,-0.019679169982938262,-0.0009400750738081504,0.2848610985639731,0.08730138600457861,0.39002155292008717,0.225,0.15,0.38999999999999996,1.5,129.87360926440516,0.015594647329409704,True,False,False
7.715,0.08648353902718893,0.05905198082855183,0.052242704978603,0.0020282573116386783,-0.050907985896930824,-0.019679169982938262,-0.0009400750738081504,0.28484030984014386,0.08756171587403487,0.39002272241501057,0.225,0.15,0.38999999999999996,1.5,129.87361216531414,0.015476093467631133,True,False,False
7.72,0.08628144134045981,0.05882595912594113,0.052263201456493685,0.0020253327049159584,-0.050907985896930824,-0.019679169982938262,-0.0009400750738081504,0.28481976150814536,0.08782216888449998,0.3900238886620889,0.225,0.15,0.38999999999999996,1.5,129.87361505908927,0.015357467367075871,True,False,False
7.7250000000000005,0.08607974308133197,0.058605073037454165,0.05228320326086316,0.002022501968206116,-0.050907985896930824,-0.019679169982938262,-0.0009400750738081504,0.2847994544349682,0.08808274238440648,0.39002505179658176,0.225,0.15,0.38999999999999996,1.5,129.87361794563816,0.015238770885063821,True,False,False
7.73,0.08587845048325475,0.05838934891924611,0.05230270994987702,0.0020197748659559933,-0.050907985896930824,-0.019679169982938262,-0.0009400750738081504,0.28477938946219683,0.08834343371654181,0.39002621193157677,0.225,0.15,0.38999999999999996,1.5,129.87362082487007,0.015120005877489849,True,False,False
7.735,0.08567756978866473,0.058178808077079563,0.05232172106939269,0.0020171597999047307,-0.050907985896930824,-0.019679169982938262,-0.0009400750738081504,0.28475956740659714,0.08860424021809854,0.39002736916035663,0.225,0.15,0.38999999999999996,1.5,129.87362369669555,0.015001174198797722,True,False,False
7.74,0.08547710724905228,0.057973467307181406,0.052340236154169634,0.0020146639340824887,-0.050907985896930824,-0.019679169982938262,-0.0009400750738081504,0.2847399890606384,0.08886515922072429,0.3900285235586143,0.225,0.15,0.38999999999999996,1.5,129.8736265610259,0.014882277701954303,True,False,False
7.745,0.08527706912498155,0.05777333946138191,0.05235825472890872,0.0020122933244045267,-0.050907985896930824,-0.019679169982938262,-0.0009400750738081504,0.2847206551929548,0.08912618805057146,0.3900296751864951,0.225,0.15,0.38999999999999996,1.5,129.8736294177735,0.014763318238423894,True,False,False
7.75,0.08507746168606638,0.05757843390320392,0.05237577630914079,0.0020100530445253924,-0.05089570930011423,-0.02005760116423495,-0.0009882319526944626,0.28470156654875123,0.08938732402834725,0.3900308240904391,0.225,0.15,0.38999999999999996,1.5,129.87299258628258,0.01504922079106657,True,False,False
7.755,0.08487829077595813,0.05738875720697734,0.052393044031709315,0.002008054726448527,-0.05089570930011423,-0.02005760116423495,-0.0009882319526944626,0.2846827238522277,0.08964856508280022,0.3900319697017491,0.225,0.15,0.38999999999999996,1.5,129.87299547563666,0.014929597016584866,True,False,False
7.76,0.0846795622514159,0.057204314263891935,0.05240981354947448,0.0020061934231592137,-0.05089570930011423,-0.02005760116423495,-0.0009882319526944626,0.2846641278052679,0.08990990913669467,0.3900331114449776,0.225,0.15,0.38999999999999996,1.5,129.87299835742436,0.014809910537777221,True,False,False
7.765000000000001,0.0844812824152232,0.05702510761677963,0.052426084323132706,0.002004472220873443,-0.05089570930011423,-0.02005760116423495,-0.0009882319526944626,0.28464577908522687,0.09017135349333286,0.39003424933985475,0.225,0.15,0.38999999999999996,1.5,129.87300123155626,0.014690163215043787,True,False,False
7.7700000000000005,0.0842834575787914,0.05685113756071847,0.0524418558061337,0.002002893617895813,-0.05089570930011423,-0.02005760116423495,-0.0009882319526944626,0.284627678346989,0.09043289545059996,0.3900353833971673,0.225,0.15,0.38999999999999996,1.5,129.87300409794278,0.014570356907212761,True,False,False
7.775,0.08408609406198946,0.05668240234513557,0.05245712744516062,0.0020014595809490724,-0.05089570930011423,-0.02005760116423495,-0.0009882319526944626,0.2846098262232138,0.09069453230101318,0.3900365136197077,0.225,0.15,0.38999999999999996,1.5,129.87300695649498,0.014450493471514921,True,False,False
7.78,0.08388919819294621,0.05651889843412974,0.05247189868054194,0.0020001716009925056,-0.05089570930011423,-0.02005760116423495,-0.0009882319526944626,0.28459222332455414,0.09095626133177168,0.3900376400031462,0.225,0.15,0.38999999999999996,1.5,129.87300980712445,0.014330574763558075,True,False,False
7.785,0.08369277630782818,0.056360620709361826,0.05248616894660454,0.0019990307460075723,-0.05089570930011423,-0.02005760116423495,-0.0009882319526944626,0.2845748702398501,0.0912180798248056,0.3900387625368421,0.225,0.15,0.38999999999999996,1.5,129.87301264974315,0.014210602637301626,True,False,False
7.79,0.0834968347505993,0.05620756260742181,0.05249993767197689,0.001998037709472726,-0.05089570930011423,-0.02005760116423495,-0.0009882319526944626,0.28455776753630924,0.09147998505682553,0.3900398812045044,0.225,0.15,0.38999999999999996,1.5,129.87301548426268,0.01409057894503103,True,False,False
7.795,0.08330137987275525,0.05605971633309075,0.05251320427984971,0.0019971928540265726,-0.05089570930011423,-0.02005760116423495,-0.0009882319526944626,0.2845409157596625,0.09174197429937164,0.390040995984849,0.225,0.15,0.38999999999999996,1.5,129.87301831059537,0.013970505537332705,True,False,False
7.8,0.08310641803304171,0.05591707296055741,0.05252596818820136,0.0019964962502871824,-0.05084119044648388,-0.020411432092741034,-0.0010288711473164873,0.2845243154343099,0.09200404481886292,0.39004210685212265,0.225,0.15,0.38999999999999996,1.5,129.87247849704522,0.01422897893329831,True,False,False
7.805000000000001,0.08291195520121442,0.0557796261054159,0.05253845693053785,0.001996045139174739,-0.05084119044648388,-0.020411432092741034,-0.0010288711473164873,0.28450796706889553,0.09226619445049465,0.3900432132773281,0.225,0.15,0.38999999999999996,1.5,129.87248135385053,0.014108303076291661,True,False,False
7.8100000000000005,0.0827179973588578,0.05564737265745664,0.05255044158259322,0.0019957377525894014,-0.05084119044648388,-0.020411432092741034,-0.0010288711473164873,0.28449187115269975,0.09252842102383095,0.39004431474407675,0.225,0.15,0.38999999999999996,1.5,129.872484202467,0.013987578105963292,True,False,False
7.815,0.08252455089209337,0.05552030663375314,0.05256192152686298,0.0019955746190596048,-0.05084119044648388,-0.020411432092741034,-0.0010288711473164873,0.2844760281485639,0.09279072178892289,0.3900454112378694,0.225,0.15,0.38999999999999996,1.5,129.87248704279997,0.013866805880062458,True,False,False
7.82,0.08233162219245359,0.05539842054471824,0.052572896138979634,0.0019955560252960143,-0.05084119044648388,-0.020411432092741034,-0.0010288711473164873,0.28446043849744607,0.09305309399073819,0.39004650273810965,0.225,0.15,0.38999999999999996,1.5,129.87248987475547,0.013745988254568312,True,False,False
7.825,0.08213921765659772,0.05528170537062469,0.052583364788202,0.001995681981658056,-0.05084119044648388,-0.020411432092741034,-0.0010288711473164873,0.2844451026186394,0.09331553486921075,0.39004758921833604,0.225,0.15,0.38999999999999996,1.5,129.87249269823957,0.013625127083664567,True,False,False
7.83,0.08194734368601284,0.05517015073813616,0.05259332683784177,0.00199595221635784,-0.05084119044648388,-0.020411432092741034,-0.0010288711473164873,0.2844300209099819,0.09357804165929022,0.39004867064655746,0.225,0.15,0.38999999999999996,1.5,129.8724955131599,0.013504224219714455,True,False,False
7.835,0.08175600668669,0.05506374499511924,0.05260278164563276,0.001996366186218694,-0.05084119044648388,-0.020411432092741034,-0.0010288711473164873,0.28441519374804397,0.09384061159099125,0.3900497469857444,0.225,0.15,0.38999999999999996,1.5,129.87249831942376,0.013383281513235265,True,False,False
7.84,0.08156521306878693,0.05496247532795346,0.05261172856405136,0.001996923096242854,-0.05084119044648388,-0.020411432092741034,-0.0010288711473164873,0.2844006214883112,0.09410324188944294,0.39005081819426907,0.225,0.15,0.38999999999999996,1.5,129.8725011169391,0.013262300812873466,True,False,False
7.845,0.08137496924626719,0.054866327901775314,0.05262016694059449,0.001997621923166811,-0.05084119044648388,-0.020411432092741034,-0.0010288711473164873,0.28438630446534696,0.09436592977493832,0.3900518842263974,0.225,0.15,0.38999999999999996,1.5,129.87250390561425,0.013141283965379627,True,False,False
7.8500000000000005,0.08118528163652311,0.05477528797045263,0.05262809611802257,0.001998461440089683,-0.05074951475254142,-0.02073978632837083,-0.0010583926197171092,0.28437224299294683,0.09462867246298347,0.3900529450327167,0.225,0.15,0.38999999999999996,1.5,129.87210909746878,0.013371552110357504,True,False,False
7.855,0.0809961563033612,0.0546893464333458,0.052635727510704056,0.001999531150195317,-0.05074951475254142,-0.02073978632837083,-0.0010583926197171092,0.2843584373726052,0.09489146769711213,0.3900540002091724,0.225,0.15,0.38999999999999996,1.5,129.872111913481,0.013249996572829655,True,False,False
7.86,0.08080759931927399,0.05460850037808803,0.052642848173641475,0.0020007348277139235,-0.05074951475254142,-0.02073978632837083,-0.0010583926197171092,0.2843448878881502,0.09515431321559152,0.3900550493757944,0.225,0.15,0.38999999999999996,1.5,129.87211472062015,0.013128405833496047,True,False,False
7.865,0.08061961711781958,0.054532742298261876,0.0526494574222564,0.002002072277532488,-0.05074951475254142,-0.02073978632837083,-0.0010583926197171092,0.2843315947946346,0.09541720621863228,0.390056092511109,0.225,0.15,0.38999999999999996,1.5,129.8721175187856,0.01300678174446052,True,False,False
7.87,0.08043221613322486,0.054462062749842166,0.052655554564456496,0.002003543050004687,-0.05074951475254142,-0.02073978632837083,-0.0010583926197171092,0.28431855832514047,0.09568014390170833,0.3900571295859694,0.225,0.15,0.38999999999999996,1.5,129.87212030787788,0.012885126155858106,True,False,False
7.875,0.08024540280005964,0.054396450366627457,0.05266113890136523,0.00200514640192505,-0.05074951475254142,-0.02073978632837083,-0.0010583926197171092,0.28430577869109264,0.09594312345560659,0.39005816056371323,0.225,0.15,0.38999999999999996,1.5,129.87212308779834,0.012763440915829998,True,False,False
7.88,0.08005918355288853,0.05433589199250039,0.05266620972794745,0.0020068812930862656,-0.05074951475254142,-0.02073978632837083,-0.0010583926197171092,0.28429325608255424,0.0962061420664766,0.39005918540060136,0.225,0.15,0.38999999999999996,1.5,129.8721258584494,0.012641727870498649,True,False,False
7.885,0.07987356482589814,0.0542803728440207,0.052670766333545144,0.0020087464027925017,-0.05074951475254142,-0.02073978632837083,-0.0010583926197171092,0.28428099066850143,0.09646919691588032,0.39006020404640585,0.225,0.15,0.38999999999999996,1.5,129.87212861973435,0.012519988863942923,True,False,False
7.890000000000001,0.0796885530524993,0.054229876649509054,0.0526748080023366,0.00201074015652004,-0.05074951475254142,-0.02073978632837083,-0.0010583926197171092,0.2842689825970771,0.0967322851808413,0.390061216445081,0.225,0.15,0.38999999999999996,1.5,129.87213137155663,0.012398225738173266,True,False,False
7.8950000000000005,0.0795041546649058,0.05418438586504653,0.05267833401373183,0.0020128607567159395,-0.05074951475254142,-0.02073978632837083,-0.0010583926197171092,0.2842572319958271,0.09699540403389459,0.3900622225354077,0.225,0.15,0.38999999999999996,1.5,129.87213411382075,0.012276440333107182,True,False,False
7.9,0.07932037609368507,0.05414388179922109,0.05268134364271503,0.0020151062141778035,-0.05062515822478479,-0.021041812396205256,-0.001076886967772272,0.2842457389719115,0.09725855064313582,0.39006322225164203,0.225,0.15,0.38999999999999996,1.5,129.87188337438602,0.012477766304102713,True,False,False
7.905,0.07913722345014831,0.05410835379302842,0.0526840315812508,0.0020175615912413286,-0.05062515822478479,-0.021041812396205256,-0.001076886967772272,0.2842345036231459,0.0975217226625045,0.390064215318479,0.225,0.15,0.38999999999999996,1.5,129.87188613995048,0.012355507784043778,True,False,False
7.91,0.07895470284983205,0.05407779971133537,0.05268620148523234,0.0020201362797970814,-0.05062515822478479,-0.021041812396205256,-0.001076886967772272,0.2842235260311459,0.09778491774105223,0.39006520149368695,0.225,0.15,0.38999999999999996,1.5,129.87188889589436,0.01223322827613876,True,False,False
7.915,0.07877282072449085,0.05405221103749767,0.0526878526071623,0.0020228293278768163,-0.05062515822478479,-0.021041812396205256,-0.001076886967772272,0.2842128062467272,0.09804813303269508,0.3900661807507902,0.225,0.15,0.38999999999999996,1.5,129.87189164211213,0.01211092962381348,True,False,False
7.92,0.07859158350065258,0.054031576721515755,0.05268898419193321,0.0020256394773369366,-0.05062515822478479,-0.021041812396205256,-0.001076886967772272,0.28420234429869834,0.09831136568697295,0.3900671530534756,0.225,0.15,0.38999999999999996,1.5,129.87189437849977,0.011988613668325876,True,False,False
7.925,0.07841099759925324,0.05401588329888323,0.05268959547776961,0.0020285651550182157,-0.05062515822478479,-0.021041812396205256,-0.001076886967772272,0.2841921401942834,0.09857461284909955,0.39006811835583016,0.225,0.15,0.38999999999999996,1.5,129.87189710495446,0.011866282248741273,True,False,False
7.930000000000001,0.07823106943524265,0.05400511499278844,0.05268968569702217,0.0020316044917911523,-0.05062515822478479,-0.021041812396205256,-0.001076886967772272,0.2841821939195167,0.09883787166001201,0.3900690766029453,0.225,0.15,0.38999999999999996,1.5,129.8718998213748,0.011743937201907872,True,False,False
7.9350000000000005,0.0780518054171589,0.05399925396814353,0.05268925407683863,0.0020347553555587075,-0.05062515822478479,-0.021041812396205256,-0.001076886967772272,0.28417250543960887,0.09910113925642065,0.3900700277317455,0.225,0.15,0.38999999999999996,1.5,129.87190252765976,0.01162158036243211,True,False,False
7.94,0.0778732119466742,0.0539982805550029,0.05268829983973307,0.0020380153897746798,-0.05062515822478479,-0.021041812396205256,-0.001076886967772272,0.28416307469928725,0.09936441277085857,0.3900709716718567,0.225,0.15,0.38999999999999996,1.5,129.87190522370986,0.011499213562654537,True,False,False
7.945,0.07769529541810458,0.054002173447627845,0.052686822204071386,0.002041382052550705,-0.05062515822478479,-0.021041812396205256,-0.001076886967772272,0.2841539016231023,0.09962768933173127,0.39007190834653366,0.225,0.15,0.38999999999999996,1.5,129.8719079094262,0.011376838632625392,True,False,False
7.95,0.077518062217891,0.0540109100137374,0.05268482038448886,0.0020448526536423323,-0.05047233738860719,-0.021316685471769712,-0.001084962191044315,0.28414498611570893,0.09989096606336602,0.3900728376735072,0.225,0.15,0.38999999999999996,1.5,129.87179341819203,0.011548519542864826,True,False,False
7.955,0.07734151844630383,0.054024477608612405,0.052682471750773036,0.0020485099947068104,-0.05047233738860719,-0.021316685471769712,-0.001084962191044315,0.2841363280751432,0.10015424053236288,0.39007375949734246,0.225,0.15,0.38999999999999996,1.5,129.87179612239277,0.01142573881173838,True,False,False
7.96,0.07716567020210423,0.05404287417182384,0.052679597178693104,0.0020522689270701788,-0.05047233738860719,-0.021316685471769712,-0.001084962191044315,0.28412792738469195,0.10041751030082757,0.39007467370335946,0.225,0.15,0.38999999999999996,1.5,129.87179881617476,0.011302951590339508,True,False,False
7.965,0.07699052385431925,0.0540660896238519,0.05267619586369963,0.002056127535520773,-0.05047233738860719,-0.021316685471769712,-0.001084962191044315,0.2841197838952764,0.10068077248006695,0.3900755802579632,0.225,0.15,0.38999999999999996,1.5,129.87180149942873,0.011180159710348808,True,False,False
7.97,0.07681608575972008,0.05409411084084313,0.052672266994288904,0.002060083567297926,-0.05047233738860719,-0.021316685471769712,-0.001084962191044315,0.2841118974359698,0.1009440241773858,0.3900764791157664,0.225,0.15,0.38999999999999996,1.5,129.87180417204684,0.011057365001079716,True,False,False
7.9750000000000005,0.07664236226241097,0.05412692181420757,0.05266780975308761,0.002064134471594345,-0.05047233738860719,-0.021316685471769712,-0.001084962191044315,0.28410426781452286,0.1012072624961371,0.39007737021989886,0.225,0.15,0.38999999999999996,1.5,129.87180683392322,0.010934569289454377,True,False,False
7.98,0.07646935969337984,0.05416450377318909,0.05266282331775187,0.0020682774490543548,-0.05047233738860719,-0.021316685471769712,-0.001084962191044315,0.2840968948178499,0.1014704845357715,0.3900782535028048,0.225,0.15,0.38999999999999996,1.5,129.87180948495325,0.010811774399979332,True,False,False
7.985,0.07629708437001488,0.05420683552578262,0.052657306861716054,0.002072509502993495,-0.05047233738860719,-0.021316685471769712,-0.001084962191044315,0.2840897782124819,0.10173368739188715,0.3900791288872564,0.225,0.15,0.38999999999999996,1.5,129.87181212503359,0.010688982154721556,True,False,False
7.99,0.07612554259558307,0.054253893707396104,0.05265125955482103,0.0020768274878454687,-0.05047233738860719,-0.021316685471769712,-0.001084962191044315,0.2840829177449817,0.1019968681562791,0.3900799962874825,0.225,0.15,0.38999999999999996,1.5,129.87181475406166,0.01056619437328443,True,False,False
7.995,0.07595474065867072,0.05430565307144201,0.05264468056384531,0.0020812281526532026,-0.05047233738860719,-0.021316685471769712,-0.001084962191044315,0.28407631314232246,0.10226002391698887,0.3900808556102724,0.225,0.15,0.38999999999999996,1.5,129.8718173719368,0.01044341287278417,True,False,False
8.0,0.07578468483258476,0.05436208676743274,0.05263756905295851,0.002085708178791999,-0.05029509280446026,-0.021563609196048373,-0.0010831554078580814,0.28406996411222796,0.10252315175835366,0.3900817067560711,0.225,0.15,0.38999999999999996,1.5,129.87183222144571,0.010584780278065435,True,False,False
8.005,0.07561538113600874,0.05442317981234434,0.05263008449154004,0.0020903495735136403,-0.05029509280446026,-0.021563609196048373,-0.0010831554078580814,0.2840638703583541,0.102786249162076,0.3900825496810244,0.225,0.15,0.38999999999999996,1.5,129.87183485233697,0.01046166194999273,True,False,False
8.01,0.07544683557908108,0.05448892942327106,0.05262206557713693,0.002095072591482255,-0.05029509280446026,-0.021563609196048373,-0.0010831554078580814,0.28405803157108633,0.10304931360577146,0.39008338438864487,0.225,0.15,0.38999999999999996,1.5,129.87183747197705,0.010338551893274425,True,False,False
8.015,0.07527905439539974,0.05455932344808185,0.05261351145704143,0.0020998742522071482,-0.05029509280446026,-0.021563609196048373,-0.0010831554078580814,0.28405244740735597,0.10331234216195814,0.3900842108362333,0.225,0.15,0.38999999999999996,1.5,129.87184008025355,0.010215451924748192,True,False,False
8.02,0.07511204379812954,0.05463434630926669,0.052604421272939045,0.0021047512321005937,-0.05029509280446026,-0.021563609196048373,-0.0010831554078580814,0.28404711750262573,0.10357533189953964,0.39008502896764813,0.225,0.15,0.38999999999999996,1.5,129.87184267705624,0.010092363858685722,True,False,False
8.025,0.0749458099795363,0.05471397908579669,0.05259479416206406,0.002109699962217014,-0.05029509280446026,-0.021563609196048373,-0.0010831554078580814,0.28404204147150286,0.10383827988385477,0.3900858387137302,0.225,0.15,0.38999999999999996,1.5,129.8718452622769,0.00996928950676886,True,False,False
8.03,0.07478035911047909,0.05479819979139323,0.05258462925813929,0.002114716711196288,-0.05029509280446026,-0.021563609196048373,-0.0010831554078580814,0.28403721890830774,0.10410118317672734,0.39008663999322735,0.225,0.15,0.38999999999999996,1.5,129.87184783580886,0.0098462306780659,True,False,False
8.035,0.07461569733986433,0.05488698367415082,0.05257392569214653,0.0021197976536430504,-0.05029509280446026,-0.021563609196048373,-0.0010831554078580814,0.28403264938760325,0.10436403883651552,0.3900874327140117,0.225,0.15,0.38999999999999996,1.5,129.87185039754695,0.009723189179008012,True,False,False
8.040000000000001,0.07445183079405505,0.054980303556617455,0.05256268259296453,0.0021249389252266256,-0.05029509280446026,-0.021563609196048373,-0.0010831554078580814,0.28402833246467685,0.10462684391816125,0.39008821677438055,0.225,0.15,0.38999999999999996,1.5,129.87185294738774,0.009600166813365882,True,False,False
8.045,0.0742887655762368,0.05507813016232836,0.0525508990879028,0.002130136666215188,-0.05029509280446026,-0.021563609196048373,-0.0010831554078580814,0.28402426767597855,0.10488959547323948,0.39008899206439557,0.225,0.15,0.38999999999999996,1.5,129.8718554852285,0.009477165382226236,True,False,False
8.05,0.0741265077657427,0.05518043247457617,0.052538574303153535,0.0021353870552377544,-0.050097318840276336,-0.02178181748023546,-0.001071892722649562,0.28402045453951813,0.10515229055000724,0.3900897584671155,0.225,0.15,0.38999999999999996,1.5,129.8719942165948,0.009587586861458785,True,False,False
8.055,0.07396506321699566,0.05528719284019988,0.05252584925437553,0.002140772138318091,-0.050097318840276336,-0.02178181748023546,-0.001071892722649562,0.2840168925716214,0.10541492654789465,0.39009051604408296,0.225,0.15,0.38999999999999996,1.5,129.87199676145545,0.009464319152840845,True,False,False
8.06,0.07380443776753697,0.05539840726834683,0.052512581042350466,0.002146217635566682,-0.050097318840276336,-0.02178181748023546,-0.001071892722649562,0.28401358127685117,0.10567750086266625,0.39009126490984425,0.225,0.15,0.38999999999999996,1.5,129.87199929421539,0.009341074720985356,True,False,False
8.065,0.07364463743102875,0.05551406124716715,0.05249876877803547,0.002151719511487919,-0.050097318840276336,-0.02178181748023546,-0.001071892722649562,0.2840105201256984,0.10594001053200186,0.39009200501138547,0.225,0.15,0.38999999999999996,1.5,129.8720018147602,0.009217855364763694,True,False,False
8.07,0.07348566819139993,0.05563413649682278,0.052484411568706514,0.0021572734027274373,-0.050097318840276336,-0.02178181748023546,-0.001071892722649562,0.28400770856777646,0.10620245259036659,0.39009273628094365,0.225,0.15,0.38999999999999996,1.5,129.87200432297826,0.009094662880282973,True,False,False
8.075,0.07332753600232476,0.0557586110949847,0.05246950851911817,0.0021628747779448834,-0.050097318840276336,-0.02178181748023546,-0.001071892722649562,0.28400514603250837,0.10646482406906049,0.39009345863652956,0.225,0.15,0.38999999999999996,1.5,129.8720068187598,0.00897149906086259,True,False,False
8.08,0.07317024678666002,0.05588745976150464,0.05245405873242633,0.002168519054164668,-0.050097318840276336,-0.02178181748023546,-0.001071892722649562,0.2840028319297682,0.1067271219962679,0.39009417198295665,0.225,0.15,0.38999999999999996,1.5,129.87200930199728,0.008848365697011126,True,False,False
8.085,0.07301380643583756,0.056020654221284806,0.05243806131093008,0.0021742016801168263,-0.050097318840276336,-0.02178181748023546,-0.001071892722649562,0.28400076565047366,0.10698934339710671,0.39009487621322086,0.225,0.15,0.38999999999999996,1.5,129.87201177258459,0.008725264576403288,True,False,False
8.09,0.07285822080920878,0.05615816355262871,0.05242151535667599,0.0021799181947422448,-0.050097318840276336,-0.02178181748023546,-0.001071892722649562,0.2839989465671258,0.1072514852936774,0.3900955712099794,0.225,0.15,0.38999999999999996,1.5,129.8720142304175,0.008602197483857012,True,False,False
8.095,0.07270349573334423,0.05629995461779431,0.052404419971957154,0.002185664267150022,-0.050097318840276336,-0.02178181748023546,-0.001071892722649562,0.2839973740343016,0.10751354470511194,0.39009625684702287,0.225,0.15,0.38999999999999996,1.5,129.87201667539347,0.00847916620131073,True,False,False
8.1,0.07254963700128435,0.05644599239285997,0.05238677425973102,0.002191435722823162,-0.049882779695042935,-0.021970576276554393,-0.0010515424093535052,0.28399604738909356,0.10777551864762258,0.3900969329906997,0.225,0.15,0.38999999999999996,1.5,129.87227457724265,0.008558047111897968,True,False,False
8.105,0.07239665020878638,0.056596256490573926,0.05236870025453339,0.0021973149040459103,-0.049882779695042935,-0.021970576276554393,-0.0010515424093535052,0.28399496596912394,0.10803740444117306,0.3900975998032631,0.225,0.15,0.38999999999999996,1.5,129.8722770228346,0.008434821591436619,True,False,False
8.11,0.07224454092516389,0.05675074139829686,0.05235007401965363,0.0022032331486929067,-0.049882779695042935,-0.021970576276554393,-0.0010515424093535052,0.2839941291017821,0.10829919940249676,0.3900982575046317,0.225,0.15,0.38999999999999996,1.5,129.8722794554768,0.008311634575963534,True,False,False
8.115,0.07209331484839757,0.05690943016261193,0.05233089464403802,0.002209185453865572,-0.049882779695042935,-0.021970576276554393,-0.0010515424093535052,0.2839935360802175,0.10856090053850974,0.39009890603104685,0.225,0.15,0.38999999999999996,1.5,129.872281875054,0.008188487843239235,True,False,False
8.120000000000001,0.07194297763641451,0.05707230178563515,0.052311161215327154,0.0022151665181865785,-0.049882779695042935,-0.021970576276554393,-0.0010515424093535052,0.28399318617748853,0.10882250485332477,0.39009954530302016,0.225,0.15,0.38999999999999996,1.5,129.87228428145363,0.008065383168062552,True,False,False
8.125,0.07179353490652186,0.057239331398333065,0.05229087282096155,0.002221170963067899,-0.049882779695042935,-0.021970576276554393,-0.0010515424093535052,0.28399307864731405,0.10908400934830113,0.3901001752259038,0.225,0.15,0.38999999999999996,1.5,129.87228667456554,0.007942322322247819,True,False,False
8.13,0.07164499223479764,0.057410490562033706,0.05227002854903672,0.0022271934803890538,-0.049882779695042935,-0.021970576276554393,-0.0010515424093535052,0.2839932127247734,0.10934541102209348,0.39010079569103634,0.225,0.15,0.38999999999999996,1.5,129.87228905428213,0.007819307074602334,True,False,False
8.135,0.07149735515543311,0.05758574765710513,0.05224862748897401,0.0022332289281611494,-0.049882779695042935,-0.021970576276554393,-0.0010515424093535052,0.2839935876269508,0.10960670687070065,0.3901014065772547,0.225,0.15,0.38999999999999996,1.5,129.87229142049753,0.007696339190903817,True,False,False
8.14,0.07135062916002818,0.057765068299609645,0.05222666873205478,0.0022392723896996355,-0.049882779695042935,-0.021970576276554393,-0.0010515424093535052,0.2839942025535262,0.10986789388751421,0.39010200775249243,0.225,0.15,0.38999999999999996,1.5,129.872293773108,0.007573420433878184,True,False,False
8.145,0.07120481969683519,0.05794841576580992,0.05220415137185341,0.002245319207421651,-0.049882779695042935,-0.021970576276554393,-0.0010515424093535052,0.2839950566873073,0.11012896906336714,0.39010259907541034,0.225,0.15,0.38999999999999996,1.5,129.87229611201118,0.007450552563177257,True,False,False
8.15,0.07105993216995826,0.05813575136726048,0.05218107450459438,0.0022513649991933882,-0.04965511812424328,-0.022129185311964186,-0.0010224698391931705,0.2839961491947127,0.11038992938658199,0.39010318039690906,0.225,0.15,0.38999999999999996,1.5,129.87266849569554,0.007497337761083003,True,False,False
8.155,0.07091597181157067,0.0583270521106856,0.052157540683176996,0.002257492162923093,-0.04965511812424328,-0.022129185311964186,-0.0010224698391931705,0.28399747924472113,0.1106507721006412,0.3901037519759255,0.225,0.15,0.38999999999999996,1.5,129.87267082851784,0.007374349090433707,True,False,False
8.16,0.0707729438167832,0.05852231081118192,0.052133445468546376,0.002263637873826659,-0.04965511812424328,-0.022129185311964186,-0.0010224698391931705,0.2839990459976203,0.11091149444624494,0.3901043141327623,0.225,0.15,0.38999999999999996,1.5,129.87267314755928,0.007251414354181924,True,False,False
8.165000000000001,0.07063085346234292,0.05872150812061239,0.052108787943927405,0.002269796293602431,-0.04965511812424328,-0.022129185311964186,-0.0010224698391931705,0.2840008485797164,0.11117209340373804,0.39010486679308753,0.225,0.15,0.38999999999999996,1.5,129.87267545270444,0.007128535305816288,True,False,False
8.17,0.07048970597380237,0.05892462045511159,0.052083567193933825,0.002275961323097368,-0.04965511812424328,-0.022129185311964186,-0.0010224698391931705,0.2840028860981887,0.1114325659510851,0.39010540986615155,0.225,0.15,0.38999999999999996,1.5,129.8726777438407,0.007005713695667598,True,False,False
8.175,0.07034950652492968,0.059131620211519596,0.05205778230556918,0.002282126880773836,-0.04965511812424328,-0.022129185311964186,-0.0010224698391931705,0.2840051576418939,0.1116929090639196,0.390105943245388,0.225,0.15,0.38999999999999996,1.5,129.87268002085864,0.006882951270886753,True,False,False
8.18,0.07021026023707223,0.05934247604469686,0.05203143236897308,0.00228828707829007,-0.04965511812424328,-0.022129185311964186,-0.0010224698391931705,0.28400766228211227,0.11195311971559252,0.39010646680965566,0.225,0.15,0.38999999999999996,1.5,129.87268228365127,0.006760249775422681,True,False,False
8.185,0.07007197217847325,0.05955715334457377,0.0520045164779859,0.002294436325776706,-0.04965511812424328,-0.022129185311964186,-0.0010224698391931705,0.28401039907323566,0.1122131948772207,0.3901069804248368,0.225,0.15,0.38999999999999996,1.5,129.87268453211425,0.006637610950000649,True,False,False
8.19,0.06993464736353779,0.059775614626909994,0.051977033730583974,0.0023005693895945087,-0.04965511812424328,-0.022129185311964186,-0.0010224698391931705,0.28401336705339386,0.11247313151773473,0.3901074839455759,0.225,0.15,0.38999999999999996,1.5,129.87268676614477,0.006515036532100358,True,False,False
8.195,0.06979829075205193,0.05999782000331486,0.05194898322922174,0.0023066814184223485,-0.04965511812424328,-0.022129185311964186,-0.0010224698391931705,0.28401656524502517,0.11273292660392713,0.3901079772169722,0.225,0.15,0.38999999999999996,1.5,129.87268898564224,0.006392528255934552,True,False,False
8.2,0.06966290724835249,0.06022372758867854,0.05192036408110716,0.002312767948637966,-0.049417857769722365,-0.022256979784454678,-0.0009850773357076468,0.2840199926553875,0.11299257710050004,0.3901084600762111,0.225,0.15,0.38999999999999996,1.5,129.8731706594587,0.006406703736268391,True,False,False
8.205,0.06952850160783436,0.060453311981839154,0.05189125888521793,0.0023189107876576483,-0.049417857769722365,-0.022256979784454678,-0.0009850773357076468,0.2840236482961451,0.11325208017761591,0.39010893287484216,0.225,0.15,0.38999999999999996,1.5,129.87317286599503,0.006284149401630673,True,False,False
8.21,0.06939507853742813,0.060686564328586115,0.05186158320881381,0.0023250532220488547,-0.049417857769722365,-0.022256979784454678,-0.0009850773357076468,0.28402753117180696,0.11351143300311574,0.39010939602856515,0.225,0.15,0.38999999999999996,1.5,129.87317505795374,0.006161664609700478,True,False,False
8.215,0.06926264277975672,0.06092346303080749,0.05183133614708054,0.00233118873167321,-0.049417857769722365,-0.022256979784454678,-0.0009850773357076468,0.28403164025355826,0.1137706325350784,0.39010984945309396,0.225,0.15,0.38999999999999996,1.5,129.8731772352198,0.006039251086521842,True,False,False
8.22,0.06913119901460113,0.06116398217191394,0.05180051679947797,0.0023373105768894485,-0.049417857769722365,-0.022256979784454678,-0.0009850773357076468,0.2840359744945823,0.11402967572963595,0.39011029304727957,0.225,0.15,0.38999999999999996,1.5,129.87317939768218,0.0059169105547866125,True,False,False
8.225,0.06900075185831454,0.06140809169855431,0.05176912427059518,0.0023434121275817,-0.049417857769722365,-0.022256979784454678,-0.0009850773357076468,0.28404053283090264,0.11428855954102249,0.3901107266937598,0.225,0.15,0.38999999999999996,1.5,129.8731815452329,0.005794644733812875,True,False,False
8.23,0.06887130586319094,0.061655757761229925,0.05173715767075497,0.0023494870623783364,-0.049417857769722365,-0.022256979784454678,-0.0009850773357076468,0.28404531418216405,0.11454728092162213,0.39011115026026844,0.225,0.15,0.38999999999999996,1.5,129.87318367776692,0.005798331640202066,True,False,False
8.235,0.06874286551678899,0.061906943144243554,0.05170461611644621,0.0023555294809357633,-0.049417857769722365,-0.022256979784454678,-0.0009850773357076468,0.28405031745235315,0.11480583682201666,0.3901115636013061,0.225,0.15,0.38999999999999996,1.5,129.8731857951819,0.005853781198803582,True,False,False
8.24,0.06861543524120627,0.062161607729172765,0.051671498730638116,0.002361533958825146,-0.049417857769722365,-0.022256979784454678,-0.0009850773357076468,0.2840555415304544,0.1150642241910331,0.39011196655995245,0.225,0.15,0.38999999999999996,1.5,129.87318789737733,0.005910452423087589,True,False,False
8.245000000000001,0.06848901939230705,0.062419708955286826,0.05163780464301383,0.0023674955652426798,-0.049417857769722365,-0.022256979784454678,-0.0009850773357076468,0.2840609852910459,0.11532243997579103,0.3901123589696292,0.225,0.15,0.38999999999999996,1.5,129.8731899842556,0.005968292492829635,True,False,False
8.25,0.0683636222589028,0.0626812022705791,0.05160353299014898,0.002373409857287224,-0.0491743996580254,-0.02235333202161481,-0.0009398279717522395,0.28406664759483347,0.11558048112174966,0.39011274065581997,0.225,0.15,0.38999999999999996,1.5,129.87377493975745,0.006411429045610106,True,False,False
8.255,0.06823924800149232,0.06294606018253385,0.05156874597468164,0.002379357095883469,-0.0491743996580254,-0.02235333202161481,-0.0009398279717522395,0.2840725273085787,0.11583834472908697,0.39011311205815946,0.225,0.15,0.38999999999999996,1.5,129.8737770067143,0.006459864341417227,True,False,False
8.26,0.06811590072032304,0.06321427219099389,0.05153337964970354,0.002385287000946111,-0.0491743996580254,-0.02235333202161481,-0.0009398279717522395,0.2840786232934088,0.11609602789613248,0.3901134736822887,0.225,0.15,0.38999999999999996,1.5,129.87377905834728,0.006510024524739002,True,False,False
8.265,0.06799358450726725,0.06348581471297886,0.05149743314086643,0.002391192531883157,-0.0491743996580254,-0.02235333202161481,-0.0009398279717522395,0.2840849343781555,0.116353527563111,0.39011382543485196,0.225,0.15,0.38999999999999996,1.5,129.87378109454318,0.006561787971014945,True,False,False
8.27,0.06787230337962316,0.06376065980149596,0.05146090558105015,0.002397066470489243,-0.0491743996580254,-0.02235333202161481,-0.0009398279717522395,0.2840914593749115,0.11661084066874407,0.39011416720544395,0.225,0.15,0.38999999999999996,1.5,129.873783115193,0.00661505135788101,True,False,False
8.275,0.06775206127957432,0.06403877533220569,0.05142379611104058,0.0024029017922935288,-0.0491743996580254,-0.02235333202161481,-0.0009398279717522395,0.2840981970798996,0.11686796415029804,0.39011449886727595,0.225,0.15,0.38999999999999996,1.5,129.87378512019137,0.006669725625311638,True,False,False
8.28,0.06763286207360598,0.06432012533573306,0.051386103879968545,0.0024086918846754125,-0.0491743996580254,-0.02235333202161481,-0.0009398279717522395,0.284105146274278,0.11712489494363176,0.3901148202785341,0.225,0.15,0.38999999999999996,1.5,129.87378710943628,0.006725732990515572,True,False,False
8.285,0.0675147095518786,0.06460467045958106,0.05134782804559135,0.0024144306637225938,-0.0491743996580254,-0.02235333202161481,-0.0009398279717522395,0.2841123057248819,0.11738162998324338,0.3901151312840995,0.225,0.15,0.38999999999999996,1.5,129.8737890828284,0.006783004705884673,True,False,False
8.290000000000001,0.06739760742755739,0.0648923684765731,0.05130896777447197,0.002420112625309832,-0.0491743996580254,-0.02235333202161481,-0.0009398279717522395,0.2841196741849016,0.11763816620231728,0.39011543171739704,0.225,0.15,0.38999999999999996,1.5,129.87379104027121,0.006841479346401336,True,False,False
8.295,0.06728155933609375,0.06518317468685952,0.05126952224209251,0.002425732854440087,-0.0491743996580254,-0.02235333202161481,-0.0009398279717522395,0.2841272503944932,0.11789450053277052,0.3901157214022371,0.225,0.15,0.38999999999999996,1.5,129.8737929816707,0.006901101480666873,True,False,False
8.3,0.06716656883446614,0.06547704246117289,0.0512294906329268,0.002431287009003494,-0.04892801382045378,-0.022417653100657985,-0.0008872558717829978,0.2841350330813303,0.11815062990529963,0.39011600015455017,0.225,0.15,0.38999999999999996,1.5,129.87447425820196,0.007350665308162364,True,False,False
8.305,0.06705263936972432,0.06577394249442868,0.05118891434250555,0.0024368526266583417,-0.04892801382045378,-0.022417653100657985,-0.0008872558717829978,0.2841430209805905,0.11840655135360517,0.39011626849679315,0.225,0.15,0.38999999999999996,1.5,129.87447617273946,0.007400691266296466,True,False,False
8.31,0.06693977431699238,0.06607386279256686,0.05114775035739284,0.0024423862263482712,-0.04892801382045378,-0.022417653100657985,-0.0008872558717829978,0.28415121282330513,0.11866226191002421,0.3901165270184012,0.225,0.15,0.38999999999999996,1.5,129.87447807127242,0.00745242218626279,True,False,False
8.315,0.06682797700172916,0.06637677806925862,0.05110599785249291,0.0024478804085789506,-0.04892801382045378,-0.022417653100657985,-0.0008872558717829978,0.2841596073095815,0.11891775850144022,0.3901167756180083,0.225,0.15,0.38999999999999996,1.5,129.8744799536908,0.007505733423612193,True,False,False
8.32,0.06671725066352889,0.06668265868102469,0.051063656012848874,0.0024533276365883354,-0.04892801382045378,-0.022417653100657985,-0.0008872558717829978,0.28416820312416957,0.11917303805368612,0.3901170141772332,0.225,0.15,0.38999999999999996,1.5,129.8744818198889,0.007560518931563872,True,False,False
8.325,0.06660759845567635,0.06699147080420681,0.05102072403412169,0.002458720640828584,-0.04892801382045378,-0.022417653100657985,-0.0008872558717829978,0.28417699893734755,0.11942809749159214,0.39011724256134983,0.225,0.15,0.38999999999999996,1.5,129.87448366976545,0.007616687166679709,True,False,False
8.33,0.06649902344466031,0.06730317683177468,0.05097720112284858,0.0024640526510152925,-0.04892801382045378,-0.022417653100657985,-0.0008872558717829978,0.28418599340573886,0.11968293373903226,0.3901174606206842,0.225,0.15,0.38999999999999996,1.5,129.8744855032224,0.007674158062857105,True,False,False
8.335,0.06639152860965078,0.06761773576158307,0.050933086496563404,0.00246931751531151,-0.04892801382045378,-0.022417653100657985,-0.0008872558717829978,0.28419518517306785,0.11993754371897072,0.390117668192349,0.225,0.15,0.38999999999999996,1.5,129.87448732016495,0.007732860758050887,True,False,False
8.34,0.06628511684193365,0.06793510374224396,0.050888379383833525,0.0024745097470539475,-0.04892801382045378,-0.022417653100657985,-0.0008872558717829978,0.2842045728708476,0.12019192435350792,0.3901178651021183,0.225,0.15,0.38999999999999996,1.5,129.87448912050155,0.007792731857443941,True,False,False
8.345,0.06617979094430254,0.06825523453074148,0.050843079024248124,0.00247962452621217,-0.04892801382045378,-0.022417653100657985,-0.0008872558717829978,0.28421415511900017,0.1204460725639263,0.39011805116630743,0.225,0.15,0.38999999999999996,1.5,129.87449090414313,0.007853714085376547,True,False,False
8.35,0.0660755536304151,0.0685780799438862,0.05079718466838077,0.0024846576737058814,-0.04868182727982573,-0.02244939442853282,-0.0008279662855758575,0.28422393052641776,0.12069998527073621,0.3901182261935053,0.225,0.15,0.38999999999999996,1.5,129.87526058843738,0.008304333504399604,True,False,False
8.355,0.06597240752034432,0.06890360928205908,0.050750716527296895,0.0024896826839895282,-0.04868182727982573,-0.02244939442853282,-0.0008279662855758575,0.2842338977107398,0.12095365944483678,0.3901183907829041,0.225,0.15,0.38999999999999996,1.5,129.87526233838824,0.008355649247701047,True,False,False
8.36,0.06587035515126714,0.06923180915993808,0.050703652934178015,0.0024946632796374562,-0.04868182727982573,-0.02244939442853282,-0.0008279662855758575,0.2842440552869056,0.12120709205626017,0.39011854560077475,0.225,0.15,0.38999999999999996,1.5,129.8752640717348,0.008408628104216937,True,False,False
8.365,0.06576939897314926,0.06956265289631354,0.050655993131753646,0.0024995918597865703,-0.04868182727982573,-0.02244939442853282,-0.0008279662855758575,0.28425440184061096,0.121460280023156,0.3901186905388852,0.225,0.15,0.38999999999999996,1.5,129.87526578837114,0.008463144041005994,True,False,False
8.370000000000001,0.06566954133984709,0.06989610949223245,0.050607736375659684,0.002504460723830435,-0.04868182727982573,-0.02244939442853282,-0.0008279662855758575,0.28426493594367835,0.12171322026308502,0.39011882547220467,0.225,0.15,0.38999999999999996,1.5,129.87526748819667,0.00851908968006322,True,False,False
8.375,0.06557078450880835,0.07023214384807683,0.050558881934706264,0.0025092624994157943,-0.04868182727982573,-0.02244939442853282,-0.0008279662855758575,0.28427565615494266,0.12196590969306607,0.3901189502596189,0.225,0.15,0.38999999999999996,1.5,129.87526917111487,0.008576372201757552,True,False,False
8.38,0.06547313064074184,0.07057071713156944,0.05050942909094942,0.002513990383424979,-0.04868182727982573,-0.02244939442853282,-0.0008279662855758575,0.28428656102107464,0.12221834522962195,0.3901190647452999,0.225,0.15,0.38999999999999996,1.5,129.87527083703344,0.00863491031654908,True,False,False
8.385,0.06537658179925165,0.07091178719373574,0.050459377139647814,0.0025186382614145685,-0.04868182727982573,-0.02244939442853282,-0.0008279662855758575,0.284297649077338,0.122470523788825,0.39011916876045716,0.225,0.15,0.38999999999999996,1.5,129.8752724858636,0.008694631989519743,True,False,False
8.39,0.06528113995043444,0.07125530911781221,0.05040872538915624,0.002523200749722809,-0.04868182727982573,-0.02244939442853282,-0.0008279662855758575,0.28430891884827914,0.12272244228634213,0.39011926212522274,0.225,0.15,0.38999999999999996,1.5,129.87527411751972,0.008755472701502348,True,False,False
8.395,0.06518680696244067,0.07160123561118321,0.05035747316078965,0.0025276731898456668,-0.04868182727982573,-0.02244939442853282,-0.0008279662855758575,0.2843203688483512,0.12297409763748005,0.3901193446505077,0.225,0.15,0.38999999999999996,1.5,129.87527573191915,0.008817374099142277,True,False,False
8.4,0.06509358460500217,0.071949517533952,0.05030561978867711,0.0025320516146955995,-0.04843880974445208,-0.022448049280237917,-0.0007626285846844828,0.28433199758247546,0.12322548675722995,0.3901194161397542,0.225,0.15,0.38999999999999996,1.5,129.8761250511261,0.009263907122993954,True,False,False
8.405,0.06500147456884259,0.07230012314534584,0.05025316395706765,0.002536404077079287,-0.04843880974445208,-0.022448049280237917,-0.0007626285846844828,0.2843438035653579,0.12347660655753162,0.39011947726199314,0.225,0.15,0.38999999999999996,1.5,129.87612662520485,0.009316187224347808,True,False,False
8.41,0.0649104784521549,0.07265303780730167,0.05020010572206734,0.0025407019405153707,-0.04843880974445208,-0.022448049280237917,-0.0007626285846844828,0.28435578531039535,0.1237274539499648,0.3901195287526187,0.225,0.15,0.38999999999999996,1.5,129.87612818217403,0.009370068056726065,True,False,False
8.415000000000001,0.06482059773311206,0.07300823372568248,0.05014644441215236,0.002544937553826178,-0.04843880974445208,-0.022448049280237917,-0.0007626285846844828,0.2843679413037041,0.12397802584864154,0.3901195704976684,0.225,0.15,0.38999999999999996,1.5,129.87612972193372,0.009425423780500507,True,False,False
8.42,0.06473183378520576,0.07336567892925352,0.050092179371242815,0.0025491032000759177,-0.04843880974445208,-0.022448049280237917,-0.0007626285846844828,0.28438027001908917,0.12422831916755489,0.3901196023668162,0.225,0.15,0.38999999999999996,1.5,129.8761312443893,0.009482147040817224,True,False,False
8.425,0.06464418787715212,0.07372533742461138,0.050037309958757235,0.00255319153841703,-0.04843880974445208,-0.022448049280237917,-0.0007626285846844828,0.284392769918926,0.12447833082062475,0.39011962421406476,0.225,0.15,0.38999999999999996,1.5,129.87613274945124,0.009540144918437486,True,False,False
8.43,0.06455766117276746,0.07408716958936756,0.0499818355494992,0.0025571958491053103,-0.04843880974445208,-0.022448049280237917,-0.0007626285846844828,0.2844054394549752,0.12472805772174306,0.39011963587911813,0.225,0.15,0.38999999999999996,1.5,129.87613423703405,0.009599335935897544,True,False,False
8.435,0.06447225473081662,0.0744511326141419,0.04992575553345419,0.0025611101512891745,-0.04843880974445208,-0.022448049280237917,-0.0007626285846844828,0.28441827706913525,0.12497749678481858,0.3901196371891142,0.225,0.15,0.38999999999999996,1.5,129.8761357070562,0.00965964780745419,True,False,False
8.44,0.06438796950482817,0.07481718097190283,0.04986906931554587,0.002564929240420101,-0.04843880974445208,-0.022448049280237917,-0.0007626285846844828,0.28443128119412625,0.12522664492382088,0.39011962796047706,0.225,0.15,0.38999999999999996,1.5,129.8761371594397,0.00972101571927712,True,False,False
8.445,0.06430480634287848,0.07518526690369828,0.04981177631538115,0.00256864867652715,-0.04843880974445208,-0.022448049280237917,-0.0007626285846844828,0.28444445025410914,0.12547549905282465,0.3901196080007584,0.225,0.15,0.38999999999999996,1.5,129.87613859410976,0.009783380994034174,True,False,False
8.45,0.06422276598734594,0.07555534085235452,0.049753875967001336,0.0025722647439644607,-0.0482017582880788,-0.02241315429304087,-0.0006919649070294931,0.2844577826652408,0.12572405608605372,0.3901195771103705,0.225,0.15,0.38999999999999996,1.5,129.87705806624518,0.010220944440529138,True,False,False
8.455,0.064141849114706,0.07592737034549239,0.04969534512182918,0.0025758386292801107,-0.0482017582880788,-0.02241315429304087,-0.0006919649070294931,0.28447127685429785,0.12597231288049235,0.3901195360205709,0.225,0.15,0.38999999999999996,1.5,129.8770594542427,0.010273843260492797,True,False,False
8.46,0.06406205630122776,0.07630133966128506,0.04963620589640778,0.0025793497993825258,-0.0482017582880788,-0.02241315429304087,-0.0006919649070294931,0.28448493124807306,0.1262202662932821,0.39011948552749903,0.225,0.15,0.38999999999999996,1.5,129.87706082473306,0.01032826155519677,True,False,False
8.465,0.06398338797602701,0.07667722019372145,0.049576457721854816,0.002582790695659297,-0.0482017582880788,-0.02241315429304087,-0.0006919649070294931,0.2844987442482908,0.1264679132392764,0.39011942551258794,0.225,0.15,0.38999999999999996,1.5,129.8770621776239,0.010384075194150041,True,False,False
8.47,0.06390584445724576,0.07705497929099174,0.04951610004696829,0.0025861537238387037,-0.0482017582880788,-0.02241315429304087,-0.0006919649070294931,0.2845127142459891,0.12671525063368666,0.3901193558415144,0.225,0.15,0.38999999999999996,1.5,129.87706351282833,0.010441178146086028,True,False,False
8.475,0.06382942595221103,0.07743458047933253,0.04945513233807332,0.0025894317002694363,-0.0482017582880788,-0.02241315429304087,-0.0006919649070294931,0.28452683962238723,0.12696227539212768,0.39011927636486604,0.225,0.15,0.38999999999999996,1.5,129.87706483026489,0.010499478524010598,True,False,False
8.48,0.06375413255756583,0.07781598377058792,0.04939355407873277,0.0025926180962727256,-0.0482017582880788,-0.02241315429304087,-0.0006919649070294931,0.2845411187496848,0.1272089844306615,0.390119186919498,0.225,0.15,0.38999999999999996,1.5,129.87706612985676,0.010558895660431914,True,False,False
8.485,0.06367996425937708,0.07819914611103256,0.049331364769395154,0.002595707152539941,-0.0482017582880788,-0.02241315429304087,-0.0006919649070294931,0.28455554999179955,0.1274553746658413,0.390119087330215,0.225,0.15,0.38999999999999996,1.5,129.87706741153116,0.010619357908761486,True,False,False
8.49,0.06360692093321518,0.07858402187364649,0.04926856392702392,0.002598693911890521,-0.0482017582880788,-0.02241315429304087,-0.0006919649070294931,0.28457013170503814,0.12770144301475478,0.3901189774115931,0.225,0.15,0.38999999999999996,1.5,129.87706867521922,0.010680800962484645,True,False,False
8.495000000000001,0.06353500234420746,0.07897056330439801,0.04920515108473421,0.0026015742025153584,-0.0482017582880788,-0.02241315429304087,-0.0006919649070294931,0.28458486223870355,0.12794718639506727,0.3901188569697634,0.225,0.15,0.38999999999999996,1.5,129.87706992085552,0.010743166549739428,True,False,False
8.5,0.06346420814706659,0.07935872094679938,0.04914112579145086,0.0026043445928206443,-0.047973282132262304,-0.02234429091398704,-0.0006167366375110532,0.2845997399356405,0.12819260172506478,0.39011872580411316,0.225,0.15,0.38999999999999996,1.5,129.87804953377906,0.01116716641832272,True,False,False
8.505,0.06339453794249862,0.07974846194663872,0.04907644279711567,0.0026070579939067254,-0.047973282132262304,-0.02234429091398704,-0.0006167366375110532,0.28461476314994477,0.12843768581093815,0.3901185846999697,0.225,0.15,0.38999999999999996,1.5,129.87805072674058,0.011220323789773796,True,False,False
8.51,0.06332599122584277,0.08013976961102773,0.04901114657591409,0.0026097024552338335,-0.047973282132262304,-0.02234429091398704,-0.0006167366375110532,0.28462993023698546,0.12868243545956254,0.3901184345053124,0.225,0.15,0.38999999999999996,1.5,129.87805190191668,0.011274902351849933,True,False,False
8.515,0.06325856732463425,0.08053261479848138,0.04894523667716461,0.0026122706440802382,-0.047973282132262304,-0.02234429091398704,-0.0006167366375110532,0.28464523952948684,0.12892684759138764,0.39011827509805974,0.225,0.15,0.38999999999999996,1.5,129.87805305922416,0.011330781118013406,True,False,False
8.52,0.06319226545193798,0.0809269645211298,0.048878712669743966,0.002614755218165494,-0.047973282132262304,-0.02234429091398704,-0.0006167366375110532,0.2846606893511614,0.12917091912770512,0.3901181063411173,0.225,0.15,0.38999999999999996,1.5,129.87805419858583,0.011387856613362687,True,False,False
8.525,0.06312708470679197,0.08132278213341798,0.04881157414174024,0.0026171492674169614,-0.047973282132262304,-0.02234429091398704,-0.0006167366375110532,0.28467627801754997,0.12941464699069263,0.39011792808305534,0.225,0.15,0.38999999999999996,1.5,129.8780553199301,0.011446039057605764,True,False,False
8.53,0.06306302407462662,0.08172002769461034,0.0487438207000034,0.002619446553249851,-0.047973282132262304,-0.02234429091398704,-0.0006167366375110532,0.2846920038367961,0.1296580281034576,0.39011774015940637,0.225,0.15,0.38999999999999996,1.5,129.8780564231901,0.011505249541713922,True,False,False
8.535,0.0630000824276683,0.08211865833485095,0.0486754519696599,0.002621641617992937,-0.047973282132262304,-0.02234429091398704,-0.0006167366375110532,0.28470786511036406,0.12990105939007937,0.39011754239429364,0.225,0.15,0.38999999999999996,1.5,129.8780575083035,0.011565417905115304,True,False,False
8.540000000000001,0.06293825852531389,0.08251862876580945,0.048606467593630465,0.002623729813116842,-0.047973282132262304,-0.02234429091398704,-0.0006167366375110532,0.2847238601336878,0.13014373777565186,0.39011733460218745,0.225,0.15,0.38999999999999996,1.5,129.87805857521184,0.011626481112461017,True,False,False
8.545,0.0628775510144842,0.08291989170667029,0.04853686723217236,0.0026257072785396377,-0.047973282132262304,-0.02234429091398704,-0.0006167366375110532,0.2847399871967601,0.1303860601863257,0.3901171165896338,0.225,0.15,0.38999999999999996,1.5,129.87805962386065,0.011688381992665427,True,False,False
8.55,0.06281795842995723,0.08332239827185323,0.0484666505624571,0.0026275708941618796,-0.04775578843407508,-0.02224108679787169,-0.0005377303579115504,0.28475624458466325,0.13062802354935046,0.39011688815687895,0.225,0.15,0.38999999999999996,1.5,129.87908902121163,0.012094542896408031,True,False,False
8.555,0.06275947926338118,0.08372611552923177,0.04839575000232226,0.0026293639344861504,-0.04775578843407508,-0.02224108679787169,-0.0005377303579115504,0.2847726305941689,0.13086962462443924,0.3901166501347479,0.225,0.15,0.38999999999999996,1.5,129.87909001159554,0.012147590436537304,True,False,False
8.56,0.06270211189880098,0.08413102594572251,0.048324232639441966,0.0026310835187775996,-0.04775578843407508,-0.02224108679787169,-0.0005377303579115504,0.2847891435244989,0.1311108601725256,0.3901164034138248,0.225,0.15,0.38999999999999996,1.5,129.87909098404563,0.012201945817213735,True,False,False
8.565,0.06264585453890772,0.08453710011096005,0.04825209815531307,0.0026327226627351004,-0.04775578843407508,-0.02224108679787169,-0.0005377303579115504,0.28480578165483883,0.13135172712457974,0.3901161478695275,0.225,0.15,0.38999999999999996,1.5,129.87909193848955,0.012257492536591563,True,False,False
8.57,0.06259070527157648,0.08494430497498175,0.04817934625246815,0.002634274394632089,-0.04775578843407508,-0.02224108679787169,-0.0005377303579115504,0.2848225432570657,0.13159222241290386,0.39011588336316694,0.225,0.15,0.38999999999999996,1.5,129.87909287486164,0.012314130829435646,True,False,False
8.575000000000001,0.06253666207061091,0.08535260407588521,0.04810597665395596,0.0026357321842600564,-0.04775578843407508,-0.02224108679787169,-0.0005377303579115504,0.2848394265965526,0.13183234297117552,0.3901156097426047,0.225,0.15,0.38999999999999996,1.5,129.87909379310153,0.012371774028417807,True,False,False
8.58,0.06248372279647015,0.08576195785928645,0.04803198910275316,0.002637090173078917,-0.04775578843407508,-0.02224108679787169,-0.0005377303579115504,0.28485642993291366,0.1320720857344895,0.3901153268434826,0.225,0.15,0.38999999999999996,1.5,129.8790946931543,0.012430345872097882,True,False,False
8.585,0.06243188519697646,0.08617232403565434,0.04795738336116588,0.002638343277257602,-0.04775578843407508,-0.02224108679787169,-0.0005377303579115504,0.28487355152068977,0.13231144763940006,0.39011503449078916,0.225,0.15,0.38999999999999996,1.5,129.8790955749691,0.012489778480411492,True,False,False
8.59,0.062381146908001645,0.08658365807094824,0.047882159210254766,0.0026394872115457894,-0.04775578843407508,-0.02224108679787169,-0.0005377303579115504,0.2848907896099735,0.13255042562396155,0.39011473250052453,0.225,0.15,0.38999999999999996,1.5,129.87909643849972,0.012550010806250466,True,False,False
8.595,0.06233150545413198,0.08699591356720583,0.047806316449300036,0.0026405184657137186,-0.04775578843407508,-0.02224108679787169,-0.0005377303579115504,0.2849081424469746,0.13278901662777032,0.3901144206813422,0.225,0.15,0.38999999999999996,1.5,129.87909728370383,0.012610987432350689,True,False,False
8.6,0.062282958249311696,0.08740904268250772,0.047729854895314054,0.002641434254310033,-0.04755146975451158,-0.022103217152730868,-0.0004557443880489938,0.28492560827452623,0.13302721759200528,0.39011409883611403,0.225,0.15,0.38999999999999996,1.5,129.88016594298728,0.012995379416693742,True,False,False
8.605,0.062235502674273906,0.08782301266597635,0.04765268444178989,0.002642266927427637,-0.04755146975451158,-0.022103217152730868,-0.0004557443880489938,0.28494318534740615,0.1332650252343665,0.3901137678323513,0.225,0.15,0.38999999999999996,1.5,129.8801667248021,0.013047946918679299,True,False,False
8.61,0.06218913600306068,0.08823780527639781,0.04757489500376456,0.002643023161174178,-0.04755146975451158,-0.022103217152730868,-0.0004557443880489938,0.28496087192393355,0.13350243627431854,0.3901134285938244,0.225,0.15,0.38999999999999996,1.5,129.8801674886732,0.013101695864713138,True,False,False
8.615,0.06214385532226253,0.08865339104667659,0.04749648640712466,0.002643696430257008,-0.04755146975451158,-0.022103217152730868,-0.0004557443880489938,0.2849786662451501,0.13373944765833926,0.390113080994421,0.225,0.15,0.38999999999999996,1.5,129.88016823454117,0.013156515473488607,True,False,False
8.620000000000001,0.06209965760661555,0.08906973716700763,0.04741745849984201,0.0026442802402359203,-0.04755146975451158,-0.022103217152730868,-0.0004557443880489938,0.28499656654650596,0.13397605633473386,0.390112724894967,0.225,0.15,0.38999999999999996,1.5,129.88016896235297,0.013212310753574858,True,False,False
8.625,0.062056539720044684,0.08948680765493974,0.047337811151308154,0.002644768536095628,-0.04755146975451158,-0.022103217152730868,-0.0004557443880489938,0.2850145710586226,0.13421225925367722,0.3901123601438334,0.225,0.15,0.38999999999999996,1.5,129.88016967206147,0.013268999079900319,True,False,False
8.63,0.06201449841668874,0.08990456366692937,0.04725754425163312,0.0026451559196118326,-0.04755146975451158,-0.022103217152730868,-0.0004557443880489938,0.28503267800799886,0.13444805336725515,0.3901119865781111,0.225,0.15,0.38999999999999996,1.5,129.88017036362484,0.013326507660358061,True,False,False
8.635,0.06197353034190736,0.09032296385795137,0.04717665771095786,0.0026454377447684106,-0.04755146975451158,-0.022103217152730868,-0.0004557443880489938,0.28505088561766073,0.13468343562950474,0.39011160402508666,0.225,0.15,0.38999999999999996,1.5,129.8801710370058,0.013384771630133761,True,False,False
8.64,0.06193363203326757,0.09074196481162175,0.04709515145880808,0.0026456101374793535,-0.04755146975451158,-0.022103217152730868,-0.0004557443880489938,0.2850691921077546,0.13491840299645483,0.3901112123038019,0.225,0.15,0.38999999999999996,1.5,129.88017169217156,0.013443732593829803,True,False,False
8.645,0.0618947999204516,0.09116152015915448,0.047013025378184456,0.0026456578377090515,-0.04755146975451158,-0.022103217152730868,-0.0004557443880489938,0.28508759569500525,0.13515295242617414,0.39011081122179014,0.225,0.15,0.38999999999999996,1.5,129.88017232909687,0.013503029589131384,True,False,False
8.65,0.06185703031006999,0.09158155857058055,0.046930279137933795,0.002645505091780048,-0.04736287595235962,-0.0219304060659168,-0.000371424838371504,0.2851060945767911,0.13538708087895318,0.39011040049142554,0.225,0.15,0.38999999999999996,1.5,129.88127177463005,0.013859065552141685,True,False,False
8.655,0.06182031945877182,0.09200197720110354,0.046846799655269084,0.0026450674118730613,-0.04736287595235962,-0.0219304060659168,-0.000371424838371504,0.2851246869366244,0.1356207850355358,0.39010998074029946,0.225,0.15,0.38999999999999996,1.5,129.88127234387858,0.013905201919734333,True,False,False
8.66,0.06178466352161283,0.09242266235393165,0.04676270030795904,0.0026443832613138865,-0.04736287595235962,-0.0219304060659168,-0.000371424838371504,0.28514337096397774,0.13585406157915098,0.3901095525527924,0.225,0.15,0.38999999999999996,1.5,129.881272895726,0.013950425092475124,True,False,False
8.665000000000001,0.06175005848896166,0.09284349805211063,0.04667798125792481,0.0026434470760401565,-0.04736287595235962,-0.0219304060659168,-0.000371424838371504,0.2851621448559061,0.1360869074774115,0.39010911546660587,0.225,0.15,0.38999999999999996,1.5,129.88127343024436,0.013994790644273,True,False,False
8.67,0.061716500256597376,0.09326436722190198,0.046592642693882746,0.002642259076665247,-0.04736287595235962,-0.0219304060659168,-0.000371424838371504,0.2851810068169692,0.13631931970025762,0.3901086690146052,0.225,0.15,0.38999999999999996,1.5,129.8812739475035,0.014038348572594098,True,False,False
8.675,0.06168398462730492,0.09368515418112996,0.04650668482657276,0.0026408237093690054,-0.04736287595235962,-0.0219304060659168,-0.000371424838371504,0.2851999550601624,0.136551295219982,0.39010821273465457,0.225,0.15,0.38999999999999996,1.5,129.8812744475715,0.01408114462049361,True,False,False
8.68,0.06165250731213216,0.09410574643192271,0.04642010788527783,0.0026391484438732923,-0.04736287595235962,-0.0219304060659168,-0.000371424838371504,0.2852189878074763,0.13678283101125877,0.39010774617668476,0.225,0.15,0.38999999999999996,1.5,129.88127493051502,0.01412322118071193,True,False,False
8.685,0.061622063931420765,0.09452603591842762,0.04633291211525349,0.0026372428566441785,-0.04736287595235962,-0.0219304060659168,-0.000371424838371504,0.2852381032902011,0.1370139240511758,0.39010726890761505,0.225,0.15,0.38999999999999996,1.5,129.88127539639837,0.014164617917851159,True,False,False
8.69,0.061592650015667536,0.09494591985841318,0.046245097775803046,0.0026351179373615722,-0.04736287595235962,-0.0219304060659168,-0.000371424838371504,0.28525729974903447,0.1372445713192694,0.3901067805146864,0.225,0.15,0.38999999999999996,1.5,129.88127584528527,0.01420537219968273,True,False,False
8.695,0.061564261006280416,0.0953653013226572,0.04615666513881585,0.002632785567615054,-0.04736287595235962,-0.0219304060659168,-0.000371424838371504,0.28527657543405865,0.13747476979756051,0.3901062806076103,0.225,0.15,0.38999999999999996,1.5,129.88127627723793,0.014245519398869687,True,False,False
8.700000000000001,0.06153689225625847,0.09578408951304186,0.04606761448764082,0.002630258131038347,-0.04724321281396774,-0.021722430987537625,-0.0002721220902351036,0.285295928604618,0.13770451647059284,0.39010576881984166,0.225,0.15,0.38999999999999996,1.5,129.88257778138205,0.01447448293406151,True,False,False
8.705,0.06151053909795584,0.09620219891531753,0.04597780965665862,0.0026274917877241208,-0.04724321281396774,-0.021722430987537625,-0.0002721220902351036,0.28531535752754694,0.13793380798603563,0.3901052460331025,0.225,0.15,0.38999999999999996,1.5,129.88257814558816,0.01450671913922782,True,False,False
8.71,0.06148519677302249,0.09661955034835616,0.045887387537723506,0.0026245559229868738,-0.04724321281396774,-0.021722430987537625,-0.0002721220902351036,0.285334860480052,0.13816264099448472,0.39010471315341916,0.225,0.15,0.38999999999999996,1.5,129.88257849348633,0.014538622885242705,True,False,False
8.715,0.06146086036760086,0.09703607237684723,0.04579634845872372,0.0026214639947754145,-0.04724321281396774,-0.021722430987537625,-0.0002721220902351036,0.28535443575023517,0.138391012488994,0.3901041698889897,0.225,0.15,0.38999999999999996,1.5,129.88257882512542,0.014570220018453772,True,False,False
8.72,0.06143752488177944,0.09745170018969694,0.04570469275562096,0.0026182288435417445,-0.04724321281396774,-0.021722430987537625,-0.0002721220902351036,0.28537408163437333,0.13861891946538896,0.3901036159736274,0.225,0.15,0.38999999999999996,1.5,129.88257914055302,0.01460153521584332,True,False,False
8.725,0.06141518523012557,0.09786637525227676,0.04561242077234218,0.002614862691582948,-0.04724321281396774,-0.021722430987537625,-0.0002721220902351036,0.2853937964365376,0.13884635892230804,0.39010305116550975,0.225,0.15,0.38999999999999996,1.5,129.88257943981623,0.014632591971711392,True,False,False
8.73,0.06139383624224554,0.09828004501988859,0.04551953286066357,0.0026113771466418235,-0.04724321281396774,-0.021722430987537625,-0.0002721220902351036,0.28541357846821985,0.139073327861244,0.39010247524598196,0.225,0.15,0.38999999999999996,1.5,129.88257972296157,0.01466341259771274,True,False,False
8.735,0.06137347266337233,0.09869266262946888,0.04542602938009888,0.0026077832078590956,-0.04724321281396774,-0.021722430987537625,-0.0002721220902351036,0.2854334260479671,0.13929982328658488,0.3901018880183801,0.225,0.15,0.38999999999999996,1.5,129.88257999003483,0.014694018232108008,True,False,False
8.74,0.06135408915498264,0.09910418659595735,0.04533191069779925,0.00260409127316286,-0.04724321281396774,-0.021722430987537625,-0.0002721220902351036,0.2854533375010268,0.13952584220565586,0.39010128930686155,0.225,0.15,0.38999999999999996,1.5,129.88258024108143,0.014724428855430611,True,False,False
8.745000000000001,0.06133568029543815,0.0995145805058953,0.04523717718846908,0.002600311147700492,-0.04724321281396774,-0.021722430987537625,-0.0002721220902351036,0.2854733111589967,0.1397513816287596,0.3901006789552868,0.225,0.15,0.38999999999999996,1.5,129.88258047614607,0.014754663310689219,True,False,False
8.75,0.06131824058065719,0.09992381277764191,0.04514182923430053,0.002596452053171606,-0.04723690637266126,-0.021479116975826336,-0.00016069946389610901,0.28549334535948767,0.13997643856921804,0.39010005682609,0.225,0.15,0.38999999999999996,1.5,129.8840493409197,0.014795522362608228,True,False,False
8.755,0.06130176448729625,0.10033185760514281,0.04504570726061842,0.0025924658684175405,-0.04723690637266126,-0.021479116975826336,-0.00016069946389610901,0.28551343844247773,0.14020100964615037,0.39009942418999777,0.225,0.15,0.38999999999999996,1.5,129.88404950896714,0.01482507069793409,True,False,False
8.76,0.06128624640503813,0.10073869335065079,0.04494897173906978,0.0025884171989233717,-0.04723690637266126,-0.021479116975826336,-0.00016069946389610901,0.28553358875322743,0.1404250914821745,0.39009878233374257,0.225,0.15,0.38999999999999996,1.5,129.88404966121033,0.014854502665509813,True,False,False
8.765,0.06127168057780606,0.10114430104915102,0.044851623094463555,0.002584313639995175,-0.04723690637266126,-0.021479116975826336,-0.00016069946389610901,0.28555379464531855,0.14064868110077247,0.390098131168536,0.225,0.15,0.38999999999999996,1.5,129.8840497976941,0.014883832653741925,True,False,False
8.77,0.06125806117003473,0.10154866547592654,0.04475366175905769,0.002580162231496295,-0.04723690637266126,-0.021479116975826336,-0.00016069946389610901,0.28557405447707646,0.14087177552871746,0.39009747062003786,0.225,0.15,0.38999999999999996,1.5,129.88404991846332,0.014913074057407175,True,False,False
8.775,0.061245382267472406,0.10195177488799471,0.044655088172592346,0.002575969476457016,-0.04723690637266126,-0.021479116975826336,-0.00016069946389610901,0.2855943666112743,0.14109437179611367,0.39009680062734536,0.225,0.15,0.38999999999999996,1.5,129.88405002356248,0.014942239305387722,True,False,False
8.78,0.061233637878013475,0.10235362073668922,0.044555902782337585,0.002571741359109954,-0.04723690637266126,-0.021479116975826336,-0.00016069946389610901,0.28561472941485233,0.1413164669364371,0.390096121141967,0.225,0.15,0.38999999999999996,1.5,129.8840501130362,0.01497133988979414,True,False,False
8.785,0.06122282193255504,0.10275419746207809,0.04445610604315564,0.0025674833626065296,-0.04723690637266126,-0.021479116975826336,-0.00016069946389610901,0.285635141258646,0.14153805798657582,0.39009543212686526,0.225,0.15,0.38999999999999996,1.5,129.8840501869291,0.015000386396044604,True,False,False
8.790000000000001,0.06121292828588137,0.10315350221500715,0.04435569841757689,0.0025632004865858778,-0.04723690637266126,-0.021479116975826336,-0.00016069946389610901,0.2856556005171274,0.14175914198687006,0.390094733555519,0.225,0.15,0.38999999999999996,1.5,129.88405024528572,0.015029388533578315,True,False,False
8.795,0.06120395071757539,0.10355153464241547,0.04425468037588983,0.002558897264701129,-0.04723690637266126,-0.021479116975826336,-0.00016069946389610901,0.28567610556816003,0.14197971598115242,0.3900940254110046,0.225,0.15,0.38999999999999996,1.5,129.88405028815072,0.015058355166960264,True,False,False
8.8,0.0611958829329553,0.10394829664650831,0.04415305239624335,0.002554577782157788,-0.047332117278767245,-0.02120033761393282,-5.408413591726814e-05,0.2856966547927646,0.14219977701678777,0.3900933076851154,0.225,0.15,0.38999999999999996,1.5,129.88546150756176,0.014938011083167167,True,False,False
8.805,0.061188718618041774,0.10434379532493071,0.04405063191064999,0.002550186492745355,-0.047332117278767245,-0.02120033761393282,-5.408413591726814e-05,0.28571724657049735,0.14241932168996385,0.3900925817210237,0.225,0.15,0.38999999999999996,1.5,129.88546148283092,0.01497228875272316,True,False,False
8.81,0.06118245137842897,0.10473803944911955,0.04394760257727036,0.0025457851203694835,-0.047332117278767245,-0.02120033761393282,-5.408413591726814e-05,0.2857378792821369,0.14263834660094865,0.3900918488684005,0.225,0.15,0.38999999999999996,1.5,129.88546144240485,0.015006411401500715,True,False,False
8.815,0.061177074690349185,0.10513103584576466,0.04384396492460916,0.002541375725250983,-0.047332117278767245,-0.02120033761393282,-5.408413591726814e-05,0.28575855131465316,0.14285684880894847,0.39009110913785516,0.225,0.15,0.38999999999999996,1.5,129.88546138634175,0.015040387362909522,True,False,False
8.82,0.06117258195986322,0.1055227924008458,0.04373971949023844,0.002536960251284634,-0.047332117278767245,-0.02120033761393282,-5.408413591726814e-05,0.285779261057433,0.14307482537698749,0.3900903625440936,0.225,0.15,0.38999999999999996,1.5,129.8854613147001,0.015074224122629883,True,False,False
8.825000000000001,0.06116896652397832,0.10591331802714107,0.04363486682072778,0.0025325404778818086,-0.047332117278767245,-0.02120033761393282,-5.408413591726814e-05,0.2858000069021629,0.14329227337194586,0.39008960910566826,0.225,0.15,0.38999999999999996,1.5,129.88546122753857,0.01510792840329885,True,False,False
8.83,0.06116622165177636,0.10630262256062795,0.043529407471646145,0.0025281179869173116,-0.047332117278767245,-0.02120033761393282,-5.408413591726814e-05,0.28582078724271176,0.14350918986459807,0.390088848844617,0.225,0.15,0.38999999999999996,1.5,129.88546112491608,0.015141506230929986,True,False,False
8.835,0.061164340545553586,0.10669071662856999,0.0434233420076135,0.0025236941416776405,-0.047332117278767245,-0.02120033761393282,-5.408413591726814e-05,0.28584160047501583,0.14372557192965194,0.39008808178604104,0.225,0.15,0.38999999999999996,1.5,129.88546100689183,0.015174962988774663,True,False,False
8.84,0.061163316341972196,0.10707761155464876,0.0433166710023878,0.0025192700750952634,-0.047332117278767245,-0.02120033761393282,-5.408413591726814e-05,0.28586244499696617,0.1439414166457859,0.39008730795766483,0.225,0.15,0.38999999999999996,1.5,129.88546087352566,0.015208303462480591,True,False,False
8.845,0.06116314211322983,0.10746331924930341,0.04320939503897708,0.0025148466850175785,-0.047332117278767245,-0.02120033761393282,-5.408413591726814e-05,0.2858833192083059,0.14415672109568853,0.39008652738934857,0.225,0.15,0.38999999999999996,1.5,129.88546072487753,0.01524153187914023,True,False,False
8.85,0.061163810868241755,0.10784785205182817,0.04310151470976946,0.002510424634707562,-0.04749551067216265,-0.020886021831889055,3.8993206351352534e-05,0.2859042215105322,0.14437148236609623,0.39008574011261954,0.225,0.15,0.38999999999999996,1.5,129.88669620630088,0.015017788384508284,True,False,False
8.855,0.061165315596002856,0.10823122688963209,0.042992824848435654,0.0025059397141209898,-0.04749551067216265,-0.020886021831889055,3.8993206351352534e-05,0.28592515030198984,0.14458569703584495,0.3900849473420455,0.225,0.15,0.38999999999999996,1.5,129.88669598803904,0.015060022797937365,True,False,False
8.86,0.06116764921492936,0.10861346072915623,0.04288353195791852,0.0025014558097690145,-0.04749551067216265,-0.020886021831889055,3.8993206351352534e-05,0.2859461039801658,0.1447993616884296,0.3900841502923042,0.225,0.15,0.38999999999999996,1.5,129.88669575409025,0.015101911867174798,True,False,False
8.865,0.06117080453682192,0.10899456561465616,0.04277363669064222,0.002496971580301436,-0.04749551067216265,-0.020886021831889055,3.8993206351352534e-05,0.2859670809476892,0.14501247342410423,0.3900833489935249,0.225,0.15,0.38999999999999996,1.5,129.88669550453713,0.015143462248441287,True,False,False
8.870000000000001,0.06117477431526057,0.10937455296411293,0.042663139710131144,0.0024924859227142063,-0.04749551067216265,-0.020886021831889055,3.8993206351352534e-05,0.28598807960876893,0.1452250293474675,0.39008254347328253,0.225,0.15,0.38999999999999996,1.5,129.886695239462,0.015184679916779725,True,False,False
8.875,0.06117955124697048,0.10975343366097343,0.042552041690809644,0.0024879978723579828,-0.04749551067216265,-0.020886021831889055,3.8993206351352534e-05,0.2860090983692428,0.14543702656749863,0.390081733756964,0.225,0.15,0.38999999999999996,1.5,129.88669495894794,0.015225570282883549,True,False,False
8.88,0.06118512797317255,0.11013121809094625,0.04244034331805648,0.002483506530211929,-0.04749551067216265,-0.020886021831889055,3.8993206351352534e-05,0.2860301356366074,0.14564846219759364,0.39008091986798465,0.225,0.15,0.38999999999999996,1.5,129.88669466307812,0.015266138277718548,True,False,False
8.885,0.06119149708096772,0.11050791618784858,0.042328045289146986,0.0024790110156946306,-0.04749551067216265,-0.020886021831889055,3.8993206351352534e-05,0.2860511898200782,0.14585933335560147,0.3900801018278545,0.225,0.15,0.38999999999999996,1.5,129.88669435193614,0.015306388411267129,True,False,False
8.89,0.06119865110469084,0.1108835373896915,0.04221514831124692,0.0024745104180154765,-0.04749551067216265,-0.020886021831889055,3.8993206351352534e-05,0.28607225933061664,0.14606963716386057,0.3900792796561615,0.225,0.15,0.38999999999999996,1.5,129.8866940256061,0.015346324831066564,True,False,False
8.895,0.06120658252721694,0.11125809065126707,0.04210165310214374,0.0024700037759716304,-0.04749551067216265,-0.020886021831889055,3.8993206351352534e-05,0.28609334258090674,0.1462793707492352,0.3900784533704749,0.225,0.15,0.38999999999999996,1.5,129.88669368417234,0.01538595135807039,True,False,False
8.9,0.06121528378131008,0.111631584378046,0.041987560390625754,0.002465490064550563,-0.04768877004546114,-0.02053615489263537,0.00011696210655247861,0.2861144379853731,0.14648853124315192,0.3900776229862157,0.225,0.15,0.38999999999999996,1.5,129.88772973381168,0.01512121769124276,True,False,False
8.905,0.061224747278205136,0.11200403103736564,0.04187264264589213,0.002460895302161787,-0.04768877004546114,-0.02053615489263537,0.00011696210655247861,0.28613554395547436,0.14669711521253337,0.39007678951147107,0.225,0.15,0.38999999999999996,1.5,129.88772931984775,0.015171147707880153,True,False,False
8.91,0.06123496537105949,0.11237544231798861,0.04175712903534607,0.002456290176955067,-0.04768877004546114,-0.02053615489263537,0.00011696210655247861,0.28615665890161707,0.14690511922953306,0.3900759539512597,0.225,0.15,0.38999999999999996,1.5,129.88772889035968,0.015220490128302224,True,False,False
8.915000000000001,0.06124593033450445,0.11274582373586131,0.04164102035650505,0.00245167187007848,-0.04768877004546114,-0.02053615489263537,0.00011696210655247861,0.2861777812393743,0.14711254044075642,0.390075116309581,0.225,0.15,0.38999999999999996,1.5,129.88772844545727,0.015269252865357411,True,False,False
8.92,0.06125763439873337,0.11311517940473882,0.041524317419626734,0.0024470380061650332,-0.04768877004546114,-0.02053615489263537,0.00011696210655247861,0.28619890938632814,0.1473193759976773,0.39007427658481364,0.225,0.15,0.38999999999999996,1.5,129.8877279852501,0.015317443300655226,True,False,False
8.925,0.06127006975099517,0.1134835122103856,0.041407021047404666,0.002442386528082781,-0.04768877004546114,-0.02053615489263537,0.00011696210655247861,0.2862200417622254,0.14752562305667186,0.3900734347705187,0.225,0.15,0.38999999999999996,1.5,129.8877275098483,0.015365068409344625,True,False,False
8.93,0.06128322853706606,0.11385082397160945,0.04128913207479455,0.0024377156030519504,-0.04768877004546114,-0.02053615489263537,0.00011696210655247861,0.28624117678911404,0.14773127877905254,0.39007259085597495,0.225,0.15,0.38999999999999996,1.5,129.88772701936188,0.015412134847659624,True,False,False
8.935,0.061297102862698113,0.11421711551506598,0.04117065134892669,0.0024330235535662366,-0.04768877004546114,-0.02053615489263537,0.00011696210655247861,0.2862623128914589,0.14793634033110215,0.3900717448266034,0.225,0.15,0.38999999999999996,1.5,129.88772651390113,0.01545864901502398,True,False,False
8.94,0.06131168479505829,0.11458238675803163,0.04105157972907519,0.0024283088074846604,-0.04768877004546114,-0.02053615489263537,0.00011696210655247861,0.28628344849625087,0.14814080488410844,0.39007089666419503,0.225,0.15,0.38999999999999996,1.5,129.88772599357665,0.015504617098721342,True,False,False
8.945,0.061326966364155376,0.11494663675142229,0.040931918086664285,0.0024235698626840028,-0.04768877004546114,-0.02053615489263537,0.00011696210655247861,0.2863045820331075,0.14834466961439832,0.39007004634711206,0.225,0.15,0.38999999999999996,1.5,129.88772545849918,0.01555004510653761,True,False,False
8.950000000000001,0.061342939564261116,0.1153098637092349,0.040811667305298574,0.0024188052626167044,-0.047879236979553735,-0.02015077854276197,0.0001823535578565923,0.2863257119343721,0.14854793170337252,0.3900691938503861,0.225,0.15,0.38999999999999996,1.5,129.88859307638768,0.015295194624121138,True,False,False
8.955,0.0613595963646694,0.11567206942645063,0.040690577572986025,0.002413930329564238,-0.047879236979553735,-0.02015077854276197,0.0001823535578565923,0.28634683663087435,0.14875058771137162,0.39006833998089974,0.225,0.15,0.38999999999999996,1.5,129.8885924655676,0.01535031811417036,True,False,False
8.96,0.06137692869065464,0.11603325474402242,0.040568900680493444,0.002409025953108859,-0.047879236979553735,-0.02015077854276197,0.0001823535578565923,0.2863679545535766,0.14895263420453234,0.39006748554175463,0.225,0.15,0.38999999999999996,1.5,129.88859183969325,0.015404635312336408,True,False,False
8.965,0.061394928421175554,0.11639341443782304,0.04044663758655759,0.002404089198461545,-0.047879236979553735,-0.02015077854276197,0.0001823535578565923,0.2863890641394263,0.1491540683810789,0.3900666304944235,0.225,0.15,0.38999999999999996,1.5,129.8885911988991,0.015458156762024975,True,False,False
8.97,0.06141358740532211,0.1167525417604055,0.04032378926354196,0.0023991176449210663,-0.047879236979553735,-0.02015077854276197,0.0001823535578565923,0.2864101638286241,0.14935488744462425,0.3900657747944349,0.225,0.15,0.38999999999999996,1.5,129.88859054331962,0.015510892589599722,True,False,False
8.975,0.06143289746382615,0.11711062871280498,0.04020035669707195,0.002394109258785696,-0.047879236979553735,-0.02015077854276197,0.0001823535578565923,0.2864312520648343,0.14955508860420172,0.39006491839232016,0.225,0.15,0.38999999999999996,1.5,129.88858987308922,0.015562852619210091,True,False,False
8.98,0.06145285039053895,0.11746766619637912,0.04007634088579957,0.0023890622971587364,-0.047879236979553735,-0.02015077854276197,0.0001823535578565923,0.2864523272953687,0.149754669074297,0.3900640612343233,0.225,0.15,0.38999999999999996,1.5,129.8885891883422,0.015614046451034015,True,False,False
8.985,0.06147343795388009,0.11782364417718996,0.0399517428412531,0.002383975236190493,-0.047879236979553735,-0.02015077854276197,0.0001823535578565923,0.2864733879713504,0.14995362607488028,0.39006320326293514,0.225,0.15,0.38999999999999996,1.5,129.88858848921282,0.01566448351459657,True,False,False
8.99,0.061494651898264585,0.11817855175166511,0.039826563587742475,0.002378846718221025,-0.047879236979553735,-0.02015077854276197,0.0001823535578565923,0.2864944325478636,0.1501519568314387,0.39006234441729715,0.225,0.15,0.38999999999999996,1.5,129.88858777583525,0.015714173105085785,True,False,False
8.995000000000001,0.06151648394551241,0.11853237726321973,0.03970080416230099,0.002373675513297094,-0.047879236979553735,-0.02015077854276197,0.0001823535578565923,0.28651545948409435,0.1503496585750094,0.3900614846334912,0.225,0.15,0.38999999999999996,1.5,129.88858704834365,0.015763124408015496,True,False,False
9.0,0.06153892579624225,0.11888510833390072,0.0395744656146499,0.0023684604914758884,-0.048044869117215984,-0.01972999105766607,0.00023917641334760605,0.28653646724346454,0.1505467285422112,0.390060623844784,0.225,0.15,0.38999999999999996,1.5,129.8893375732997,0.015550687481270246,True,False,False
9.005,0.061561969119898814,0.11923673575284847,0.039447275853448024,0.002363105638605565,-0.048044869117215984,-0.01972999105766607,0.00023917641334760605,0.2865574542899546,0.15074316329209922,0.3900597627041004,0.225,0.15,0.38999999999999996,1.5,129.889336767022,0.015607544846824797,True,False,False
9.01,0.06158560555634219,0.11958724953989042,0.039319509316318654,0.002357704121128772,-0.048044869117215984,-0.01972999105766607,0.00023917641334760605,0.2865784190896118,0.15093895939008395,0.39005890186138137,0.225,0.15,0.38999999999999996,1.5,129.889335946522,0.015663444536966834,True,False,False
9.015,0.061609826734238635,0.1199366345678496,0.03919116713189089,0.002352253683707622,-0.048044869117215984,-0.01972999105766607,0.00023917641334760605,0.28659936011571496,0.15113411409123967,0.39005804123898025,0.225,0.15,0.38999999999999996,1.5,129.88933511195404,0.01571839981850573,True,False,False
9.02,0.06163462426674441,0.12028487450242328,0.03906225044248055,0.0023467525574501257,-0.048044869117215984,-0.01972999105766607,0.00023917641334760605,0.2866202758463972,0.15132862465654565,0.39005718075458756,0.225,0.15,0.38999999999999996,1.5,129.8893342634718,0.015772423616992586,True,False,False
9.025,0.061659989752936836,0.12063195206587006,0.03893276040371081,0.002341199346913418,-0.048044869117215984,-0.01972999105766607,0.00023917641334760605,0.2866411647648617,0.15152248835291632,0.3900563203221339,0.225,0.15,0.38999999999999996,1.5,129.88933340122884,0.01582552861134296,True,False,False
9.03,0.06168591477920803,0.12097784919656025,0.03880269818424783,0.002335592943975159,-0.048044869117215984,-0.01972999105766607,0.00023917641334760605,0.28666202535957164,0.15171570245323132,0.3900554598524795,0.225,0.15,0.38999999999999996,1.5,129.88933252537856,0.015877727296767067,True,False,False
9.035,0.06171239092062552,0.12132254718762034,0.03867206496561154,0.0023299324629647246,-0.048044869117215984,-0.01972999105766607,0.00023917641334760605,0.286682856124419,0.15190826423636616,0.39005459925396024,0.225,0.15,0.38999999999999996,1.5,129.88933163607368,0.015929032026177663,True,False,False
9.040000000000001,0.06173940974226837,0.12166602681709568,0.03854086194203595,0.0023242171922502435,-0.048044869117215984,-0.01972999105766607,0.00023917641334760605,0.28670365555888055,0.15210017098722295,0.39005373843278385,0.225,0.15,0.38999999999999996,1.5,129.88933073346695,0.01597945503698284,True,False,False
9.045,0.0617669628005392,0.12200826839215555,0.03840909032036159,0.002318446558355081,-0.048044869117215984,-0.01972999105766607,0.00023917641334760605,0.28672442216816196,0.15229141999676096,0.39005287729336724,0.225,0.15,0.38999999999999996,1.5,129.8893298177107,0.01602900846792965,True,False,False
9.05,0.06179504164445643,0.12234925182819777,0.03827675131994876,0.002312620099493066,-0.04817484356551043,-0.019273947400428766,0.00029116180736409004,0.28674515446333476,0.15248200856202723,0.3900520157385783,0.225,0.15,0.38999999999999996,1.5,129.89001174319765,0.01587321843593199,True,False,False
9.055,0.06182363778221513,0.1226889598160033,0.03814355056331964,0.0023066301078508156,-0.04817484356551043,-0.019273947400428766,0.00029116180736409004,0.2867658509581942,0.15267193324612613,0.3900511543246225,0.225,0.15,0.38999999999999996,1.5,129.89001074612702,0.01592840822803154,True,False,False
9.06,0.061852742706245724,0.12302737463238841,0.03800978514898503,0.0023005829699231537,-0.04817484356551043,-0.019273947400428766,0.00029116180736409004,0.28678651017074475,0.1528611906190738,0.3900502936060957,0.225,0.15,0.38999999999999996,1.5,129.89000973601796,0.015982571000211106,True,False,False
9.065,0.06188234793476164,0.12336447461357983,0.03787545637667613,0.0022944774284175793,-0.04817484356551043,-0.019273947400428766,0.00029116180736409004,0.28680713062756547,0.15304977799799477,0.3900494334795891,0.225,0.15,0.38999999999999996,1.5,129.89000871303836,0.016035722011466868,True,False,False
9.07,0.06191244498382854,0.12370023740951994,0.03774056555917207,0.002288312625306236,-0.04817484356551043,-0.019273947400428766,0.00029116180736409004,0.28682771086168796,0.1532376927064321,0.39004857383891156,0.225,0.15,0.38999999999999996,1.5,129.89000767735553,0.016087876223944014,True,False,False
9.075000000000001,0.061943025368648125,0.124034640128908,0.03760511402194636,0.0022820880113213994,-0.04817484356551043,-0.019273947400428766,0.00029116180736409004,0.2868482494127857,0.1534249320743764,0.3900477145758395,0.225,0.15,0.38999999999999996,1.5,129.890006629136,0.016139048373897864,True,False,False
9.08,0.06197408060480696,0.12436765952864769,0.03746910310290572,0.0022758032765764226,-0.04817484356551043,-0.019273947400428766,0.00029116180736409004,0.2868687448273426,0.15361149343829383,0.3900468555806825,0.225,0.15,0.38999999999999996,1.5,129.89000556854586,0.01618925301790033,True,False,False
9.085,0.06200560220949007,0.12469927210953516,0.037332534152189865,0.0022694582979091737,-0.04817484356551043,-0.019273947400428766,0.00029116180736409004,0.2868891956588003,0.15379737414115524,0.39004599674274243,0.225,0.15,0.38999999999999996,1.5,129.89000449575138,0.016238504562294982,True,False,False
9.09,0.06203758170267118,0.1250294541957535,0.03719540853201146,0.0022630530991800853,-0.04817484356551043,-0.019273947400428766,0.00029116180736409004,0.28690960046769654,0.15398257153246517,0.3900451379506559,0.225,0.15,0.38999999999999996,1.5,129.8900034109174,0.01628681728133341,True,False,False
9.095,0.06207001060827584,0.12535818202175067,0.03705772761652244,0.002256587821447548,-0.04817484356551043,-0.019273947400428766,0.00029116180736409004,0.286929957821791,0.15416708296829076,0.39004427909266354,0.225,0.15,0.38999999999999996,1.5,129.89000231420857,0.01633420532766346,True,False,False
9.1,0.062102880455323285,0.12568543177708796,0.03691949279169789,0.002250062700583849,-0.048267449690712984,-0.018782859568270298,0.00034089269935394864,0.28695026629618403,0.15435090581129088,0.3900434200568333,0.225,0.15,0.38999999999999996,1.5,129.89064961932397,0.016548557098800976,True,False,False
9.105,0.0621361827185449,0.12601118201934466,0.03678038742910566,0.0022433581824673554,-0.048267449690712984,-0.018782859568270298,0.00034089269935394864,0.28697052447063026,0.15453403663404608,0.3900425613503375,0.225,0.15,0.38999999999999996,1.5,129.89064843954975,0.016628111441753385,True,False,False
9.11,0.06216990886941392,0.1263354112522264,0.03664073124488921,0.0022365939942988896,-0.048267449690712984,-0.018782859568270298,0.00034089269935394864,0.2869907309310641,0.15471647201660235,0.39004170348010503,0.225,0.15,0.38999999999999996,1.5,129.8906472482264,0.016707313219699205,True,False,False
9.115,0.062204050443188795,0.12665809525908317,0.03650052570525183,0.002229769844985677,-0.048267449690712984,-0.018782859568270298,0.00034089269935394864,0.28701088427320637,0.15489820934331155,0.39004084633251146,0.225,0.15,0.38999999999999996,1.5,129.8906460455298,0.016786161725676704,True,False,False
9.120000000000001,0.06223859898483613,0.12697920958018677,0.036359772288348004,0.0022228857310419054,-0.048267449690712984,-0.018782859568270298,0.00034089269935394864,0.2870309831006068,0.15507924600545553,0.3900399897929597,0.225,0.15,0.38999999999999996,1.5,129.89064483163452,0.016864656258899824,True,False,False
9.125,0.06227354605013329,0.1272987296473827,0.03621847248398353,0.002215941870918251,-0.048267449690712984,-0.018782859568270298,0.00034089269935394864,0.28705102602479404,0.15525957940127322,0.39003913374639865,0.225,0.15,0.38999999999999996,1.5,129.8906436067153,0.01694279612476057,True,False,False
9.13,0.06230888320673542,0.12761663087951072,0.036076627793383116,0.002208938654427228,-0.048267449690712984,-0.018782859568270298,0.00034089269935394864,0.28707101166540516,0.1554392069359875,0.3900382780777636,0.225,0.15,0.38999999999999996,1.5,129.89064237094544,0.017020580634831195,True,False,False
9.135,0.06234460203521718,0.12793288877919107,0.03593423972900344,0.0022018766041241975,-0.048267449690712984,-0.018782859568270298,0.00034089269935394864,0.28709093865030555,0.15561812602183317,0.3900374226722772,0.225,0.15,0.38999999999999996,1.5,129.89064112449796,0.01709800910686642,True,False,False
9.14,0.06238069413008601,0.12824747897982444,0.035791309814375824,0.0021947563459603346,-0.048267449690712984,-0.018782859568270298,0.00034089269935394864,0.28711080561569546,0.15579633407808324,0.390036567415705,0.225,0.15,0.38999999999999996,1.5,129.89063986754505,0.017175080864805462,True,False,False
9.145,0.06241715110077287,0.12856037731455514,0.03564783958396927,0.0021875785870176497,-0.048267449690712984,-0.018782859568270298,0.00034089269935394864,0.2871306112062095,0.15597382853107714,0.39003571219454874,0.225,0.15,0.38999999999999996,1.5,129.89063860025806,0.017251795238773987,True,False,False
9.15,0.062453964572601176,0.1288715598248237,0.03550383058306691,0.0021803440985932003,-0.0483268666332902,-0.018256997100014685,0.00038962018909236755,0.28715035407500944,0.15615060681424756,0.3900348568961907,0.225,0.15,0.38999999999999996,1.5,129.8912680859765,0.017890705374581352,True,False,False
9.155,0.06249112609930418,0.12918100454906417,0.035358944034227444,0.0021729214393964597,-0.0483268666332902,-0.018256997100014685,0.00038962018909236755,0.2871700328814564,0.15632666551519533,0.3900340020087861,0.225,0.15,0.38999999999999996,1.5,129.89126673482096,0.01796594726445232,True,False,False
9.16,0.06252862724217816,0.129488689719739,0.03521352215125804,0.0021654433260510767,-0.0483268666332902,-0.018256997100014685,0.00038962018909236755,0.2871896462926991,0.15650200122953914,0.39003314802124317,0.225,0.15,0.38999999999999996,1.5,129.89126537384865,0.018040822458081397,True,False,False
9.165000000000001,0.06256645966472436,0.1297945918711081,0.03506756655873929,0.0021579101996799404,-0.0483268666332902,-0.018256997100014685,0.00038962018909236755,0.2872091929866339,0.1566766114140145,0.3900322948227171,0.225,0.15,0.38999999999999996,1.5,129.89126400323823,0.01811533033154342,True,False,False
9.17,0.06260461505025991,0.13009868763223348,0.03492107889190847,0.0021503226803548524,-0.0483268666332902,-0.018256997100014685,0.00038962018909236755,0.28722867165005167,0.15685049353279631,0.3900314423027429,0.225,0.15,0.38999999999999996,1.5,129.89126262316742,0.018189470267186234,True,False,False
9.175,0.06264308510282944,0.13040095380649971,0.03477406079642585,0.002142681524381495,-0.0483268666332902,-0.018256997100014685,0.00038962018909236755,0.287248080978747,0.15702364505752403,0.39003059035155635,0.225,0.15,0.38999999999999996,1.5,129.8912612338131,0.0182632416536318,True,False,False
9.18,0.06268186154808562,0.13070136744722677,0.034626513928186074,0.0021349875912944705,-0.0483268666332902,-0.018256997100014685,0.00038962018909236755,0.2872674196776111,0.1571960634673278,0.3900297388603611,0.225,0.15,0.38999999999999996,1.5,129.89125983535146,0.018336643885776948,True,False,False
9.185,0.0627209361341465,0.1309999059016414,0.03447843995315962,0.0021272418185487468,-0.0483268666332902,-0.018256997100014685,0.00038962018909236755,0.28728668646071753,0.15736774624885363,0.3900288877215277,0.225,0.15,0.38999999999999996,1.5,129.8912584279576,0.01840967636479432,True,False,False
9.19,0.06276030063243046,0.13129654684871322,0.034329840547254846,0.0021194452021889806,-0.0483268666332902,-0.018256997100014685,0.00038962018909236755,0.2873058800514004,0.15753869089628914,0.39002803682872844,0.225,0.15,0.38999999999999996,1.5,129.891257011806,0.018482338498133036,True,False,False
9.195,0.06279994683846941,0.1315912683226589,0.034180717396193785,0.002111598782095664,-0.0483268666332902,-0.018256997100014685,0.00038962018909236755,0.2873249991823262,0.15770889491138915,0.39002718607704984,0.225,0.15,0.38999999999999996,1.5,129.89125558707025,0.01855462969951927,True,False,False
9.200000000000001,0.0628398665727022,0.13188404874169435,0.03403107219539785,0.002103703630700032,-0.04835999802995595,-0.01769668766571201,0.00043749785658358555,0.28734404259556084,0.15787835580350135,0.39002633536308107,0.225,0.15,0.38999999999999996,1.5,129.89186974621828,0.0192259397115311,True,False,False
9.205,0.062880051563102,0.13217486812766543,0.0338805441921865,0.0020956164186600903,-0.04835999802995595,-0.01769668766571201,0.00043749785658358555,0.2873630090405209,0.15804707018090886,0.39002548516823843,0.225,0.15,0.38999999999999996,1.5,129.89186823782046,0.019296682095410606,True,False,False
9.21,0.06292049355423525,0.13246370685274245,0.033729497902101904,0.0020874823462618724,-0.04835999802995595,-0.01769668766571201,0.00043749785658358555,0.2873818972756094,0.15821503466046233,0.39002463597523457,0.225,0.15,0.38999999999999996,1.5,129.8918667215156,0.01936704400588771,True,False,False
9.215,0.06296118443129159,0.1327505443230711,0.03357793509883206,0.002079302290943476,-0.04835999802995595,-0.01769668766571201,0.00043749785658358555,0.2874007060706565,0.158382246776415,0.3900237876844289,0.225,0.15,0.38999999999999996,1.5,129.89186519748128,0.019437024904372397,True,False,False
9.22,0.06300211610761218,0.1330353602354391,0.03342585756543628,0.002071077220425399,-0.04835999802995595,-0.01769668766571201,0.00043749785658358555,0.2874194342051531,0.15854870407096636,0.39002294019735034,0.225,0.15,0.38999999999999996,1.5,129.89186366589428,0.01950662425863678,True,False,False
9.225,0.06304328052541038,0.13331813463396378,0.033273267094177196,0.0020628081687265537,-0.04835999802995595,-0.01769668766571201,0.00043749785658358555,0.28743808046831687,0.15871440409428575,0.3900220934168929,0.225,0.15,0.38999999999999996,1.5,129.89186212692954,0.019575841542814696,True,False,False
9.23,0.0630846696564807,0.13359884792245208,0.03312016548637917,0.0020544962176062493,-0.04835999802995595,-0.01769668766571201,0.00043749785658358555,0.2874566436591609,0.15887934440453638,0.3900212472474055,0.225,0.15,0.38999999999999996,1.5,129.89186058076214,0.01964467623740127,True,False,False
9.235,0.06312627550287873,0.1338774809093246,0.03296655455230436,0.0020461424823135003,-0.04835999802995595,-0.01769668766571201,0.00043749785658358555,0.2874751225865478,0.15904352256789936,0.390020401594814,0.225,0.15,0.38999999999999996,1.5,129.89185902756557,0.019713127829252396,True,False,False
9.24,0.06316809009758774,0.1341540148085708,0.03281243611104119,0.0020377481006900048,-0.04835999802995595,-0.01769668766571201,0.00043749785658358555,0.2874935160692451,0.15920693615859735,0.39001955636667296,0.225,0.15,0.38999999999999996,1.5,129.89185746751258,0.019781195811584017,True,False,False
9.245000000000001,0.06321010550516451,0.13442843125431564,0.032657811990401506,0.0020293142248495578,-0.04835999802995595,-0.01769668766571201,0.00043749785658358555,0.2875118229359744,0.15936958275891852,0.39001871147220135,0.225,0.15,0.38999999999999996,1.5,129.89185590077503,0.019848879683971386,True,False,False
9.25,0.06325231382236834,0.13470071230716127,0.032502684026824075,0.0020208420148192445,-0.048374027573090186,-0.017102317648105013,0.0004839884648871899,0.2875300420254571,0.15953145995924006,0.3900178668223257,0.225,0.15,0.38999999999999996,1.5,129.8924481195743,0.02055199112906454,True,False,False
9.255,0.06329470702949773,0.1349708412922273,0.03234666973110215,0.0020121762486625294,-0.048374027573090186,-0.017102317648105013,0.0004839884648871899,0.2875481721845946,0.15969256439428947,0.3900170228906795,0.225,0.15,0.38999999999999996,1.5,129.89244647035184,0.020618051154277738,True,False,False
9.26,0.06333727713076537,0.13523880192138715,0.03219015566005509,0.002003474175271921,-0.048374027573090186,-0.017102317648105013,0.0004839884648871899,0.28756621227011026,0.15985289270790817,0.39001618015233463,0.225,0.15,0.38999999999999996,1.5,129.89244481524997,0.02068371731103675,True,False,False
9.265,0.06338001630915484,0.13550457741266805,0.03203314372768835,0.0019947368518729368,-0.048374027573090186,-0.017102317648105013,0.0004839884648871899,0.28758416115058816,0.16001244251697197,0.39001533852268755,0.225,0.15,0.38999999999999996,1.5,129.89244315444176,0.02074898914828538,True,False,False
9.27,0.0634229167824687,0.13576815136220058,0.031875635856225076,0.0019859653636026394,-0.048374027573090186,-0.017102317648105013,0.0004839884648871899,0.28760201770478855,0.1601712114468064,0.3900144979186356,0.225,0.15,0.38999999999999996,1.5,129.89244148809934,0.020813866221410102,True,False,False
9.275,0.06346597080388873,0.1360295077619942,0.031717633975994704,0.0019771608133396256,-0.048374027573090186,-0.017102317648105013,0.0004839884648871899,0.2876197808216913,0.16032919713120863,0.39001365825863143,0.225,0.15,0.38999999999999996,1.5,129.8924398163941,0.020878348092238187,True,False,False
9.28,0.06350917066252099,0.1362886309881657,0.031559140025333526,0.001968324313854717,-0.048374027573090186,-0.017102317648105013,0.0004839884648871899,0.2876374494005376,0.1604863972124694,0.3900128194627273,0.225,0.15,0.38999999999999996,1.5,129.89243813949608,0.020942434329035954,True,False,False
9.285,0.06355250868392355,0.13654550583208558,0.03140015595049399,0.001959456981811797,-0.048374027573090186,-0.017102317648105013,0.0004839884648871899,0.28765502235086726,0.16064280934139558,0.39001198145258487,0.225,0.15,0.38999999999999996,1.5,129.8924364575745,0.021006124506506737,True,False,False
9.290000000000001,0.06359597723062062,0.136800117475305,0.031240683705559963,0.0019505599332168503,-0.048374027573090186,-0.017102317648105013,0.0004839884648871899,0.287672498592556,0.16079843117733175,0.39001114415147686,0.225,0.15,0.38999999999999996,1.5,129.89243477079742,0.021069418205788885,True,False,False
9.295,0.06363956870259971,0.137052451507394,0.03108072525236675,0.001941634279987227,-0.048374027573090186,-0.017102317648105013,0.0004839884648871899,0.28768987705584814,0.16095326038818214,0.39001030748429427,0.225,0.15,0.38999999999999996,1.5,129.89243307933188,0.021132315014453614,True,False,False
9.3,0.06368327553779586,0.13730249391446708,0.030920282560424523,0.0019326811273812118,-0.04837492152758281,-0.01647433264111097,0.0005282668209959942,0.28770715668138935,0.16110729465043236,0.3900094713775286,0.225,0.15,0.38999999999999996,1.5,129.8929928563231,0.021866570221542612,True,False,False
9.305,0.0637270900311162,0.13755023163495192,0.03075895169549464,0.0019235333325888055,-0.04837492152758281,-0.01647433264111097,0.0005282668209959942,0.2877243364186084,0.16126053063109141,0.39000863628844284,0.225,0.15,0.38999999999999996,1.5,129.8929910844185,0.02192776959711051,True,False,False
9.31,0.06377100450718824,0.13779565195629853,0.030597140945446116,0.001914359940342913,-0.04837492152758281,-0.01647433264111097,0.0005282668209959942,0.2877414152273209,0.16141296500682376,0.39000780267561774,0.225,0.15,0.38999999999999996,1.5,129.89298930873142,0.021988562119131323,True,False,False
9.315,0.06381501150710214,0.13803874196845553,0.030434852357160005,0.0019051620200682786,-0.04837492152758281,-0.01647433264111097,0.0005282668209959942,0.28775839207944515,0.1615645954821933,0.39000697046982813,0.225,0.15,0.38999999999999996,1.5,129.89298752942855,0.022048947426176305,True,False,False
9.32,0.06385910361196426,0.1382794891354028,0.030272087984758975,0.0018959406311629778,-0.04837492152758281,-0.01647433264111097,0.0005282668209959942,0.2877752659574204,0.16171541977071205,0.39000613960335606,0.225,0.15,0.38999999999999996,1.5,129.8929857466756,0.02210892516333101,True,False,False
9.325000000000001,0.06390327344331649,0.13851788128449286,0.030108849889540008,0.0018866968222187026,-0.04837492152758281,-0.01647433264111097,0.0005282668209959942,0.28779203585423296,0.16186543559486105,0.39000531000997746,0.225,0.15,0.38999999999999996,1.5,129.8929839606373,0.022168494982192075,True,False,False
9.33,0.0639475136635444,0.13875390660649123,0.029945140139909395,0.0018774316304646765,-0.04837492152758281,-0.01647433264111097,0.0005282668209959942,0.287808700773443,0.16201464068611027,0.39000448162493495,0.225,0.15,0.38999999999999996,1.5,129.89298217147723,0.022227656540863904,True,False,False
9.335,0.06399181697627258,0.13898755364520946,0.02978096081131987,0.0018681460814015441,-0.04837492152758281,-0.01647433264111097,0.0005282668209959942,0.2878252597292104,0.16216303278493863,0.39000365438490964,0.225,0.15,0.38999999999999996,1.5,129.89298037935782,0.02228640950395544,True,False,False
9.34,0.06403617612555385,0.1392188098343733,0.029616313907491986,0.0018588309397622853,-0.04837492152758281,-0.01647433264111097,0.0005282668209959942,0.28784171174509976,0.1623106096408708,0.3900028282224689,0.225,0.15,0.38999999999999996,1.5,129.89297858444704,0.022344753542552116,True,False,False
9.345,0.06408058388427823,0.13944764422865472,0.029451201341496404,0.0018494492160508816,-0.04837492152758281,-0.01647433264111097,0.0005282668209959942,0.2878580558418685,0.16245736901269878,0.3900020030001315,0.225,0.15,0.38999999999999996,1.5,129.8929767869801,0.022402688334201656,True,False,False
9.35,0.06412503306257948,0.13967400993108345,0.02928562534567412,0.0018399935473931925,-0.04836801108332228,-0.015813237962981695,0.0005698550776159768,0.28787429104566575,0.16260330866847758,0.3900011785187036,0.225,0.15,0.38999999999999996,1.5,129.89349818797615,0.02316737143422468,True,False,False
9.355,0.06416951630536002,0.13989785897387308,0.029119161017862737,0.0018302874143487232,-0.04836801108332228,-0.015813237962981695,0.0005698550776159768,0.2878904163983313,0.16274842531382983,0.39000035506483494,0.225,0.15,0.38999999999999996,1.5,129.8934963133574,0.023223536789174368,True,False,False
9.36,0.06421402629813443,0.14011914510172133,0.028952238160152764,0.0018205145192536356,-0.04836801108332228,-0.015813237962981695,0.0005698550776159768,0.2879064309589426,0.16289271566455796,0.3899995329312922,0.225,0.15,0.38999999999999996,1.5,129.8934944374182,0.023279282743045995,True,False,False
9.365,0.0642585559855488,0.14033782423283667,0.028784859058441886,0.0018106815905644163,-0.04836801108332228,-0.015813237962981695,0.0005698550776159768,0.28792233380445187,0.1630361775183493,0.38999871192845803,0.225,0.15,0.38999999999999996,1.5,129.89349256037477,0.02333460902603825,True,False,False
9.370000000000001,0.0643030983617762,0.14055385616070495,0.028617025990354185,0.0018007961788814835,-0.04836801108332228,-0.015813237962981695,0.0005698550776159768,0.2879381240282516,0.16317880868229456,0.3899978918816709,0.225,0.15,0.38999999999999996,1.5,129.8934906824333,0.023389515374922967,True,False,False
9.375,0.06434764647035161,0.1407672049229847,0.028448741226820205,0.001790865989063839,-0.04836801108332228,-0.015813237962981695,0.0005698550776159768,0.2879538007397281,0.16332060697290057,0.3899970726327771,0.225,0.15,0.38999999999999996,1.5,129.89348880379245,0.02344400153304139,True,False,False
9.38,0.06439219340396776,0.14097783883716805,0.028280007033663443,0.0017808984753647859,-0.04836801108332228,-0.015813237962981695,0.0005698550776159768,0.2879693630637836,0.16346157021610694,0.3899962540403143,0.225,0.15,0.38999999999999996,1.5,129.89348692464472,0.023498067250300115,True,False,False
9.385,0.06443673230426794,0.14118573033828224,0.02811082567307443,0.001770900613456698,-0.04836801108332228,-0.015813237962981695,0.0005698550776159768,0.2879848101403635,0.16360169624730553,0.3899954359789011,0.225,0.15,0.38999999999999996,1.5,129.89348504517662,0.023551712283166618,True,False,False
9.39,0.0644812563616604,0.14139085569286589,0.027941199404924264,0.0017608787887186052,-0.04836801108332228,-0.015813237962981695,0.0005698550776159768,0.2880001411240132,0.16374098291136074,0.38999461833809856,0.225,0.15,0.38999999999999996,1.5,129.89348316557087,0.023604936394664974,True,False,False
9.395,0.06452575881515984,0.14159319463675202,0.02777113048790556,0.0017508387587900779,-0.04836801108332228,-0.015813237962981695,0.0005698550776159768,0.28801535518347166,0.16387942806263112,0.38999380102109704,0.225,0.15,0.38999999999999996,1.5,129.8934812860063,0.023657739354370953,True,False,False
9.4,0.0645702329522624,0.14179273002470777,0.027600621180508763,0.0017407856617632804,-0.04837934098491598,-0.015119601141217232,0.0006139846534950659,0.28803045150130663,0.16401702956499042,0.3899929839433212,0.225,0.15,0.38999999999999996,1.5,129.89403559952308,0.02445208269235406,True,False,False
9.405,0.06461467185997122,0.1419894471656936,0.02742922537977818,0.0017305299151110579,-0.04837934098491598,-0.015119601141217232,0.0006139846534950659,0.28804542927096877,0.16415378416762738,0.3899921675513987,0.225,0.15,0.38999999999999996,1.5,129.89403364776803,0.02450304592526771,True,False,False
9.41,0.06465906866468216,0.14218333289018847,0.02725739412485197,0.0017202675532997122,-0.04837934098491598,-0.015119601141217232,0.0006139846534950659,0.28806028769873016,0.16428968863043258,0.3899913522979056,0.225,0.15,0.38999999999999996,1.5,129.8940316970562,0.024553577674415846,True,False,False
9.415000000000001,0.06470341678601416,0.14237437614632414,0.027085129742447523,0.0017100023885502874,-0.04837934098491598,-0.015119601141217232,0.0006139846534950659,0.2880750260064497,0.16442474084839032,0.38999053812208967,0.225,0.15,0.38999999999999996,1.5,129.89402974756246,0.024603677763461642,True,False,False
9.42,0.06474770969238162,0.14256256791170366,0.026912434560840578,0.0016997378142003946,-0.04837934098491598,-0.015119601141217232,0.0006139846534950659,0.2880896434289645,0.16455893872639185,0.38998972497119394,0.225,0.15,0.38999999999999996,1.5,129.89402779945914,0.024653346022697784,True,False,False
9.425,0.06479194090098636,0.14274790094312728,0.02673931091037787,0.001689476838378222,-0.04837934098491598,-0.015119601141217232,0.0006139846534950659,0.2881041392138836,0.1646922801792537,0.38998891279948816,0.225,0.15,0.38999999999999996,1.5,129.89402585291674,0.024702582289040514,True,False,False
9.43,0.06483610397782326,0.14293036955178706,0.026565761123902666,0.0016792221225850291,-0.04837934098491598,-0.015119601141217232,0.0006139846534950659,0.288118512621404,0.16482476313173597,0.38998810156741265,0.225,0.15,0.38999999999999996,1.5,129.8940239081038,0.024751386406023573,True,False,False
9.435,0.0648801925377072,0.14310996940615217,0.026391787537107504,0.001668976021248786,-0.04837934098491598,-0.015119601141217232,0.0006139846534950659,0.28813276292415524,0.1649563855185605,0.3899872912407748,0.225,0.15,0.38999999999999996,1.5,129.89402196518716,0.024799758223791976,True,False,False
9.44,0.06492420024431003,0.1432866973520387,0.02621739248882615,0.0016587406199204176,-0.04837934098491598,-0.015119601141217232,0.0006139846534950659,0.28814688940706285,0.16508714528442808,0.389986481790053,0.225,0.15,0.38999999999999996,1.5,129.89402002433212,0.024847697599095872,True,False,False
9.445,0.06496812081021068,0.14346055123185333,0.02604257832127535,0.0016485177708335447,-0.04837934098491598,-0.015119601141217232,0.0006139846534950659,0.2881608913672318,0.16521704038403612,0.3899856731897744,0.225,0.15,0.38999999999999996,1.5,129.8940180857027,0.02489520439528398,True,False,False
9.450000000000001,0.06501194799695505,0.14363152977906832,0.02586734738025458,0.0016383091252197579,-0.048416003952464676,-0.014394045239938322,0.0006559620949284216,0.2881747681138477,0.1653460687820949,0.3899848654179574,0.225,0.15,0.38999999999999996,1.5,129.89454374850175,0.025718369273791224,True,False,False
9.455,0.06505567533083113,0.1437996302351884,0.025691233032728668,0.0016279046396694215,-0.048416003952464676,-0.014394045239938322,0.0006559620949284216,0.28818851896342323,0.16547422727771136,0.389984058941468,0.225,0.15,0.38999999999999996,1.5,129.89454174261962,0.025763967920881713,True,False,False
9.46,0.06509929637794165,0.14396484769224183,0.025514707045312668,0.0016175119131852662,-0.048416003952464676,-0.014394045239938322,0.0006559620949284216,0.2882021432432361,0.16560151268125503,0.3899832542187703,0.225,0.15,0.38999999999999996,1.5,129.8945397398788,0.025809123493293715,True,False,False
9.465,0.06514280503414585,0.14412717901129016,0.025337771850892886,0.0016071329899464497,-0.048416003952464676,-0.014394045239938322,0.0006559620949284216,0.28821564029710567,0.16572792299014838,0.38998245122080977,0.225,0.15,0.38999999999999996,1.5,129.89453774045106,0.025853835909919503,True,False,False
9.47,0.06518619524553651,0.14428662210187246,0.025160429884052725,0.0015967698258974236,-0.048416003952464676,-0.014394045239938322,0.0006559620949284216,0.2882290094813402,0.16585345621220987,0.3899816499226645,0.225,0.15,0.38999999999999996,1.5,129.8945357445059,0.025898105096324446,True,False,False
9.475,0.06522946100843738,0.14444317584504504,0.024982683581527478,0.0015864242498572045,-0.048416003952464676,-0.014394045239938322,0.0006559620949284216,0.2882422501646083,0.16597811036566812,0.38998085030332885,0.225,0.15,0.38999999999999996,1.5,129.89453375221098,0.025941930984739493,True,False,False
9.48,0.06527259636940606,0.14459684003234952,0.024804535382575117,0.0015760979481997256,-0.048416003952464676,-0.014394045239938322,0.0006559620949284216,0.28825536172782124,0.16610188347917618,0.38998005234539795,0.225,0.15,0.38999999999999996,1.5,129.89453176373206,0.02598531351405374,True,False,False
9.485,0.06531559542524316,0.14474761524250424,0.024625987729278948,0.0015657924638568447,-0.048416003952464676,-0.014394045239938322,0.0006559620949284216,0.2882683435640284,0.16622477359182602,0.3899792560347122,0.225,0.15,0.38999999999999996,1.5,129.89452977923332,0.026028252629806813,True,False,False
9.49,0.06535845232300576,0.14489550277697705,0.02444704306679549,0.0015555092036006809,-0.048416003952464676,-0.014394045239938322,0.0006559620949284216,0.2882811950783229,0.1663467787531626,0.38997846136000747,0.225,0.15,0.38999999999999996,1.5,129.89452779887705,0.02607074828418109,True,False,False
9.495000000000001,0.06540116126002736,0.14504050457356374,0.02426770384355878,0.0015452494497182876,-0.048416003952464676,-0.014394045239938322,0.0006559620949284216,0.28829391568775925,0.1664678970231983,0.38997766831255104,0.225,0.15,0.38999999999999996,1.5,129.89452582282428,0.026112800435993885,True,False,False
9.5,0.06544371648394101,0.14518262308303354,0.02408797251144975,0.0015350143736299004,-0.04847511963565938,-0.013637253562113129,0.0006921709354946824,0.2883065048212806,0.16658812647242655,0.3899768768858318,0.225,0.15,0.38999999999999996,1.5,129.89497476215863,0.02696389272333628,True,False,False
9.505,0.06548611197371913,0.14532185728437544,0.023907362537896822,0.0015245777391981938,-0.04847511963565938,-0.013637253562113129,0.0006921709354946824,0.28831896191333767,0.16670746395606606,0.3899760874817833,0.225,0.15,0.38999999999999996,1.5,129.8949727239257,0.027003970305797313,True,False,False
9.51,0.06552834174920438,0.1454582020475854,0.023726365817903182,0.0015141606884555522,-0.04847511963565938,-0.013637253562113129,0.0006921709354946824,0.2883312864083312,0.1668259063411299,0.389975300486458,0.225,0.15,0.38999999999999996,1.5,129.89497069086337,0.027043593741181374,True,False,False
9.515,0.06557040019617628,0.14559165495636872,0.023544984899179472,0.0015037653937849881,-0.04847511963565938,-0.013637253562113129,0.0006921709354946824,0.288343477768748,0.16694345173234157,0.3899745158745207,0.225,0.15,0.38999999999999996,1.5,129.8949686631462,0.02708276304523622,True,False,False
9.52,0.06561228175222228,0.14572221478680555,0.023363222329584328,0.001493393981504351,-0.04847511963565938,-0.013637253562113129,0.0006921709354946824,0.28835553546985226,0.16706009824528736,0.3899737336253766,0.225,0.15,0.38999999999999996,1.5,129.89496664094546,0.02712147824041589,True,False,False
9.525,0.0656539809066396,0.1458498814766637,0.023181080657841375,0.0014830484624552204,-0.04847511963565938,-0.013637253562113129,0.0006921709354946824,0.28836745899951455,0.16717584400642788,0.3899729537230574,0.225,0.15,0.38999999999999996,1.5,129.89496462442983,0.027159739355872015,True,False,False
9.53,0.06569549220034605,0.1459746560427916,0.022998562434121447,0.0014727306991966314,-0.04847511963565938,-0.013637253562113129,0.0006921709354946824,0.28837924785805447,0.16729068715311016,0.3899721761559316,0.225,0.15,0.38999999999999996,1.5,129.89496261376547,0.027197546427444826,True,False,False
9.535,0.06573681022579937,0.14609654049178555,0.022815670210518387,0.0014624423958274828,-0.04847511963565938,-0.013637253562113129,0.0006921709354946824,0.2883909015580964,0.16740462583357965,0.3899714009163178,0.225,0.15,0.38999999999999996,1.5,129.89496060911628,0.02723489949765419,True,False,False
9.540000000000001,0.0657779296269258,0.1462155376990082,0.02263240654144153,0.001452185101267675,-0.04847511963565938,-0.013637253562113129,0.0006921709354946824,0.28840241962443874,0.1675176582069924,0.3899706280000626,0.225,0.15,0.38999999999999996,1.5,129.89495861064407,0.027271798615690325,True,False,False
9.545,0.06581884509905933,0.14633165132085524,0.022448773983943227,0.0014419602200638378,-0.04847511963565938,-0.013637253562113129,0.0006921709354946824,0.2884138015939388,0.1676297824434269,0.3899698574061177,0.225,0.15,0.38999999999999996,1.5,129.89495661850864,0.027308243837404607,True,False,False
9.55,0.06585955138888837,0.14644488565293218,0.022264775097995994,0.0014317690269466349,-0.04855432965714518,-0.012849970506269391,0.0007224395516096364,0.28842504701540883,0.1677409967238964,0.3899690891361338,0.225,0.15,0.38999999999999996,1.5,129.89532641784206,0.028186316399726123,True,False,False
9.555,0.06590004294149654,0.14655524004532386,0.022079903934099202,0.0014213713905375641,-0.04855432965714518,-0.012849970506269391,0.0007224395516096364,0.28843615544176804,0.16785129796568096,0.38996832351966704,0.225,0.15,0.38999999999999996,1.5,129.89532436888157,0.02822072276470973,True,False,False
9.56,0.06594031424368166,0.14666270832514475,0.02189467203764736,0.0014110018052460591,-0.04855432965714518,-0.012849970506269391,0.0007224395516096364,0.2884471264353077,0.1679606830983702,0.3899675608648916,0.225,0.15,0.38999999999999996,1.5,129.8953223270919,0.02825466445492523,True,False,False
9.565,0.06598036018325308,0.14676728812592735,0.021709082071032903,0.0014006627910405744,-0.04855432965714518,-0.012849970506269391,0.0007224395516096364,0.28845795957786713,0.16806915033867936,0.38996680114768734,0.225,0.15,0.38999999999999996,1.5,129.89532029265075,0.02828814158447096,True,False,False
9.57,0.06602017570098036,0.14686897861500567,0.021523136695413517,0.00139035679428108,-0.04855432965714518,-0.012849970506269391,0.0007224395516096364,0.28846865446440495,0.16817669791464127,0.3899660443500652,0.225,0.15,0.38999999999999996,1.5,129.89531826573125,0.028321154274174597,True,False,False
9.575000000000001,0.06605975579039479,0.14696778048541453,0.021336838571759883,0.0013800861086533003,-0.04855432965714518,-0.012849970506269391,0.0007224395516096364,0.2884792107027657,0.16828332406561528,0.3899652904600165,0.225,0.15,0.38999999999999996,1.5,129.89531624650292,0.028353702651583254,True,False,False
9.58,0.06609909549760555,0.14706369581444542,0.021150190361706876,0.0013698528394628354,-0.04855432965714518,-0.012849970506269391,0.0007224395516096364,0.28848962791346416,0.16838902704229736,0.389964539471116,0.225,0.15,0.38999999999999996,1.5,129.8953142351324,0.028385786850953023,True,False,False
9.585,0.06613818992112919,0.14715672796776846,0.020963194728253327,0.0013596588945086567,-0.04855432965714518,-0.012849970506269391,0.0007224395516096364,0.28849990572948614,0.16849380510672998,0.38996379138202014,0.225,0.15,0.38999999999999996,1.5,129.89531223178327,0.02841740701323855,True,False,False
9.59,0.066177034211735,0.14724688142510706,0.020775854336345337,0.0013495059905687583,-0.04855432965714518,-0.012849970506269391,0.0007224395516096364,0.2885100437961086,0.16859765653231273,0.3899630461959099,0.225,0.15,0.38999999999999996,1.5,129.89531023661638,0.028448563286082404,True,False,False
9.595,0.0662156235723068,0.14733416165885718,0.020588171853371307,0.0013393956684351002,-0.04855432965714518,-0.012849970506269391,0.0007224395516096364,0.2885200417707394,0.1687005796038117,0.38996230391991876,0.225,0.15,0.38999999999999996,1.5,129.8953082497902,0.028479255823804395,True,False,False
9.6,0.06625395325771984,0.14741857497883598,0.020400149949589736,0.0013293293120354474,-0.048651459019326965,-0.012033000008180004,0.000747135633310585,0.2885298993227752,0.16880257261737022,0.3899615645645934,0.225,0.15,0.38999999999999996,1.5,129.89560365519864,0.02938330529905777,True,False,False
9.605,0.06629201818886785,0.14750012148388833,0.020211263743944056,0.001319054976103799,-0.048651459019326965,-0.012033000008180004,0.000747135633310585,0.2885396161244466,0.16890363255822455,0.3899608283931563,0.225,0.15,0.38999999999999996,1.5,129.89560161725012,0.02941189696007948,True,False,False
9.61,0.06632981332891225,0.14757879454128967,0.020022043954169712,0.001308819696951047,-0.048651459019326965,-0.012033000008180004,0.000747135633310585,0.28854919185679595,0.16900375642442184,0.38996009564270706,0.225,0.15,0.38999999999999996,1.5,129.8955995884549,0.029440013989049347,True,False,False
9.615,0.06636733407573554,0.14765459233376726,0.019832493359567042,0.0012986262112303013,-0.048651459019326965,-0.012033000008180004,0.000747135633310585,0.2885586262216426,0.16910294254924166,0.3899593662924347,0.225,0.15,0.38999999999999996,1.5,129.89559756899226,0.029467656599777153,True,False,False
9.620000000000001,0.06640457588090093,0.14772751493509406,0.019642614737621644,0.0012884771373074383,-0.048651459019326965,-0.012033000008180004,0.000747135633310585,0.28856791893416783,0.1692011892777248,0.3899586403290092,0.225,0.15,0.38999999999999996,1.5,129.89559555903625,0.029494825012815154,True,False,False
9.625,0.06644153424936686,0.1477975642633325,0.019452410865427244,0.0012783748999781604,-0.048651459019326965,-0.012033000008180004,0.000747135633310585,0.28857706972261876,0.16929849496668048,0.38995791774636424,0.225,0.15,0.38999999999999996,1.5,129.8955935587568,0.029521519455446482,True,False,False
9.63,0.06647820473921985,0.1478647439410922,0.01926188452084874,0.0012683217000297703,-0.048651459019326965,-0.012033000008180004,0.000747135633310585,0.28858607832803224,0.16939485798469406,0.38995719854522454,0.225,0.15,0.38999999999999996,1.5,129.8955915683198,0.029547740161673386,True,False,False
9.635,0.06651458296142891,0.1479290591345153,0.019071038483489684,0.001258319510861797,-0.048651459019326965,-0.012033000008180004,0.000747135633310585,0.2885949445039828,0.1694902767121347,0.3899564827324531,0.225,0.15,0.38999999999999996,1.5,129.89558958788754,0.029573487372205352,True,False,False
9.64,0.06655066457962294,0.147990516370992,0.01887987553551351,0.0012483700906178853,-0.048651459019326965,-0.012033000008180004,0.000747135633310585,0.2886036680163557,0.16958474954116423,0.38995577032034895,0.225,0.15,0.38999999999999996,1.5,129.8955876176191,0.029598761334447103,True,False,False
9.645,0.06658644530988717,0.14804912335283124,0.01868839846235703,0.0012384750024550296,-0.048651459019326965,-0.012033000008180004,0.000747135633310585,0.28861224864314106,0.16967827487574477,0.38995506132594504,0.225,0.15,0.38999999999999996,1.5,129.89558565767055,0.02962356230248634,True,False,False
9.65,0.06662192092058199,0.14810488879389028,0.018496610053365666,0.0012286356383435627,-0.04876443719318345,-0.011187204905606764,0.0007665446542183594,0.2886206861742534,0.1697708511316468,0.389954355770336,0.225,0.15,0.38999999999999996,1.5,129.89581034362527,0.030552529110549446,True,False,False
9.655,0.0666570868145938,0.14815781408483855,0.01830396702307346,0.0012185906549265586,-0.04876443719318345,-0.011187204905606764,0.0007665446542183594,0.28862898040123874,0.16986247536793966,0.3899536538560281,0.225,0.15,0.38999999999999996,1.5,129.895808338647,0.030575169583256324,True,False,False
9.66,0.06669193843740512,0.14820789280553578,0.018111018757399372,0.0012085984332595035,-0.04876443719318345,-0.011187204905606764,0.0007665446542183594,0.28863713112385647,0.16995314465698996,0.38995295575523653,0.225,0.15,0.38999999999999996,1.5,129.89580634478958,0.030597326062211085,True,False,False
9.665000000000001,0.06672647170141253,0.14825512425137063,0.01791776816328337,0.0011986617311649053,-0.04876443719318345,-0.011187204905606764,0.0007665446542183594,0.2886451381636116,0.1700428574531004,0.38995226145272055,0.225,0.15,0.38999999999999996,1.5,129.89580436223284,0.03061899886215826,True,False,False
9.67,0.0667606825730701,0.1482995099164392,0.017724218146793726,0.001188783135574424,-0.04876443719318345,-0.011187204905606764,0.0007665446542183594,0.28865300135547933,0.17013161222276804,0.38995157094189714,0.225,0.15,0.38999999999999996,1.5,129.8958023911503,0.03064018830458738,True,False,False
9.675,0.06679456707253165,0.14834105341170953,0.017530371615014424,0.0011789650037048731,-0.04876443719318345,-0.011187204905606764,0.0007665446542183594,0.28866072054754954,0.1702194074446888,0.38995088422457214,0.225,0.15,0.38999999999999996,1.5,129.89580043171054,0.03066089471771995,True,False,False
9.68,0.06682812127332029,0.14837976032008154,0.017336231477613276,0.0011692094452543276,-0.04876443719318345,-0.011187204905606764,0.0007665446542183594,0.2886682956006995,0.17030624160976277,0.38995020131034874,0.225,0.15,0.38999999999999996,1.5,129.89579848407755,0.030681118436496343,True,False,False
9.685,0.06686134130202133,0.14841563799578297,0.017141800648177753,0.0011595183286706244,-0.04876443719318345,-0.011187204905606764,0.0007665446542183594,0.2886757263882911,0.17039211322110054,0.38994952221587076,0.225,0.15,0.38999999999999996,1.5,129.89579654841108,0.030700859802562375,True,False,False
9.69,0.06689422333800445,0.14844869534740904,0.016947082045384577,0.0011498933006090588,-0.04876443719318345,-0.011187204905606764,0.0007665446542183594,0.2886830127958988,0.17047702079402946,0.38994884696398463,0.225,0.15,0.38999999999999996,1.5,129.89579462486725,0.030720119164255943,True,False,False
9.695,0.06692676361317036,0.14847894262663824,0.016752078594054014,0.0011403358117279062,-0.04876443719318345,-0.011187204905606764,0.0007665446542183594,0.2886901547210641,0.1705609628560994,0.38994817558292094,0.225,0.15,0.38999999999999996,1.5,129.89579271359833,0.03073889687659338,True,False,False
9.700000000000001,0.06695895841172517,0.1485063912249814,0.016556793226127957,0.0011308471446239508,-0.04889126967471058,-0.010313506466655083,0.0007808103837834612,0.28869715207307856,0.17064393794708888,0.3899475081054863,0.225,0.15,0.38999999999999996,1.5,129.89594849379696,0.03169166601112985,True,False,False
9.705,0.06699080362212095,0.1485310442227432,0.01636066483474946,0.0011211595918853706,-0.04889126967471058,-0.010313506466655083,0.0007808103837834612,0.2887040047617181,0.17072594320575515,0.38994684467680585,0.225,0.15,0.38999999999999996,1.5,129.89594654400983,0.031708226143032654,True,False,False
9.71,0.0670222951756051,0.1485528959433956,0.016164260947943855,0.0011115411778736858,-0.04889126967471058,-0.010313506466655083,0.0007808103837834612,0.2887107127043299,0.17080697578462484,0.38994618540801596,0.225,0.15,0.38999999999999996,1.5,129.895944607296,0.031724293539672786,True,False,False
9.715,0.06705342950087351,0.14857194719366132,0.015967584629452074,0.0011019944732893613,-0.04889126967471058,-0.010313506466655083,0.0007808103837834612,0.28871727584070506,0.17088703426336377,0.38994553029111273,0.225,0.15,0.38999999999999996,1.5,129.89594268383388,0.03173986861781088,True,False,False
9.72,0.06708420308081274,0.14858820123131272,0.015770638946101524,0.0010925218181559648,-0.04889126967471058,-0.010313506466655083,0.0007808103837834612,0.2887236941240758,0.17096611723425306,0.38994487932772615,0.225,0.15,0.38999999999999996,1.5,129.89594077379465,0.031754951800944405,True,False,False
9.725,0.0671146124520863,0.14860166367591915,0.015573426970382373,0.0010831252927780124,-0.04889126967471058,-0.010313506466655083,0.0007808103837834612,0.28872996752070723,0.1710442233021914,0.3899442325287897,0.225,0.15,0.38999999999999996,1.5,129.89593887734392,0.031769543519293425,True,False,False
9.73,0.06714465420475334,0.14861234232712997,0.01537595178266287,0.001073806720267216,-0.04889126967471058,-0.010313506466655083,0.0007808103837834612,0.288736096009522,0.17112135108469817,0.3899435899138771,0.225,0.15,0.38999999999999996,1.5,129.89593699464223,0.031783644209785945,True,False,False
9.735,0.06717432498191508,0.1486202469370834,0.015178216473158259,0.001064567686477117,-0.04889126967471058,-0.010313506466655083,0.0007808103837834612,0.28874207958175296,0.17119749921191746,0.38994295151033387,0.225,0.15,0.38999999999999996,1.5,129.89593512584514,0.03179725431604318,True,False,False
9.74,0.06720362147939561,0.14862538898101713,0.014980224143740945,0.0010554095684456384,-0.04889126967471058,-0.010313506466655083,0.0007808103837834612,0.2887479182406315,0.1712726663266221,0.38994231735232304,0.225,0.15,0.38999999999999996,1.5,129.8959332711041,0.031810374288364654,True,False,False
9.745000000000001,0.06723254044545228,0.1486277813916571,0.014781977909659377,0.0010463335659008745,-0.04889126967471058,-0.010313506466655083,0.0007808103837834612,0.28875361200110633,0.17134685108421768,0.3899416874798906,0.225,0.15,0.38999999999999996,1.5,129.89593143056638,0.0318230045837131,True,False,False
9.75,0.06726107868051465,0.14862743834802095,0.014583480901218356,0.0010373407326282336,-0.0490300198552872,-0.009412883871018702,0.0007899800724131826,0.28875916088959197,0.17142005215274614,0.38994106193807493,0.225,0.15,0.38999999999999996,1.5,129.89601885525593,0.032798406594311956,True,False,False
9.755,0.06728923256050756,0.1486243648582942,0.014384154849267118,0.0010281609248327577,-0.0490300198552872,-0.009412883871018702,0.0007899800724131826,0.288764564931897,0.17149226675647714,0.3899404408160775,0.225,0.15,0.38999999999999996,1.5,129.89601698314755,0.03280876488775029,True,False,False
9.76,0.06731699850430327,0.14861855631431864,0.014184584896734638,0.001019069357518751,-0.0490300198552872,-0.009412883871018702,0.0007899800724131826,0.28876982416071406,0.17156349213390462,0.38993982416588074,0.225,0.15,0.38999999999999996,1.5,129.89601512604605,0.032818622348592695,True,False,False
9.765,0.06734437345696545,0.14861001528933218,0.013984774334742189,0.0010100681959704814,-0.0490300198552872,-0.009412883871018702,0.0007899800724131826,0.28877493863161435,0.1716337269942703,0.38993921198770953,0.225,0.15,0.38999999999999996,1.5,129.89601328412613,0.032827979496551384,True,False,False
9.77,0.06737135441772615,0.14859874699012413,0.013784726468191224,0.0010011593068361409,-0.0490300198552872,-0.009412883871018702,0.0007899800724131826,0.28877990841344686,0.1717029700598389,0.38993860429220417,0.225,0.15,0.38999999999999996,1.5,129.89601145755478,0.032836836858056564,True,False,False
9.775,0.0673979384395327,0.14858475917780248,0.01358444461964473,0.0009923442730954835,-0.0490300198552872,-0.009412883871018702,0.0007899800724131826,0.28878473358788637,0.1717712200658991,0.3899380011000445,0.225,0.15,0.38999999999999996,1.5,129.89600964649273,0.03284519496624097,True,False,False
9.78,0.0674241226286251,0.14856806196411673,0.013383932132868063,0.000983624425117279,-0.0490300198552872,-0.009412883871018702,0.0007899800724131826,0.288789414249012,0.17183847576076353,0.38993740244122665,0.225,0.15,0.38999999999999996,1.5,129.89600785109488,0.03285305436092367,True,False,False
9.785,0.06744990414415228,0.14854866756415402,0.013183192376183907,0.0009750008785131881,-0.0490300198552872,-0.009412883871018702,0.0007899800724131826,0.288793950502925,0.17190473590577096,0.38993680835408184,0.225,0.15,0.38999999999999996,1.5,129.89600607151093,0.032860415588593865,True,False,False
9.790000000000001,0.06747528019782106,0.1485265900224563,0.01298222874576229,0.0009664745732785526,-0.0490300198552872,-0.009412883871018702,0.0007899800724131826,0.2887983424673993,0.17196999927528828,0.3899362188842406,0.225,0.15,0.38999999999999996,1.5,129.89600430788582,0.03286727920239464,True,False,False
9.795,0.06750024805358112,0.14850184495169588,0.012781044668942561,0.0009580463111282927,-0.0490300198552872,-0.009412883871018702,0.0007899800724131826,0.2888025902715694,0.17203426465671193,0.38993563408359855,0.225,0.15,0.38999999999999996,1.5,129.89600256036007,0.032873645762106385,True,False,False
9.8,0.06752480502734201,0.1484744492862713,0.012579643607667678,0.0009497167894516098,-0.04917879541709888,-0.008486373597041443,0.0007940589456866963,0.28880669405565057,0.1720975308504696,0.3899350540093333,0.225,0.15,0.38999999999999996,1.5,129.89602163711683,0.03387045781735067,True,False,False
9.805,0.06754894798357308,0.14844441002921333,0.012377430920631566,0.0009412185601474016,-0.04917879541709888,-0.008486373597041443,0.0007940589456866963,0.28881065395821937,0.17215979517212301,0.389934478695084,0.225,0.15,0.38999999999999996,1.5,129.89601986541052,0.033874500745089714,True,False,False
9.81,0.06757267382987121,0.14841172385134724,0.012175008890406094,0.0009328304755035168,-0.04917879541709888,-0.008486373597041443,0.0007940589456866963,0.2888144701240105,0.17222105495189746,0.38993390813450457,0.225,0.15,0.38999999999999996,1.5,129.89601811061934,0.03387803541039735,True,False,False
9.815,0.0675959800268399,0.148376395171296,0.011972381209427242,0.0009245540518333118,-0.04917879541709888,-0.008486373597041443,0.0007940589456866963,0.2888181427208186,0.17228130903268604,0.3899333423364679,0.225,0.15,0.38999999999999996,1.5,129.8960163729117,0.03388106243672329,True,False,False
9.82,0.06761886408915105,0.1483384311894109,0.011769551612036225,0.0009163904293940422,-0.04917879541709888,-0.008486373597041443,0.0007940589456866963,0.2888216719294274,0.17234055627080028,0.3899327813208679,0.225,0.15,0.38999999999999996,1.5,129.89601465244814,0.03388358245420585,True,False,False
9.825000000000001,0.06764132358506234,0.14829784182355107,0.011566523881583244,0.0009083404463684242,-0.04917879541709888,-0.008486373597041443,0.0007940589456866963,0.28882505794311863,0.1723987955359671,0.3899322251182171,0.225,0.15,0.38999999999999996,1.5,129.89601294938234,0.03388559609965466,True,False,False
9.83,0.06766335613596983,0.14825463945373438,0.01136330185745,0.0009004047070373878,-0.04917879541709888,-0.008486373597041443,0.0007940589456866963,0.2888283009672152,0.1724560257113279,0.3899316737688463,0.225,0.15,0.38999999999999996,1.5,129.89601126386162,0.033887104016533345,True,False,False
9.835,0.06768495941600058,0.1482088386768638,0.011159889442226924,0.0008925836419260913,-0.04917879541709888,-0.008486373597041443,0.0007940589456866963,0.2888314012186647,0.1725122456934377,0.3899311273218531,0.225,0.15,0.38999999999999996,1.5,129.89600959602794,0.033888106854941806,True,False,False
9.84,0.06770613115164188,0.14816045602471367,0.010956290609245007,0.0008848775593032098,-0.04917879541709888,-0.008486373597041443,0.0007940589456866963,0.2888343589256596,0.17256745439226476,0.3899305858339969,0.225,0.15,0.38999999999999996,1.5,129.8960079460176,0.033888605271598475,True,False,False
9.845,0.06772686912141065,0.14810950964990943,0.01075250941064103,0.0008772866883030462,-0.04917879541709888,-0.008486373597041443,0.0007940589456866963,0.2888371743272985,0.17262165073119007,0.3899300493685678,0.225,0.15,0.38999999999999996,1.5,129.89600631396235,0.033888599929822245,True,False,False
9.85,0.06774717115555776,0.14805601907571578,0.010548549986124403,0.0008698112143919008,-0.04933573923344735,-0.0075350687031955025,0.0007930545778456379,0.2888398476732824,0.1726748336470064,0.3899295179943348,0.225,0.15,0.38999999999999996,1.5,129.89595709468998,0.03490554694706864,True,False,False
9.855,0.06776703460804104,0.1479999932630683,0.010343802416187665,0.0008621930361825235,-0.04933573923344735,-0.0075350687031955025,0.0007930545778456379,0.2888423792107042,0.17272700055229215,0.3899289916893093,0.225,0.15,0.38999999999999996,1.5,129.8959554462833,0.03490316925994939,True,False,False
9.86,0.06778645687621446,0.1479414302579738,0.010138885858088293,0.000854709545224891,-0.04933573923344735,-0.0075350687031955025,0.0007930545778456379,0.28884476919205826,0.17277814887471046,0.3899284703892286,0.225,0.15,0.38999999999999996,1.5,129.89595381666533,0.034900276570666876,True,False,False
9.865,0.06780543593518785,0.14788033629082678,0.009933804877999539,0.0008473613078492407,-0.04933573923344735,-0.0075350687031955025,0.0007930545778456379,0.2888470178928387,0.17282827759473687,0.3899279541115926,0.225,0.15,0.38999999999999996,1.5,129.8959522059962,0.03489686960704144,True,False,False
9.870000000000001,0.06782396981402572,0.14781672051472017,0.0097285641661357,0.0008401484270043351,-0.04933573923344735,-0.0075350687031955025,0.0007930545778456379,0.288849125601126,0.1728773857066454,0.3899274428853672,0.225,0.15,0.38999999999999996,1.5,129.8959506144276,0.03489294910354141,True,False,False
9.875,0.06784205659524417,0.1477505948798468,0.009523168554265483,0.0008330706905431762,-0.04933573923344735,-0.0075350687031955025,0.0007930545778456379,0.2888510926170611,0.1729254722185036,0.3899269367505619,0.225,0.15,0.38999999999999996,1.5,129.89594904210387,0.03488851580126447,True,False,False
9.88,0.06785969441434894,0.14768197391204352,0.009317623034506737,0.0008261276851108136,-0.04933573923344735,-0.0075350687031955025,0.0007930545778456379,0.28885291925235945,0.17297253615216857,0.38992643575737573,0.225,0.15,0.38999999999999996,1.5,129.89594748916264,0.034883570447918906,True,False,False
9.885,0.06787688145941441,0.14761087443460674,0.009111932779925875,0.0008193188828004278,-0.04933573923344735,-0.0075350687031955025,0.0007930545778456379,0.2888546058298664,0.17301857654328387,0.389925939965083,0.225,0.15,0.38999999999999996,1.5,129.89594595573533,0.034878113797804366,True,False,False
9.89,0.06789361597070359,0.1475373152479164,0.00890610316746663,0.0008126437064151291,-0.04933573923344735,-0.0075350687031955025,0.0007930545778456379,0.28885615268315323,0.17306359244127703,0.38992544944084917,0.225,0.15,0.38999999999999996,1.5,129.89594444194836,0.03487214661179277,True,False,False
9.895,0.06790989624032828,0.14746131683334246,0.00870013980376268,0.0008061015780224764,-0.04933573923344735,-0.0075350687031955025,0.0007930545778456379,0.28885756015615444,0.17310758290935635,0.3899249642585571,0.225,0.15,0.38999999999999996,1.5,129.8959429479224,0.03486566965730878,True,False,False
9.9,0.06792572061194795,0.14738290107151183,0.008494048554446527,0.0007996919545255807,-0.04949902508629527,-0.0065601180009027295,0.0007870081094474347,0.2888588286028438,0.17315054702450766,0.3899244844976818,0.225,0.15,0.38999999999999996,1.5,129.89582594192126,0.03590142550391054,True,False,False
9.905,0.06794108693040594,0.1473020787544606,0.00828720625832381,0.0007931744559988851,-0.04949902508629527,-0.0065601180009027295,0.0007870081094474347,0.2888599583736894,0.17319248230198292,0.3899240100806349,0.225,0.15,0.38999999999999996,1.5,129.89582443979967,0.03589253052997758,True,False,False
9.91,0.06795599308434473,0.14721884929545406,0.008080249491690998,0.0007868178979904734,-0.04949902508629527,-0.0065601180009027295,0.0007870081094474347,0.28886094982377886,0.17323338627252083,0.3899235408857574,0.225,0.15,0.38999999999999996,1.5,129.89582295829547,0.035883114526097715,True,False,False
9.915000000000001,0.0679704375627093,0.14713322065323436,0.00787318522271445,0.0007806214919824623,-0.04949902508629527,-0.0065601180009027295,0.0007870081094474347,0.2888618033309162,0.17327325805795582,0.3899230769388349,0.225,0.15,0.38999999999999996,1.5,129.895821497558,0.03587317832493855,True,False,False
9.92,0.0679844189083202,0.1470452037831492,0.007666020838666267,0.0007745838923173752,-0.04949902508629527,-0.0065601180009027295,0.0007870081094474347,0.2888625192849831,0.17331209679428564,0.3899226182774307,0.225,0.15,0.38999999999999996,1.5,129.89582005772763,0.03586272276576395,True,False,False
9.925,0.06799793571736165,0.14695481251125908,0.007458764209262095,0.0007687034333409179,-0.04949902508629527,-0.0065601180009027295,0.0007870081094474347,0.2888630980873863,0.17334990163166392,0.38992216495043186,0.225,0.15,0.38999999999999996,1.5,129.89581863893716,0.035851748694414175,True,False,False
9.93,0.06801098663891293,0.1468620633044567,0.007251423759541241,0.0007629782969224554,-0.04949902508629527,-0.0065601180009027295,0.0007870081094474347,0.2888635401505485,0.17338667173439332,0.38992171701715517,0.225,0.15,0.38999999999999996,1.5,129.89581724131233,0.03584025696328546,True,False,False
9.935,0.06802357037452254,0.14676697496587468,0.007044008554678972,0.0007574066292287725,-0.04949902508629527,-0.0065601180009027295,0.0007870081094474347,0.2888638458974405,0.1734224062809207,0.38992127454618714,0.225,0.15,0.38999999999999996,1.5,129.89581586497235,0.035828248431309564,True,False,False
9.94,0.0680356856778255,0.14666956832720915,0.0068365283995651255,0.0007519866206241138,-0.04949902508629527,-0.0065601180009027295,0.0007870081094474347,0.28886401576115794,0.17345710446383159,0.3899208376141473,0.225,0.15,0.38999999999999996,1.5,129.89581451003093,0.03581572396393307,True,False,False
9.945,0.0680473313542028,0.14656986591048018,0.006628993956591977,0.0007467165588628857,-0.04949902508629527,-0.0065601180009027295,0.0007870081094474347,0.2888640501845399,0.1734907654898445,0.3899204063044671,0.225,0.15,0.38999999999999996,1.5,129.89581317659616,0.035802684433096525,True,False,False
9.950000000000001,0.06805850626048143,0.14646789165601357,0.006421416885908266,0.0007415948630085749,-0.04966685802058191,-0.005562725118109236,0.0007760132773689875,0.2888639496198292,0.17352338857980562,0.38991998070621037,0.225,0.15,0.38999999999999996,1.5,129.89562960251794,0.03685587320726798,True,False,False
9.955,0.06806920873469899,0.1463636580121915,0.006213166837251461,0.0007364088452067459,-0.04966685802058191,-0.005562725118109236,0.0007760132773689875,0.2888637145149382,0.17355497135721812,0.389919560686678,0.225,0.15,0.38999999999999996,1.5,129.89562826965053,0.03684037314179552,True,False,False
9.96,0.06807943715927263,0.14625716570793562,0.006004902261794231,0.0007314093236182446,-0.04966685802058191,-0.005562725118109236,0.0007760132773689875,0.28886334532160507,0.17358551146145484,0.389919146067772,0.225,0.15,0.38999999999999996,1.5,129.8956269591728,0.036824346751578085,True,False,False
9.965,0.0680891905371214,0.14614842427990174,0.005796639111867175,0.0007265936164693008,-0.04966685802058191,-0.005562725118109236,0.0007760132773689875,0.288862842513792,0.17361500815932193,0.38991873688302686,0.225,0.15,0.38999999999999996,1.5,129.8956256712208,0.03680779497444749,True,False,False
9.97,0.0680984679250364,0.14603744630356863,0.005588395257745031,0.0007219583990427449,-0.04966685802058191,-0.005562725118109236,0.0007760132773689875,0.28886220657693606,0.17364346073213752,0.3899183331779219,0.225,0.15,0.38999999999999996,1.5,129.89562440592147,0.0367907187547691,True,False,False
9.975,0.06810726843316806,0.145924247264127,0.005380190863844895,0.0007175000415122704,-0.04966685802058191,-0.005562725118109236,0.0007760132773689875,0.28886143800737674,0.1736708684757216,0.3899179350094225,0.225,0.15,0.38999999999999996,1.5,129.89562316339357,0.036773119043420295,True,False,False
9.98,0.0681155912245591,0.14580884532495636,0.005172048853157958,0.000713214836000278,-0.04966685802058191,-0.005562725118109236,0.0007760132773689875,0.2888605373118291,0.17369723070038667,0.389917542445047,0.225,0.15,0.38999999999999996,1.5,129.89562194374872,0.036754996797768835,True,False,False
9.985,0.06812343551472112,0.145691261003066,0.004963995486007556,0.0007090991456105906,-0.04966685802058191,-0.005562725118109236,0.0007760132773689875,0.2888595050068996,0.17372254673093024,0.38991715556166784,0.225,0.15,0.38999999999999996,1.5,129.89562074709204,0.036736352981650906,True,False,False
9.99,0.06813080057125545,0.1455715168585376,0.004756061087942989,0.000705149498805833,-0.04966685802058191,-0.005562725118109236,0.0007760132773689875,0.2888583416186471,0.17374681590662666,0.3899167744442515,0.225,0.15,0.38999999999999996,1.5,129.89561957352245,0.0367171885653489,True,False,False
9.995000000000001,0.06813768571351747,0.14544963715032821,0.00454828097382626,0.000701362645750235,-0.04966685802058191,-0.005562725118109236,0.0007760132773689875,0.28885704768218756,0.17377003758121912,0.38991639918458637,0.225,0.15,0.38999999999999996,1.5,129.8956184231335,0.036697504525569205,True,False,False
10.0,0.06814409031232398,0.14532564754339491,0.004340696632543841,0.0006977355884028201,-0.04983747871611478,-0.004544147454084106,0.0007602253581004893,0.28885562374134266,0.17379221112291174,0.3899160298800853,0.225,0.15,0.38999999999999996,1.5,129.89537032759398,0.03776670192482899,True,False,False
10.005,0.06815001320248634,0.1451995619378231,0.00413270373793483,0.0006940941481562286,-0.04983747871611478,-0.004544147454084106,0.0007602253581004893,0.2888540703348575,0.17381333426894716,0.38991566634407177,0.225,0.15,0.38999999999999996,1.5,129.8953691868172,0.037744518110663434,True,False,False
10.01,0.06815545326398212,0.14507138229998023,0.003925017264237084,0.0006906597377869348,-0.04983747871611478,-0.004544147454084106,0.0007602253581004893,0.28885238800450674,0.17383340477279974,0.3899153083436191,0.225,0.15,0.38999999999999996,1.5,129.89536807013423,0.037721803430125,True,False,False
10.015,0.0681604100149963,0.14494111955729372,0.003717709069917707,0.0006874271809037238,-0.04983747871611478,-0.004544147454084106,0.0007602253581004893,0.28885057731360236,0.173852422049688,0.38991495591935205,0.225,0.15,0.38999999999999996,1.5,129.8953669776652,0.03769855892636421,True,False,False
10.02,0.06816488302768836,0.14480878769463373,0.0035108671360551307,0.0006843906139425919,-0.04983747871611478,-0.004544147454084106,0.0007602253581004893,0.28884863883624645,0.1738703855296741,0.3899146091238835,0.225,0.15,0.38999999999999996,1.5,129.89536590952116,0.03767478564899101,True,False,False
10.025,0.06816887192768582,0.14467440362900677,0.0033046005168014462,0.0006815439298703783,-0.04983747871611478,-0.004544147454084106,0.0007602253581004893,0.2888465731567454,0.1738872946576507,0.3899142680213491,0.225,0.15,0.38999999999999996,1.5,129.89536486580508,0.037650484654052,True,False,False
10.03,0.0681723763936241,0.1445379869454925,0.0030990461904897254,0.0006788810658451784,-0.04983747871611478,-0.004544147454084106,0.0007602253581004893,0.28884438086906966,0.17390314889332925,0.38991393268645436,0.225,0.15,0.38999999999999996,1.5,129.89536384661218,0.03762565700400698,True,False,False
10.035,0.06817539615673221,0.14439955958683034,0.0028943787023580844,0.0006763961831507897,-0.04983747871611478,-0.004544147454084106,0.0007602253581004893,0.28884206257635925,0.17391794771122973,0.38991360320325863,0.225,0.15,0.38999999999999996,1.5,129.89536285203152,0.03760030376770605,True,False,False
10.040000000000001,0.06817793100046157,0.1442591455290947,0.002690823985460883,0.0006740837733842501,-0.04983747871611478,-0.004544147454084106,0.0007602253581004893,0.28883961889047294,0.17393169060066954,0.38991327966388756,0.225,0.15,0.38999999999999996,1.5,129.8953618821456,0.037574426020365564,True,False,False
10.045,0.06817998076016282,0.14411677044325827,0.0024886795624122467,0.0006719387146893723,-0.04983747871611478,-0.004544147454084106,0.0007602253581004893,0.288837050431586,0.17394437706575364,0.3899129621672356,0.225,0.15,0.38999999999999996,1.5,129.89536093703146,0.03754802484354473,True,False,False
10.05,0.06818154532280145,0.14397246137534997,0.0022883447009881775,0.0006699562946229445,-0.05000917100332395,-0.003505695026482149,0.0007398623914948647,0.28883435782782774,0.17395600662536304,0.38991265081775944,0.225,0.15,0.38999999999999996,1.5,129.895051211158,0.03863175962725383,True,False,False
10.055,0.06818262402506939,0.1438262334632143,0.0020897274297527173,0.0006680109943249087,-0.05000917100332395,-0.003505695026482149,0.0007398623914948647,0.2888315417015873,0.17396657713586777,0.38991234537668107,0.225,0.15,0.38999999999999996,1.5,129.89505028505192,0.03860282282488824,True,False,False
10.06,0.06818321624983653,0.14367808979249796,0.0018942533895880177,0.0006662828293210246,-0.05000917100332395,-0.003505695026482149,0.0007398623914948647,0.2888286026774925,0.17397608647021043,0.3899120455585921,0.225,0.15,0.38999999999999996,1.5,129.8950493846631,0.03857335138697934,True,False,False
10.065,0.06818332203324631,0.14352804250606704,0.0017030347109026924,0.0006647637220822013,-0.05000917100332395,-0.003505695026482149,0.0007398623914948647,0.2888255414008466,0.1739845341952817,0.3899117514104774,0.225,0.15,0.38999999999999996,1.5,129.8950485100938,0.03854334646198553,True,False,False
10.07,0.06818294146564362,0.14337610678969165,0.0015177119924496701,0.0006634449519307361,-0.05000917100332395,-0.003505695026482149,0.0007398623914948647,0.28882235852698585,0.1739919198931295,0.38991146299125723,0.225,0.15,0.38999999999999996,1.5,129.8950476614372,0.0385128092047391,True,False,False
10.075000000000001,0.06818207469108173,0.143222300719496,0.0013407658622931896,0.0006623176965824918,-0.05000917100332395,-0.003505695026482149,0.0007398623914948647,0.28881905472068714,0.17399824316094295,0.3899111803712913,0.225,0.15,0.38999999999999996,1.5,129.89504683877814,0.03848174077642215,True,False,False
10.08,0.06818072190687373,0.14306664504021202,0.0011760195887226825,0.000661373371828231,-0.05000917100332395,-0.003505695026482149,0.0007398623914948647,0.2888156306556195,0.17400350361103806,0.3899109036314326,0.225,0.15,0.38999999999999996,1.5,129.89504604219402,0.038450142344541825,True,False,False
10.085,0.06817888336319257,0.14290916283284288,0.0010293862740236048,0.000660603833958392,-0.05000917100332395,-0.003505695026482149,0.0007398623914948647,0.28881208701384475,0.1740077008708442,0.38991063286179894,0.225,0.15,0.38999999999999996,1.5,129.8950452717556,0.038418015082905745,True,False,False
10.09,0.06817655936271337,0.14274987917292623,0.000909708485830178,0.0006600014899232927,-0.05000917100332395,-0.003505695026482149,0.0007398623914948647,0.2888084244853604,0.1740108345828915,0.38991036816046853,0.225,0.15,0.38999999999999996,1.5,129.8950445275275,0.03838536017159682,True,False,False
10.095,0.06817375026030388,0.14258882080733748,0.0008287892243717014,0.0006595593463920596,-0.05000917100332395,-0.003505695026482149,0.0007398623914948647,0.2888046437676925,0.17401290440479697,0.3899101096321854,0.225,0.15,0.38999999999999996,1.5,129.89504380956836,0.03835217879694814,True,False,False
10.1,0.06817045646275487,0.14242601583688358,0.0007985401370549071,0.000659271019167827,-0.0501802715594617,-0.0024487292120219718,0.0007152009523736494,0.28880074556552837,0.1740139100092512,0.3899098573871373,0.225,0.15,0.38999999999999996,1.5,129.89467613342526,0.03944893434765851,True,False,False
10.105,0.06816667781543721,0.14226148040024283,0.0008247058678190495,0.0006590671733029162,-0.0501802715594617,-0.0024487292120219718,0.0007152009523736494,0.28879673057723587,0.17401384937702938,0.3899096111370563,0.225,0.15,0.38999999999999996,1.5,129.8946754441857,0.039413184994455196,True,False,False
10.11,0.06816241421114688,0.14209521861254823,0.0009026429072475642,0.0006590762725720964,-0.0501802715594617,-0.0024487292120219718,0.0007152009523736494,0.28879259950264347,0.1740127205057978,0.3899093705471168,0.225,0.15,0.38999999999999996,1.5,129.89467478219453,0.0393768980273417,True,False,False
10.115,0.06815766620822908,0.14192724363317016,0.0010205814043580314,0.0006592874792680875,-0.0501802715594617,-0.0024487292120219718,0.0007152009523736494,0.2887883530612352,0.17401052311718973,0.3899091356699403,0.225,0.15,0.38999999999999996,1.5,129.8946741475341,0.039340074699905345,True,False,False
10.120000000000001,0.0681524344195937,0.14175757161668603,0.0011664680765563528,0.0006596894678557725,-0.0501802715594617,-0.0024487292120219718,0.0007152009523736494,0.28878399198170945,0.17400725694829045,0.38990890656990795,0.225,0.15,0.38999999999999996,1.5,129.8946735402777,0.0393027162720106,True,False,False
10.125,0.06814671951223916,0.14158622158071582,0.00133115910625019,0.0006602710379692368,-0.0501802715594617,-0.0024487292120219718,0.0007152009523736494,0.2887795170013849,0.174002921751618,0.389908683322671,0.225,0.15,0.38999999999999996,1.5,129.8946729604905,0.03926482400977343,True,False,False
10.13,0.06814052220682251,0.14141321515217126,0.0015085184209696306,0.0006610214849112593,-0.0501802715594617,-0.0024487292120219718,0.0007152009523736494,0.28877492886565204,0.17399751729510654,0.3899084660141956,0.225,0.15,0.38999999999999996,1.5,129.89467240823015,0.03922639918553527,True,False,False
10.135,0.06813384327727465,0.14123857625017033,0.001694580604590252,0.0006619308076462521,-0.0501802715594617,-0.0024487292120219718,0.0007152009523736494,0.28877022832747057,0.17399104336208993,0.389908254739547,0.225,0.15,0.38999999999999996,1.5,129.89467188354766,0.0391874430778369,True,False,False
10.14,0.06812668355046182,0.14106233075666216,0.0018867782247818184,0.0006629898095149926,-0.0501802715594617,-0.0024487292120219718,0.0007152009523736494,0.28876541614691353,0.173983499751286,0.38990804960157843,0.225,0.15,0.38999999999999996,1.5,129.8946713864879,0.039147956971391965,True,False,False
10.145,0.06811904390589119,0.14088450617197612,0.0020834176986171448,0.0006641901295464278,-0.0501802715594617,-0.0024487292120219718,0.0007152009523736494,0.288760493090757,0.17397488627678023,0.3899078507096491,0.225,0.15,0.38999999999999996,1.5,129.89467091708985,0.03910794215706044,True,False,False
10.15,0.06811092527545913,0.14070513131723594,0.00228335400970307,0.0006655242301439517,-0.05034918085195288,-0.0013746613822795968,0.0006865684532026646,0.28875545993211355,0.1739652027680098,0.38990765817839573,0.225,0.15,0.38999999999999996,1.5,129.8942496581631,0.04021615814356685,True,False,False
10.155,0.06810232802177851,0.1405242231236993,0.002486427944834091,0.0006669822742556656,-0.05034918085195288,-0.0013746613822795968,0.0006865684532026646,0.2887503174372833,0.17395444733531326,0.3899074716733376,0.225,0.15,0.38999999999999996,1.5,129.89424922747205,0.0401735466015462,True,False,False
10.16,0.06809325255637069,0.14034178662616295,0.0026914534026539583,0.0006686351958391413,-0.05034918085195288,-0.0013746613822795968,0.0006865684532026646,0.2887450663732687,0.1739426181062155,0.38990729081396414,0.225,0.15,0.38999999999999996,1.5,129.8942488254566,0.040130395275413434,True,False,False
10.165000000000001,0.06808369996563686,0.1401578358250827,0.0028980148612413044,0.0006704701994896173,-0.05034918085195288,-0.0013746613822795968,0.0006865684532026646,0.28873970752556566,0.17392971495996531,0.3899071156578184,0.225,0.15,0.38999999999999996,1.5,129.89424845217735,0.04008670552353562,True,False,False
10.17,0.06807367139104387,0.13997238763531697,0.003105803753700874,0.0006724742317002606,-0.05034918085195288,-0.0013746613822795968,0.0006865684532026646,0.28873424168801476,0.17391573779153824,0.3899069462739315,0.225,0.15,0.38999999999999996,1.5,129.89424810768645,0.040042478710448665,True,False,False
10.175,0.06806316802866869,0.1397854617715423,0.003314586482528497,0.0006746346255054697,-0.05034918085195288,-0.0013746613822795968,0.0006865684532026646,0.2887286696622108,0.1739006865116146,0.38990678274233487,0.225,0.15,0.38999999999999996,1.5,129.8942477920274,0.03999771620683043,True,False,False
10.18,0.06805219112878982,0.13959708048697933,0.0035241830820806922,0.0006769394736896385,-0.05034918085195288,-0.0013746613822795968,0.0006865684532026646,0.28872299225695897,0.17388456104656014,0.3899066251531148,0.225,0.15,0.38999999999999996,1.5,129.89424750523688,0.03995241938947317,True,False,False
10.185,0.06804074199552135,0.13940726827379482,0.0037344526766090427,0.000679377822897268,-0.05034918085195288,-0.0013746613822795968,0.0006865684532026646,0.28871721028777475,0.17386736133840672,0.3899064736052146,0.225,0.15,0.38999999999999996,1.5,129.8942472473446,0.039906589641255985,True,False,False
10.19,0.06802882198649493,0.13921605151688785,0.003945283370228613,0.0006819397518170144,-0.05034918085195288,-0.0013746613822795968,0.0006865684532026646,0.28871132457643267,0.17384908734483373,0.38990632820513266,0.225,0.15,0.38999999999999996,1.5,129.89424701837436,0.03986022835111701,True,False,False
10.195,0.06801643251258319,0.13902345817131181,0.004156585087548252,0.0006846163763070234,-0.05034918085195288,-0.0013746613822795968,0.0006865684532026646,0.2887053359505578,0.17382973903914914,0.3899061890656569,0.225,0.15,0.38999999999999996,1.5,129.89424681834416,0.03981333691402543,True,False,False
10.200000000000001,0.06800357503766617,0.1388295174634791,0.004368284417159306,0.0006873998102737185,-0.0505143745017436,-0.00028495143614347017,0.0006543335923738138,0.28869924524326207,0.17380931641027006,0.38990605630465935,0.225,0.15,0.38999999999999996,1.5,129.89377690539507,0.04093141105736686,True,False,False
10.205,0.06799025045190321,0.13863424691312895,0.004581000515582226,0.0006903384311225991,-0.0505143745017436,-0.00028495143614347017,0.0006543335923738138,0.28869305328043915,0.17378781770312732,0.38990592954529724,0.225,0.15,0.38999999999999996,1.5,129.89377675429006,0.040881897848985826,True,False,False
10.21,0.06797645969607628,0.13843765238466327,0.004794005801490498,0.0006934446914619594,-0.0505143745017436,-0.00028495143614347017,0.0006543335923738138,0.28868676088795475,0.1737652411801096,0.389905808365645,0.225,0.15,0.38999999999999996,1.5,129.89377663317302,0.04083184351078973,True,False,False
10.215,0.06796220439207232,0.13823974853559387,0.00500725705308132,0.0006967049943663892,-0.0505143745017436,-0.00028495143614347017,0.0006543335923738138,0.28868036890887894,0.17374158688074814,0.3899056928274886,0.225,0.15,0.38999999999999996,1.5,129.89377654208172,0.04078124950540368,True,False,False
10.22,0.06794748621747365,0.13804055284752137,0.005220717572442813,0.0007001057135516942,-0.0505143745017436,-0.00028495143614347017,0.0006543335923738138,0.2886738781937141,0.1737168548605554,0.3899055830037406,0.225,0.15,0.38999999999999996,1.5,129.89377648104494,0.04073011730150201,True,False,False
10.225,0.06793230690512754,0.1378400855132065,0.005434355923347398,0.0007036338307423121,-0.0505143745017436,-0.00028495143614347017,0.0006543335923738138,0.2886672895998159,0.17369104519099995,0.3899054789779497,0.225,0.15,0.38999999999999996,1.5,129.89377645008383,0.04067844837377981,True,False,False
10.23,0.067916668242758,0.13763836917473196,0.005648144949123078,0.0007072772882360879,-0.0505143745017436,-0.00028495143614347017,0.0006543335923738138,0.2886606039908562,0.17366415795948462,0.3899053808433873,0.225,0.15,0.38999999999999996,1.5,129.8937764492123,0.040626244202924156,True,False,False
10.235,0.06790057207262283,0.13743542862786373,0.0058620610012263125,0.0007110251564681543,-0.0505143745017436,-0.00028495143614347017,0.0006543335923738138,0.28865382223633246,0.17363619326932406,0.3899052887018539,0.225,0.15,0.38999999999999996,1.5,129.89377647843784,0.04057350627558506,True,False,False
10.24,0.0678840202912149,0.13723129048954058,0.006076083327972814,0.0007148676842080286,-0.0505143745017436,-0.00028495143614347017,0.0006543335923738138,0.28864694521112305,0.17360715123972323,0.3899052026624261,0.225,0.15,0.38999999999999996,1.5,129.8937765377619,0.040520236084346364,True,False,False
10.245000000000001,0.06786701484900474,0.13702598288921178,0.006290193586188655,0.0007187962767848068,-0.0505143745017436,-0.00028495143614347017,0.0006543335923738138,0.2886399737950854,0.17357703200575567,0.3899051228402095,0.225,0.15,0.38999999999999996,1.5,129.89377662718044,0.04046643512769627,True,False,False
10.25,0.06784955775022561,0.13681953515223658,0.006504375448058815,0.0007228034324605007,-0.05067441438561221,0.0008188937695300909,0.000618896175155491,0.2886329088726983,0.17354583571834128,0.38990504935515813,0.225,0.15,0.38999999999999996,1.5,129.89326341565587,0.04159272506998011,True,False,False
10.255,0.06783165042450763,0.13661196521092595,0.006719312107950372,0.000726990809964869,-0.05067441438561221,0.0008188937695300909,0.000618896175155491,0.2886257513209044,0.1735135607618935,0.38990498179236915,0.225,0.15,0.38999999999999996,1.5,129.89326356439935,0.04153628110133059,True,False,False
10.26,0.0678132943540266,0.1364032796614342,0.006934293198553046,0.0007313155456376044,-0.05067441438561221,0.0008188937695300909,0.000618896175155491,0.28861850201591893,0.1734802055385304,0.3899049196932045,0.225,0.15,0.38999999999999996,1.5,129.89326374431812,0.041479295496926964,True,False,False
10.265,0.06779449170502155,0.1361934936602293,0.007149306376827815,0.0007357642956829699,-0.05067441438561221,0.0008188937695300909,0.000618896175155491,0.2886111618497629,0.17344577025051972,0.38990486312306294,0.225,0.15,0.38999999999999996,1.5,129.89326395542543,0.041421769822956346,True,False,False
10.27,0.0677752447001674,0.13598262507841524,0.007364340390495234,0.0007403238584492081,-0.05067441438561221,0.0008188937695300909,0.000618896175155491,0.28860373172094583,0.1734102551163428,0.38990481215800377,0.225,0.15,0.38999999999999996,1.5,129.89326419772607,0.041363705651523947,True,False,False
10.275,0.06775555561816766,0.13577069436575917,0.007579384924879756,0.0007449817770981536,-0.05067441438561221,0.0008188937695300909,0.000618896175155491,0.28859621253389983,0.17337366037066781,0.3899047668842971,0.225,0.15,0.38999999999999996,1.5,129.89326447121712,0.04130510456062311,True,False,False
10.28,0.0677354267933909,0.13555772433576357,0.007794430474390455,0.000749726659084747,-0.05067441438561221,0.0008188937695300909,0.000618896175155491,0.2885886051984576,0.17333598626432414,0.38990472739750803,0.225,0.15,0.38999999999999996,1.5,129.89326477588887,0.041245968134105374,True,False,False
10.285,0.06771486061554886,0.13534373984394552,0.00800946823430749,0.0007545483142502321,-0.05067441438561221,0.0008188937695300909,0.000618896175155491,0.288580910629374,0.17329723306427747,0.38990469380135473,0.225,0.15,0.38999999999999996,1.5,129.8932651117255,0.0411862979616499,True,False,False
10.290000000000001,0.0676938595294169,0.13512876749024674,0.008224490009343027,0.0007594377799117142,-0.05067441438561221,0.0008188937695300909,0.000618896175155491,0.2885731297458919,0.1732574010536052,0.389904666206489,0.225,0.15,0.38999999999999996,1.5,129.89326547870525,0.041126095638733005,True,False,False
10.295,0.0676724260345959,0.13491283530525833,0.008439488136097366,0.0007643872783852451,-0.05067441438561221,0.0008188937695300909,0.000618896175155491,0.2885652634713511,0.17321649053147178,0.38990464472928277,0.225,0.15,0.38999999999999996,1.5,129.8932658768012,0.04106536276659742,True,False,False
10.3,0.06765056268531258,0.1346959724524916,0.008654455417060565,0.0007693901367374209,-0.050827958955254285,0.0019353220895456475,0.0005806771729054197,0.28855731273283836,0.17317450181310368,0.3899046294906992,0.225,0.15,0.38999999999999996,1.5,129.89271501722,0.042198188041453324,True,False,False
10.305,0.06762827146397019,0.1344781970760703,0.008870094941037054,0.0007745943478754453,-0.050827958955254285,0.0019353220895456475,0.0005806771729054197,0.2885492784496722,0.173131433427139,0.38990462004241194,0.225,0.15,0.38999999999999996,1.5,129.89271548516842,0.04213479481231996,True,False,False
10.31,0.06760555440762045,0.1342595164464466,0.009085690456852182,0.0007799072928484764,-0.050827958955254285,0.0019353220895456475,0.0005806771729054197,0.2885411615397826,0.17308728392014358,0.38990461589408176,0.225,0.15,0.38999999999999996,1.5,129.89271598534432,0.042070860295412245,True,False,False
10.315,0.06758241423689902,0.13403994606109862,0.009301235596089755,0.0007853165851083102,-0.050827958955254285,0.0019353220895456475,0.0005806771729054197,0.28853296293541136,0.1730420536593538,0.38990461711411617,0.225,0.15,0.38999999999999996,1.5,129.8927165177354,0.042006386159607154,True,False,False
10.32,0.06755885372969557,0.1338195040014867,0.009516724299156577,0.0007908100813993537,-0.050827958955254285,0.0019353220895456475,0.0005806771729054197,0.28852468357432115,0.17299574302843101,0.38990462378105734,0.225,0.15,0.38999999999999996,1.5,129.89271708232127,0.04194137407955715,True,False,False
10.325000000000001,0.06753487572077019,0.13359821080543394,0.009732150781349818,0.0007963764344964452,-0.050827958955254285,0.0019353220895456475,0.0005806771729054197,0.28851632439924846,0.17294835242743142,0.38990463598313474,0.225,0.15,0.38999999999999996,1.5,129.89271767907425,0.041875825735658956,True,False,False
10.33,0.06751048310141246,0.13337608922641916,0.009947509503023807,0.0008020053759099235,-0.050827958955254285,0.0019353220895456475,0.0005806771729054197,0.2885078863574005,0.17289988227277736,0.38990465381738576,0.225,0.15,0.38999999999999996,1.5,129.89271830796025,0.041809742814022124,True,False,False
10.335,0.06748567881913801,0.1331531639742285,0.010162795143419617,0.0008076878275914677,-0.050827958955254285,0.0019353220895456475,0.0005806771729054197,0.2884993703999914,0.17285033299723004,0.38990467738857,0.225,0.15,0.38999999999999996,1.5,129.89271896893908,0.04174312700643716,True,False,False
10.34,0.06746046587742817,0.13292946138186543,0.010378002577725805,0.000813415908673964,-0.050827958955254285,0.0019353220895456475,0.0005806771729054197,0.28849077748182433,0.17279970504986134,0.38990470680797784,0.225,0.15,0.38999999999999996,1.5,129.89271966196512,0.04167598001034372,True,False,False
10.345,0.06743484733550645,0.13270500914336253,0.010593126856967117,0.0008191828807591364,-0.050827958955254285,0.0019353220895456475,0.0005806771729054197,0.2884821085609127,0.17274799889602652,0.38990474219228555,0.225,0.15,0.38999999999999996,1.5,129.8927203869875,0.04160830352879854,True,False,False
10.35,0.06740882630815374,0.1324798359939838,0.010808163190356464,0.0008249830600127406,-0.050973772403760526,0.003062737858779038,0.0005401095733054367,0.28847336459814304,0.17269521501733584,0.3899047836624588,0.225,0.15,0.38999999999999996,1.5,129.89213770359154,0.04274594763148965,True,False,False
10.355,0.06738240534485473,0.132253960143555,0.011023826105596766,0.0008310033152078937,-0.050973772403760526,0.003062737858779038,0.0005401095733054367,0.2884645465464863,0.17264135209123865,0.3899048307415913,0.225,0.15,0.38999999999999996,1.5,129.892138509063,0.04267559743171803,True,False,False
10.36,0.06735558705197507,0.13202738945546777,0.011239391691056963,0.0008371076970243762,-0.050973772403760526,0.003062737858779038,0.0005401095733054367,0.2884556553569029,0.1725864088133082,0.3899048829128361,0.225,0.15,0.38999999999999996,1.5,129.8921393476696,0.042604707159075356,True,False,False
10.365,0.0673283747153745,0.13180013963145165,0.011454855329527752,0.0008432851314136195,-0.050973772403760526,0.003062737858779038,0.0005401095733054367,0.28844669199309336,0.1725303857177545,0.38990494024706107,0.225,0.15,0.38999999999999996,1.5,129.8921402193726,0.042533278584078855,True,False,False
10.370000000000001,0.06730077167901573,0.13157222880897884,0.011670212527778336,0.0008495248323294835,-0.050973772403760526,0.003062737858779038,0.0005401095733054367,0.28843765742329674,0.1724732833554006,0.38990500282465473,0.225,0.15,0.38999999999999996,1.5,129.89214112412571,0.04246131348286731,True,False,False
10.375,0.06727278134460174,0.13134367742231512,0.011885458905210587,0.0008558167974442771,-0.050973772403760526,0.003062737858779038,0.0005401095733054367,0.2884285526197665,0.17241510229364954,0.38990507073510666,0.225,0.15,0.38999999999999996,1.5,129.8921420618759,0.04238881363716843,True,False,False
10.38,0.06724440717125323,0.13111450799277563,0.012100590183566209,0.0008621520546262296,-0.050973772403760526,0.003062737858779038,0.0005401095733054367,0.2884193785582888,0.17235584311645313,0.38990514407617216,0.225,0.15,0.38999999999999996,1.5,129.89214303256355,0.0423157808342659,True,False,False
10.385,0.06721565267522427,0.13088474485842677,0.012315602177672393,0.0008685227519501705,-0.050973772403760526,0.003062737858779038,0.0005401095733054367,0.2884101362177417,0.17229550642428093,0.38990522295281327,0.225,0.15,0.38999999999999996,1.5,129.89214403612402,0.042242216866966616,True,False,False
10.39,0.06718652142965163,0.13065441388708685,0.012530490787165376,0.0008749221527480775,-0.050973772403760526,0.003062737858779038,0.0005401095733054367,0.2884008265796908,0.17223409283408997,0.38990530747611246,0.225,0.15,0.38999999999999996,1.5,129.89214507248684,0.04216812353356703,True,False,False
10.395,0.06715701706434644,0.13042354219473692,0.012745251989110118,0.0008813445759735599,-0.050973772403760526,0.003062737858779038,0.0005401095733054367,0.288391450628031,0.17217160297929354,0.389905397762142,0.225,0.15,0.38999999999999996,1.5,129.89214614157692,0.04209350263782018,True,False,False
10.4,0.06712714326561539,0.13019215786377372,0.012959881831427576,0.0008877853078441013,-0.05111073244527522,0.0041995037578526455,0.0004976303226741871,0.28838200934866076,0.1721080375097304,0.3899054939309463,0.225,0.15,0.38999999999999996,1.5,129.89153752521875,0.043234215192506614,True,False,False
10.405,0.06709690316480182,0.1299602790182429,0.013175103093378278,0.0008944630783024937,-0.05111073244527522,0.0041995037578526455,0.0004976303226741871,0.2883725037194994,0.17204339525608084,0.3899055954819963,0.225,0.15,0.38999999999999996,1.5,129.89153868536,0.04315691128414537,True,False,False
10.41,0.06706629995242863,0.1297279140363525,0.013390184917559661,0.0009012049371376813,-0.05111073244527522,0.0041995037578526455,0.0004976303226741871,0.28836293471587693,0.17197767506731973,0.38990570187721435,0.225,0.15,0.38999999999999996,1.5,129.89153987939048,0.043079069396555744,True,False,False
10.415000000000001,0.06703533749062991,0.12949507870803306,0.013605123342488458,0.0009080012381261236,-0.05111073244527522,0.0041995037578526455,0.0004976303226741871,0.28835330332422965,0.17191087764640003,0.3899058131893932,0.225,0.15,0.38999999999999996,1.5,129.89154110724445,0.04300069140066707,True,False,False
10.42,0.06700401970045605,0.1292617910689794,0.013819914471354186,0.0009148426310156803,-0.05111073244527522,0.0041995037578526455,0.0004976303226741871,0.288343610534542,0.17184300371305258,0.38990592950018793,0.225,0.15,0.38999999999999996,1.5,129.89154236884926,0.04292177917286486,True,False,False
10.425,0.0669723505615288,0.12902807129726987,0.014034554466778325,0.0009217204977141524,-0.05111073244527522,0.0041995037578526455,0.0004976303226741871,0.28833385733985134,0.1717740540037499,0.389906050899693,0.225,0.15,0.38999999999999996,1.5,129.89154366412555,0.04284233459495676,True,False,False
10.43,0.0669403341117332,0.12879394149858434,0.014249039545982962,0.0009286271644620265,-0.05111073244527522,0.0041995037578526455,0.0004976303226741871,0.28832404473579276,0.17170402927167194,0.3899061774856583,0.225,0.15,0.38999999999999996,1.5,129.89154499298837,0.04276235955413859,True,False,False
10.435,0.06690797444694067,0.12855942545512414,0.014463365976402022,0.0009355559742814874,-0.05111073244527522,0.0041995037578526455,0.0004976303226741871,0.2883141737201781,0.17163293028667231,0.38990630936251836,0.225,0.15,0.38999999999999996,1.5,129.89154635534746,0.042681855942959854,True,False,False
10.44,0.066875275720771,0.1283245483604644,0.014677530071730014,0.0009425012753492166,-0.05111073244527522,0.0041995037578526455,0.0004976303226741871,0.2883042452926182,0.17156075783524458,0.3899064466403233,0.225,0.15,0.38999999999999996,1.5,129.89154775110762,0.04260082565928925,True,False,False
10.445,0.06684224214438342,0.12808933654866822,0.014891528188382871,0.0009494583615585596,-0.05111073244527522,0.0041995037578526455,0.0004976303226741871,0.2882942604541782,0.17148751272048832,0.3899065894337238,0.225,0.15,0.38999999999999996,1.5,129.8915491801689,0.04251927060628005,True,False,False
10.450000000000001,0.06680887798630392,0.12785381724036843,0.015105356722336729,0.0009564233885232383,-0.05123783658529422,0.005343942774509969,0.00045367347382262494,0.288284220207073,0.17141319576207537,0.3899067378609798,0.225,0.15,0.38999999999999996,1.5,129.8909204969327,0.04366126962758512,True,False,False
10.455,0.06677518697425355,0.12761800832462314,0.015319744799461351,0.0009636408015773187,-0.05123783658529422,0.005343942774509969,0.00045367347382262494,0.28827412554555176,0.17133780594816223,0.38990689140292456,0.225,0.15,0.38999999999999996,1.5,129.89092202758485,0.04357702641227988,True,False,False
10.46,0.06674117289741557,0.12738191863930837,0.01553395573833106,0.0009709064300298816,-0.05123783658529422,0.005343942774509969,0.00045367347382262494,0.2882639774607456,0.1712613422853441,0.38990704950548644,0.225,0.15,0.38999999999999996,1.5,129.89092359271825,0.043492248200717634,True,False,False
10.465,0.06670684020471372,0.1271455639312872,0.015747985865776488,0.0009782120362203154,-0.05123783658529422,0.005343942774509969,0.00045367347382262494,0.2882537769532069,0.1711838056468448,0.3899072122429069,0.225,0.15,0.38999999999999996,1.5,129.89092519223976,0.04340693696283204,True,False,False
10.47,0.06667219340468257,0.1269089620101245,0.015961831549689547,0.000985549665265855,-0.05123783658529422,0.005343942774509969,0.00045367347382262494,0.28824352502604944,0.17110519692280624,0.3899073796975419,0.225,0.15,0.38999999999999996,1.5,129.89092682604985,0.043321094673836234,True,False,False
10.475,0.0666372370651305,0.12667213263533653,0.016175489195931335,0.000992912021849949,-0.05123783658529422,0.005343942774509969,0.00045367347382262494,0.2882332226844828,0.17102551702024982,0.3899075519594872,0.225,0.15,0.38999999999999996,1.5,129.8909284940427,0.04323472331418765,True,False,False
10.48,0.06660197581283767,0.12643509733898678,0.01638895524548022,0.0010002926503156803,-0.05123783658529422,0.005343942774509969,0.00045367347382262494,0.28822287093538657,0.17094476686303878,0.3899077291258365,0.225,0.15,0.38999999999999996,1.5,129.89093019610746,0.04314782486955258,True,False,False
10.485,0.06656641433328277,0.12619787917121045,0.016602226171846274,0.001007685992678383,-0.05123783658529422,0.005343942774509969,0.00045367347382262494,0.2882124707869168,0.17086294739184169,0.38990791129977403,0.225,0.15,0.38999999999999996,1.5,129.89093193212827,0.04306040133077052,True,False,False
10.49,0.06653055737040132,0.12596050247469293,0.016815298478751486,0.0010150873736595669,-0.05123783658529422,0.005343942774509969,0.00045367347382262494,0.2882020232481499,0.17078005956409525,0.38990809858959946,0.225,0.15,0.38999999999999996,1.5,129.8909337019846,0.04297245469381844,True,False,False
10.495000000000001,0.06649440972637564,0.12572299260439898,0.017028168698060647,0.0010224929446292037,-0.05123783658529422,0.005343942774509969,0.00045367347382262494,0.28819152932876263,0.17069610435396806,0.38990829110776054,0.225,0.15,0.38999999999999996,1.5,129.89093550555157,0.04288398695977477,True,False,False
10.5,0.06645797626144963,0.12548537571960783,0.017240833387942023,0.0010298996068174415,-0.05135420684566615,0.006494340259036991,0.00040866452204527587,0.28818099003874265,0.17061108275232248,0.389908488969953,0.225,0.15,0.38999999999999996,1.5,129.89029252088253,0.044025461205593225,True,False,False
10.505,0.06642126131303748,0.1252476693548074,0.017454026530844668,0.0010375723313234867,-0.05135420684566615,0.006494340259036991,0.00040866452204527587,0.28817040638020563,0.17052499390885362,0.38990869164328074,0.225,0.15,0.38999999999999996,1.5,129.8902944364459,0.043934304376726296,True,False,False
10.51,0.06638426928216319,0.12500988274020652,0.01766700681595001,0.0010452808184531377,-0.05135420684566615,0.006494340259036991,0.00040866452204527587,0.28815977935166553,0.1704378369918108,0.3899088985628522,0.225,0.15,0.38999999999999996,1.5,129.89029638691227,0.043842616433228565,True,False,False
10.515,0.06634700521354062,0.12477203146522409,0.017879770712104733,0.001053018153929596,-0.05135420684566615,0.006494340259036991,0.00040866452204527587,0.2881491099593429,0.1703496130459686,0.38990910980387505,0.225,0.15,0.38999999999999996,1.5,129.89029837216088,0.043750399442450155,True,False,False
10.52,0.06630947421195496,0.12453413297960195,0.01809231471808936,0.0010607776819004757,-0.05135420684566615,0.006494340259036991,0.00040866452204527587,0.28813839921104,0.17026032313313497,0.3899093254488921,0.225,0.15,0.38999999999999996,1.5,129.8903003920651,0.04365765547683279,True,False,False
10.525,0.0662716814419267,0.12429620649692467,0.018304635360476537,0.0010685533241518725,-0.05135420684566615,0.006494340259036991,0.00040866452204527587,0.2881276481157119,0.17016996833210987,0.3899095455874252,0.225,0.15,0.38999999999999996,1.5,129.89030244649274,0.04356438661387347,True,False,False
10.53,0.06623363212740352,0.12405827281768995,0.01851672919167602,0.001076339730424319,-0.05135420684566615,0.006494340259036991,0.00040866452204527587,0.2881168576830705,0.17007854973864509,0.3899097703153018,0.225,0.15,0.38999999999999996,1.5,129.89030453530665,0.04347059493608753,True,False,False
10.535,0.06619533155147936,0.12382035410616016,0.018728592788179396,0.001084132324309758,-0.05135420684566615,0.006494340259036991,0.00040866452204527587,0.2881060289232221,0.16998606846540404,0.38990999973380785,0.225,0.15,0.38999999999999996,1.5,129.89030665836523,0.04337628253097208,True,False,False
10.540000000000001,0.06615678505613899,0.12358247367049853,0.018940222748999373,0.001091927287058524,-0.05135420684566615,0.006494340259036991,0.00040866452204527587,0.2880951628463363,0.16989252564192223,0.38991023394880614,0.225,0.15,0.38999999999999996,1.5,129.89030881552256,0.04328145149096871,True,False,False
10.545,0.066117998042031,0.1233446557373619,0.019151615694289827,0.0010997215067100109,-0.05135420684566615,0.006494340259036991,0.00040866452204527587,0.28808426046234964,0.16979792241456723,0.3899104730698437,0.225,0.15,0.38999999999999996,1.5,129.89031100662874,0.04318610391342651,True,False,False
10.55,0.06607897596826261,0.12310692520902758,0.0193627682641292,0.0011075125099957023,-0.05145909297120436,0.007648946071958162,0.00036301583107786994,0.28807332278069814,0.16970225994649812,0.3899107172093309,0.225,0.15,0.38999999999999996,1.5,129.88965932368401,0.04432521532578368,True,False,False
10.555,0.06603972379283425,0.12286929915951603,0.019574417964917212,0.0011155814848019222,-0.05145909297120436,0.007648946071958162,0.00036301583107786994,0.2880623508031113,0.16960553755281713,0.38991096582543305,0.225,0.15,0.38999999999999996,1.5,129.88966163698223,0.04422718200486954,True,False,False
10.56,0.06600024653923378,0.12263178712711617,0.01978582006407823,0.0011236764208913733,-0.05145909297120436,0.007648946071958162,0.00036301583107786994,0.2880513455272842,0.1695077545672697,0.3899112183474407,0.225,0.15,0.38999999999999996,1.5,129.8896639854273,0.04412862235763386,True,False,False
10.565,0.06596054985419614,0.12239440445312388,0.019996971106806514,0.0011317916135438432,-0.05145909297120436,0.007648946071958162,0.00036301583107786994,0.28804030795688473,0.16940891220720622,0.38991147485108346,0.225,0.15,0.38999999999999996,1.5,129.88966636887085,0.044029538547074906,True,False,False
10.57,0.06592063944461835,0.12215716810142419,0.020207867662201538,0.001139921586805025,-0.05145909297120436,0.007648946071958162,0.00036301583107786994,0.28802923909620115,0.16930901170710064,0.3899117354185978,0.225,0.15,0.38999999999999996,1.5,129.88966878715914,0.043929932741083595,True,False,False
10.575000000000001,0.06588052107720854,0.12192009660832835,0.02041850632164599,0.0011480613581584423,-0.05145909297120436,0.007648946071958162,0.00036301583107786994,0.28801813994974934,0.1692080543185062,0.3899120001383981,0.225,0.15,0.38999999999999996,1.5,129.88967124013337,0.043829807112405916,True,False,False
10.58,0.0658402005781602,0.1216832099119617,0.020628883697347975,0.0011562065614559172,-0.05145909297120436,0.007648946071958162,0.00036301583107786994,0.2880070115219128,0.16910604131001195,0.3899122691044724,0.225,0.15,0.38999999999999996,1.5,129.88967372763025,0.043729163838604916,True,False,False
10.585,0.06579968383284703,0.1214465291435811,0.02083899642104898,0.0011643534825093,-0.05145909297120436,0.007648946071958162,0.00036301583107786994,0.2879958548166106,0.16900297396720002,0.38991254241561407,0.225,0.15,0.38999999999999996,1.5,129.8896762494825,0.04362800510202275,True,False,False
10.59,0.06575897678554017,0.12121007643141717,0.02104884114288789,0.0011724990429873839,-0.05145909297120436,0.007648946071958162,0.00036301583107786994,0.2879846708369952,0.1688988535926025,0.3899128201746199,0.225,0.15,0.38999999999999996,1.5,129.8896788055188,0.043526333089742256,True,False,False
10.595,0.06571808543914863,0.1209738746931106,0.02125841453040677,0.001180640755650852,-0.05145909297120436,0.007648946071958162,0.00036301583107786994,0.2879734605851816,0.1687936815056588,0.38991310248749417,0.225,0.15,0.38999999999999996,1.5,129.88968139556422,0.04342414999354894,True,False,False
10.6,0.06567701585497793,0.12073794744375602,0.02146771326768235,0.0011887766655466546,-0.051551874186944756,0.008805976822085386,0.00031712300845053253,0.287962225062003,0.16868745904267177,0.38991338946269477,0.225,0.15,0.38999999999999996,1.5,129.88902640594137,0.0445590362242308,True,False,False
10.605,0.06563577361858002,0.12050231115216332,0.0216774771157178,0.0011972006178652623,-0.051551874186944756,0.008805976822085386,0.00031712300845053253,0.28795096526081965,0.1685801856878186,0.38991368055408204,0.225,0.15,0.38999999999999996,1.5,129.88902912808626,0.04445417508109624,True,False,False
10.61,0.06559436438242976,0.120266975631993,0.021886959132967603,0.0012056427141282878,-0.051551874186944756,0.008805976822085386,0.00031712300845053253,0.2879396821705772,0.16847186094398045,0.38991397518992604,0.225,0.15,0.38999999999999996,1.5,129.88903188543696,0.0443487933133292,True,False,False
10.615,0.06555279439720106,0.12003195585155237,0.022096155908979835,0.0012140983350234962,-0.051551874186944756,0.008805976822085386,0.00031712300845053253,0.2879283767844568,0.1683624862018491,0.38991427344604584,0.225,0.15,0.38999999999999996,1.5,129.88903467781745,0.04424289317762719,True,False,False
10.620000000000001,0.06551106997327893,0.11979726819022964,0.022305064053542115,0.001222563058359984,-0.051551874186944756,0.008805976822085386,0.00031712300845053253,0.2879170500953216,0.168252062869304,0.3899145754039053,0.225,0.15,0.38999999999999996,1.5,129.88903750504693,0.04413647693537059,True,False,False
10.625,0.06546919748037824,0.11956293039399944,0.022513680195401908,0.001231032873112275,-0.051551874186944756,0.008805976822085386,0.00031712300845053253,0.28790570309536473,0.1681405923713647,0.38991488115031747,0.225,0.15,0.38999999999999996,1.5,129.88904036694026,0.044029546852583666,True,False,False
10.63,0.06542718334718138,0.11932896139593333,0.02272200098113586,0.0012395042774749876,-0.051551874186944756,0.008805976822085386,0.00031712300845053253,0.2878943367757856,0.16802807615014514,0.3899151907768999,0.225,0.15,0.38999999999999996,1.5,129.8890432633081,0.0439221051998956,True,False,False
10.635,0.06538503406099176,0.1190953811620514,0.022930023074161213,0.0012479743056646902,-0.051551874186944756,0.008805976822085386,0.00031712300845053253,0.28788295212649073,0.16791451566480736,0.38991550437940214,0.225,0.15,0.38999999999999996,1.5,129.88904619395748,0.043814154252501195,True,False,False
10.64,0.06534275616740522,0.11886221051687461,0.02313774315387676,0.0012564405127304685,-0.051551874186944756,0.008805976822085386,0.00031712300845053253,0.2878715501358226,0.16779991239151548,0.3899158220569888,0.225,0.15,0.38999999999999996,1.5,129.88904915869173,0.04370569629012131,True,False,False
10.645,0.06530035627000062,0.11862947092689743,0.023345157914918577,0.0012649009362449338,-0.051551874186944756,0.008805976822085386,0.00031712300845053253,0.2878601317903172,0.16768426782338994,0.3899161439115205,0.225,0.15,0.38999999999999996,1.5,129.8890521573116,0.043596733596964025,True,False,False
10.65,0.06525784103003958,0.11839718436454384,0.023552264066515706,0.0012733540468272133,-0.05163205960038758,0.009963618192828368,0.0002713620775132499,0.28784869807448077,0.16756758347046097,0.38991647004691654,0.225,0.15,0.38999999999999996,1.5,129.8883990021532,0.04472551061455827,True,False,False
10.655,0.06521521666183534,0.11816536660692055,0.023759802378537274,0.0012821034018428257,-0.05163205960038758,0.009963618192828368,0.0002713620775132499,0.2878372499656459,0.16744985898943807,0.38991679991714556,0.225,0.15,0.38999999999999996,1.5,129.8884021424114,0.04461388197085472,True,False,False
10.66,0.06517248944740968,0.11793402766247767,0.023967024920308253,0.001290864531002795,-0.05163205960038758,0.009963618192828368,0.0002713620775132499,0.28782578843640216,0.16733109405576732,0.38991713295401936,0.225,0.15,0.38999999999999996,1.5,129.88840531774252,0.04450173932292078,True,False,False
10.665000000000001,0.06512966623711397,0.11770318203435307,0.024173928309401037,0.001299633774566067,-0.05163205960038758,0.009963618192828368,0.0002713620775132499,0.2878143144618485,0.1672112902339823,0.3899174692330267,0.225,0.15,0.38999999999999996,1.5,129.8884085279434,0.04438908501902417,True,False,False
10.67,0.06508675393981576,0.11747284541948139,0.024380509181186765,0.0013084076381797486,-0.05163205960038758,0.009963618192828368,0.0002713620775132499,0.28780282901585785,0.16709044910584114,0.3899178088344199,0.225,0.15,0.38999999999999996,1.5,129.88841177280656,0.044275921411894875,True,False,False
10.675,0.06504375952246771,0.11724303465128488,0.02458676418781556,0.0013171829608361332,-0.05163205960038758,0.009963618192828368,0.0002713620775132499,0.28779133307076843,0.1669685722702772,0.38991815184294126,0.225,0.15,0.38999999999999996,1.5,129.8884150521206,0.04416225085868491,True,False,False
10.68,0.06500069000968715,0.117013767554378,0.024792689997330353,0.00132595699067122,-0.05163205960038758,0.009963618192828368,0.0002713620775132499,0.2877798275970972,0.16684566134334936,0.3899184983473558,0.225,0.15,0.38999999999999996,1.5,129.8884183656704,0.04404807572092815,True,False,False
10.685,0.06495755248334845,0.11678506281930769,0.024998283292902528,0.0013347274043215662,-0.05163205960038758,0.009963618192828368,0.0002713620775132499,0.2877683135632772,0.1667217179581934,0.38991884843986013,0.225,0.15,0.38999999999999996,1.5,129.88842171323785,0.04393339836450006,True,False,False
10.69,0.06491435408218663,0.11655693981943963,0.02520354077217509,0.0013434922931650315,-0.05163205960038758,0.009963618192828368,0.0002713620775132499,0.28775679193541803,0.16659674376497277,0.38991920221545423,0.225,0.15,0.38999999999999996,1.5,129.88842509460179,0.04381822115957722,True,False,False
10.695,0.06487110200141107,0.11632941846946435,0.025408459146699168,0.0013522501314612732,-0.05163205960038758,0.009963618192828368,0.0002713620775132499,0.2877452636770882,0.16647074043082982,0.3899195597713585,0.225,0.15,0.38999999999999996,1.5,129.88842850953736,0.0437025464805965,True,False,False
10.700000000000001,0.06482780349233289,0.11610251906018487,0.025613035141450458,0.00136099973587979,-0.051699287355593586,0.011120027354488922,0.00022608729851928907,0.28773372974912353,0.1663437096398363,0.38991992120640406,0.225,0.15,0.38999999999999996,1.5,129.88778204908203,0.04482331125549944,True,False,False
10.705,0.06478446539132138,0.11587625658702626,0.025818009294697658,0.0013700519258255978,-0.051699287355593586,0.011120027354488922,0.00022608729851928907,0.28772219110554403,0.1662156512244733,0.389920285978848,0.225,0.15,0.38999999999999996,1.5,129.8877856147442,0.04470498717111509,True,False,False
10.71,0.06474109460235113,0.11565064117944582,0.026022633916286026,0.0013791105533740564,-0.051699287355593586,0.011120027354488922,0.00022608729851928907,0.28771064869535135,0.1660865650359621,0.389920653528321,0.225,0.15,0.38999999999999996,1.5,129.8877892151491,0.04458615662555531,True,False,False
10.715,0.06469769856281965,0.11542568678968261,0.026226905643470532,0.001388172794976718,-0.051699287355593586,0.011120027354488922,0.00022608729851928907,0.287699103468353,0.16595645281290755,0.38992102392959294,0.225,0.15,0.38999999999999996,1.5,129.88779285006657,0.04446682205634928,True,False,False
10.72,0.06465428476647081,0.11520140833459316,0.026430821129570698,0.0013972359617772194,-0.051699287355593586,0.011120027354488922,0.00022608729851928907,0.28768755637226123,0.16582531631114952,0.3899213972612816,0.225,0.15,0.38999999999999996,1.5,129.88779651926282,0.04434698590525721,True,False,False
10.725,0.06461086076288716,0.11497782163131279,0.0266343770431671,0.0014062976264293489,-0.051699287355593586,0.011120027354488922,0.00022608729851928907,0.2876760083524264,0.16569315730371015,0.38992177360563235,0.225,0.15,0.38999999999999996,1.5,129.88780022250072,0.04422665061822884,True,False,False
10.73,0.0645674341569899,0.11475494330982913,0.026837570067413982,0.0014153556793310622,-0.051699287355593586,0.011120027354488922,0.00022608729851928907,0.2876644603515909,0.16555997758074228,0.38992215304810773,0.225,0.15,0.38999999999999996,1.5,129.88780395953992,0.044105818645362414,True,False,False
10.735,0.06452401260854426,0.11453279066397193,0.027040396899454082,0.001424408341771098,-0.051699287355593586,0.011120027354488922,0.00022608729851928907,0.2876529133096627,0.16542577894947658,0.3899225356768937,0.225,0.15,0.38999999999999996,1.5,129.88780773013735,0.043984492440863034,True,False,False
10.74,0.06448060383167015,0.1143113815197002,0.02724285424992123,0.0014334541539177147,-0.051699287355593586,0.011120027354488922,0.00022608729851928907,0.2876413681635081,0.16529056323417046,0.3899229215823811,0.225,0.15,0.38999999999999996,1.5,129.88781153404676,0.043862674463001225,True,False,False
10.745000000000001,0.06443721559436053,0.11409073411774315,0.027444938842517662,0.0014424919491700366,-0.051699287355593586,0.011120027354488922,0.00022608729851928907,0.2876298258467664,0.16515433227605575,0.38992331085664267,0.225,0.15,0.38999999999999996,1.5,129.88781537101997,0.04374036717407158,True,False,False
10.75,0.0643938557180012,0.11387086696919492,0.027646647413654316,0.0014515208221337606,-0.051753322649544846,0.012273335460068776,0.00018162950998428033,0.28761828728968064,0.16501708793328615,0.38992370359296047,0.225,0.15,0.38999999999999996,1.5,129.88718016091718,0.04485120043790942,True,False,False
10.755,0.06435053164392716,0.11365179420052796,0.027848719025944657,0.0014608568001592368,-0.051753322649544846,0.012273335460068776,0.00018162950998428033,0.2876067534160919,0.1648788302171264,0.38992409925780375,0.225,0.15,0.38999999999999996,1.5,129.88718415717273,0.044726264779870725,True,False,False
10.76,0.06430725087981604,0.1134335259920762,0.02805040747107762,0.001470194600187415,-0.051753322649544846,0.012273335460068776,0.00018162950998428033,0.28759522514460034,0.16473955915755562,0.38992449730261847,0.225,0.15,0.38999999999999996,1.5,129.887188187638,0.04460083112888214,True,False,False
10.765,0.06426402142662961,0.11321607565356658,0.02825170940208148,0.0014795321161520894,-0.051753322649544846,0.012273335460068776,0.00018162950998428033,0.2875837033929476,0.16459927666720464,0.389924897801061,0.225,0.15,0.38999999999999996,1.5,129.88719225205656,0.044474902009246794,True,False,False
10.77,0.06422085133826624,0.11299945723758388,0.02845262148676716,0.001488867347722017,-0.051753322649544846,0.012273335460068776,0.00018162950998428033,0.28757218907595017,0.16445798467592215,0.3899253008297441,0.225,0.15,0.38999999999999996,1.5,129.887196350169,0.0443484799492571,True,False,False
10.775,0.06417774872095863,0.11278368546814664,0.028653140407114176,0.0014981984911440218,-0.051753322649544846,0.012273335460068776,0.00018162950998428033,0.2875606831052836,0.16431568513071915,0.38992570646799457,0.225,0.15,0.38999999999999996,1.5,129.8872004817127,0.044221567481152205,True,False,False
10.78,0.06413472173265991,0.11256877567160205,0.028853262858753,0.0015075239786220874,-0.051753322649544846,0.012273335460068776,0.00018162950998428033,0.2875491863892703,0.16417237999571377,0.3899261147975843,0.225,0.15,0.38999999999999996,1.5,129.88720464642267,0.04409416714107593,True,False,False
10.785,0.06409177858244133,0.11235474365473246,0.02905298555052996,0.0015168424864012721,-0.051753322649544846,0.012273335460068776,0.00018162950998428033,0.2875376998326954,0.16402807125207675,0.3899265259022755,0.225,0.15,0.38999999999999996,1.5,129.88720884403142,0.043966281469034224,True,False,False
10.790000000000001,0.06404892752988282,0.11214160562038156,0.02925230520414133,0.001526152924685773,-0.051753322649544846,0.012273335460068776,0.00018162950998428033,0.287526224336632,0.16388276089797627,0.38992693986742455,0.225,0.15,0.38999999999999996,1.5,129.88721307426889,0.04383791300885252,True,False,False
10.795,0.06400617688446537,0.11192937803971012,0.029451218553825306,0.0015354544178096264,-0.051753322649544846,0.012273335460068776,0.00018162950998428033,0.2875147607982851,0.16373645094852346,0.38992735677956025,0.225,0.15,0.38999999999999996,1.5,129.8872173368628,0.04370906430813331,True,False,False
10.8,0.06396353500496126,0.11171807754576717,0.029649722346102095,0.0015447462799520108,-0.051794054718935875,0.013421650221924026,0.0001382948852334021,0.2875033101108503,0.16358914343571648,0.3899277767259949,0.225,0.15,0.38999999999999996,1.5,129.88659760988617,0.04480803338392268,True,False,False
10.805,0.06392100990747647,0.1115077173088739,0.029848552916088462,0.00155434800840317,-0.051794054718935875,0.013421650221924026,0.0001382948852334021,0.2874918731615842,0.16344083855238026,0.38992819918506044,0.225,0.15,0.38999999999999996,1.5,129.88660203970377,0.044676581877395954,True,False,False
10.81,0.06387860967174706,0.11129830749712563,0.03004696679115055,0.0015639474330497315,-0.051794054718935875,0.013421650221924026,0.0001382948852334021,0.2874804508323339,0.1632915365099986,0.38992862362368463,0.225,0.15,0.38999999999999996,1.5,129.88660650299138,0.04454464177238479,True,False,False
10.815,0.06383634282524958,0.1110898607063741,0.030244960638851476,0.0015735430526675196,-0.051794054718935875,0.013421650221924026,0.0001382948852334021,0.28746904400246814,0.1631412393949041,0.38992905011407253,0.225,0.15,0.38999999999999996,1.5,129.88661099946688,0.04441221567730111,True,False,False
10.82,0.06379421794348207,0.11088239003947643,0.03044253114057453,0.001583133445004367,-0.051794054718935875,0.013421650221924026,0.0001382948852334021,0.28745765354765607,0.16298994931060146,0.38992947873043515,0.225,0.15,0.38999999999999996,1.5,129.88661552884574,0.04427930620429402,True,False,False
10.825000000000001,0.06375224364922634,0.11067590904735289,0.03063967499107898,0.0015927173268617785,-0.051794054718935875,0.013421650221924026,0.0001382948852334021,0.2874462803396882,0.1628376683777097,0.38992990954885454,0.225,0.15,0.38999999999999996,1.5,129.88662009084098,0.04414591596920666,True,False,False
10.83,0.06371042861180716,0.11047043168579941,0.03083638889813119,0.0016022935792882134,-0.051794054718935875,0.013421650221924026,0.0001382948852334021,0.2874349252463129,0.1626843987339042,0.38993034264702087,0.225,0.15,0.38999999999999996,1.5,129.88662468516307,0.04401204759153271,True,False,False
10.835,0.06366878154634589,0.11026597219902505,0.03103266958219822,0.0016118612516641275,-0.051794054718935875,0.013421650221924026,0.0001382948852334021,0.2874235891310857,0.16253014253385897,0.3899307781039212,0.225,0.15,0.38999999999999996,1.5,129.88662931152084,0.043877703694373146,True,False,False
10.84,0.06362731121300669,0.11006254506805291,0.03122851377619298,0.001621419553630957,-0.051794054718935875,0.013421650221924026,0.0001382948852334021,0.2874122728532301,0.1623749019491889,0.38993121599951774,0.225,0.15,0.38999999999999996,1.5,129.88663396962082,0.04374288690439259,True,False,False
10.845,0.06358602641623744,0.10986016492199899,0.03142391822526182,0.0016309678405892576,-0.051794054718935875,0.013421650221924026,0.0001382948852334021,0.28740097726751285,0.1622186791683923,0.389931656414436,0.225,0.15,0.38999999999999996,1.5,129.88663865916786,0.04360759985177605,True,False,False
10.85,0.06354493600400238,0.10965884645829165,0.031618879686607024,0.0016405055963522948,-0.05182149290018241,0.01456305856640423,9.636402238163673e-05,0.2873897032241293,0.1620614763967922,0.3899320994296693,0.225,0.15,0.38999999999999996,1.5,129.8860383112679,0.04469276155100503,True,False,False
10.855,0.06350404852102366,0.10945860181807938,0.031814130506513716,0.0016503543020903071,-0.05182149290018241,0.01456305856640423,9.636402238163673e-05,0.2873784515678425,0.16190329401130665,0.3899325445387658,0.225,0.15,0.38999999999999996,1.5,129.88604317528566,0.04455490181203366,True,False,False
10.86,0.06346337257119204,0.10925944108187594,0.03200893121436387,0.0016601969001497777,-0.05182149290018241,0.01456305856640423,9.636402238163673e-05,0.2873672231378883,0.1617441324074275,0.38993299122751107,0.225,0.15,0.38999999999999996,1.5,129.88604807182355,0.044416563794879384,True,False,False
10.865,0.06342291715508701,0.10906137605599496,0.03220327849276419,0.0016700323886188022,-0.05182149290018241,0.01456305856640423,9.636402238163673e-05,0.28735601876946926,0.16158399384458108,0.38993343956629234,0.225,0.15,0.38999999999999996,1.5,129.88605300057466,0.04427775018922151,True,False,False
10.870000000000001,0.06338269131460245,0.10886441883417375,0.03239716903742418,0.0016798598202846756,-0.05182149290018241,0.01456305856640423,9.636402238163673e-05,0.28734483929336113,0.16142288059929216,0.3899338896266109,0.225,0.15,0.38999999999999996,1.5,129.88605796123016,0.04413846368821468,True,False,False
10.875,0.06334270413205935,0.10866858171847245,0.03259059955686609,0.0016896783370754591,-0.05182149290018241,0.01456305856640423,9.636402238163673e-05,0.2873336855357835,0.16126079496512316,0.389934341480951,0.225,0.15,0.38999999999999996,1.5,129.8860629534791,0.043998706988444575,True,False,False
10.88,0.06330296472930065,0.10847387721990176,0.032783566772187224,0.0016994871836409186,-0.05182149290018241,0.01456305856640423,9.636402238163673e-05,0.2873225583182725,0.16109773925261361,0.38993479520261987,0.225,0.15,0.38999999999999996,1.5,129.8860679770085,0.043858482789883725,True,False,False
10.885,0.06326348226678409,0.10828031797486255,0.032976067416865096,0.001709285708414128,-0.05182149290018241,0.01456305856640423,9.636402238163673e-05,0.28731145845757305,0.16093371578921983,0.38993525086550174,0.225,0.15,0.38999999999999996,1.5,129.8860730315045,0.04371779379584735,True,False,False
10.89,0.06322426594265558,0.10808791667750503,0.03316809823659718,0.0017190733575565274,-0.05182149290018241,0.01456305856640423,9.636402238163673e-05,0.2873003867655317,0.16076872691925412,0.3899357085438642,0.225,0.15,0.38999999999999996,1.5,129.88607811665082,0.04357664271294866,True,False,False
10.895,0.06318532499181441,0.10789668605524644,0.033359655989169144,0.0017288496652282663,-0.05182149290018241,0.01456305856640423,9.636402238163673e-05,0.2872893440490033,0.1606027750038246,0.38993616831213107,0.225,0.15,0.38999999999999996,1.5,129.8860832321299,0.0434350322510547,True,False,False
10.9,0.06314666868496466,0.10770663880678277,0.033550737444345634,0.0017386142423282127,-0.05183576185875483,0.01569562936342329,5.609130954424156e-05,0.28727833110976475,0.16043586242077368,0.38993663024468084,0.225,0.15,0.38999999999999996,1.5,129.8855058120789,0.04450443583370975,True,False,False
10.905,0.06310830603053008,0.10751778598011365,0.03374206968847483,0.0017486892682238308,-0.05183576185875483,0.01569562936342329,5.609130954424156e-05,0.2872673487447046,0.16026798973339415,0.38993709385335157,0.225,0.15,0.38999999999999996,1.5,129.88551110850378,0.044360287383345284,True,False,False
10.91,0.06307024608961272,0.10733013750681471,0.03393291853115645,0.0017587545855352394,-0.05183576185875483,0.01569562936342329,5.609130954424156e-05,0.28725639774511846,0.1600991575234375,0.3899375586458108,0.225,0.15,0.38999999999999996,1.5,129.88551643628682,0.044215671899036156,True,False,False
10.915000000000001,0.06303249826341636,0.10714370434432895,0.03412328067178644,0.0017688095940689077,-0.05183576185875483,0.01569562936342329,5.609130954424156e-05,0.28724547889678415,0.15992936822252946,0.3899380246903149,0.225,0.15,0.38999999999999996,1.5,129.88552179509728,0.04407059214871328,True,False,False
10.92,0.0629950719857182,0.10695849750235538,0.034313152822347516,0.0017788537267277658,-0.05183576185875483,0.01569562936342329,5.609130954424156e-05,0.287234592980385,0.15975862427929138,0.38993849205533854,0.225,0.15,0.38999999999999996,1.5,129.8855271846027,0.043925050903511335,True,False,False
10.925,0.0629579767218045,0.10677452799767212,0.03450253170725816,0.0017888864632245453,-0.05183576185875483,0.01569562936342329,5.609130954424156e-05,0.2872237407714239,0.15958692815927722,0.3899389608094881,0.225,0.15,0.38999999999999996,1.5,129.8855326044692,0.0437790509377236,True,False,False
10.93,0.0629212219673891,0.10659180683240913,0.034691414063251026,0.001798907334480418,-0.05183576185875483,0.01569562936342329,5.609130954424156e-05,0.2872129230401417,0.15941428234491023,0.38993943102139356,0.225,0.15,0.38999999999999996,1.5,129.88553805436172,0.043632595028756875,True,False,False
10.935,0.06288481724751557,0.10641034496523596,0.03487979663927441,0.0018089159215435872,-0.05183576185875483,0.01569562936342329,5.609130954424156e-05,0.28720214055144233,0.15924068933541977,0.38993990275958845,0.225,0.15,0.38999999999999996,1.5,129.8855435339435,0.04348568595708616,True,False,False
10.94,0.06284877211544346,0.10623015328910912,0.03506767619641278,0.0018189118514955766,-0.05183576185875483,0.01569562936342329,5.609130954424156e-05,0.28719139406482386,0.1590661516467781,0.3899403760923893,0.225,0.15,0.38999999999999996,1.5,129.88554904287682,0.04333832650620971,True,False,False
10.945,0.0628130961515171,0.1060512425847339,0.03525504950782241,0.0018288947919035063,-0.05183576185875483,0.01569562936342329,5.609130954424156e-05,0.28718068433431465,0.15889067181163677,0.3899408510877745,0.225,0.15,0.38999999999999996,1.5,129.88555458082257,0.0431905194626037,True,False,False
10.950000000000001,0.06277779896201707,0.10587362348732832,0.035441913358679175,0.00183886444477721,-0.051837096077312024,0.016817416227724532,1.7704525561243727e-05,0.28717001210841475,0.1587142523792636,0.38994132781328367,0.225,0.15,0.38999999999999996,1.5,129.88500328294828,0.044242209656005255,True,False,False
10.955,0.0627428899329153,0.10569730593928273,0.03562898829511323,0.0018491425606765664,-0.051837096077312024,0.016817416227724532,1.7704525561243727e-05,0.2871593781313132,0.1585368941013487,0.3899418058017955,0.225,0.15,0.38999999999999996,1.5,129.88500900746885,0.04409190391551761,True,False,False
10.96,0.06270837849410894,0.1055222996217546,0.03581554669589122,0.0018594074886591674,-0.051837096077312024,0.016817416227724532,1.7704525561243727e-05,0.28714878314158887,0.1583585977478954,0.38994228458556873,0.225,0.15,0.38999999999999996,1.5,129.8850147619725,0.043941143305844504,True,False,False
10.965,0.06267427435357927,0.10534861459130969,0.0360015852798848,0.0018696589412322247,-0.051837096077312024,0.016817416227724532,1.7704525561243727e-05,0.28713822787089993,0.15817936592154436,0.3899427642304341,0.225,0.15,0.38999999999999996,1.5,129.88502054610564,0.04378993066998055,True,False,False
10.97,0.0626405872409146,0.10517626074120306,0.036187100778208796,0.0018798966451534565,-0.051837096077312024,0.016817416227724532,1.7704525561243727e-05,0.2871277130452044,0.15799920124180053,0.38994324480156156,0.225,0.15,0.38999999999999996,1.5,129.88502635951338,0.043638268853843094,True,False,False
10.975,0.06260732690605457,0.10500524773977359,0.03637208993419527,0.001890120339025194,-0.051837096077312024,0.016817416227724532,1.7704525561243727e-05,0.28711723938471667,0.15781810634496707,0.38994372636341834,0.225,0.15,0.38999999999999996,1.5,129.88503220184,0.04348616070622629,True,False,False
10.98,0.06257450311801553,0.10483558504822205,0.03655654950337325,0.0019003297707590897,-0.051837096077312024,0.016817416227724532,1.7704525561243727e-05,0.28710680760386814,0.15763608388407963,0.3899442089797335,0.225,0.15,0.38999999999999996,1.5,129.88503807272872,0.043333609078755,True,False,False
10.985,0.06254212566359585,0.10466728192814939,0.03674047625345319,0.001910524695131645,-0.051837096077312024,0.016817416227724532,1.7704525561243727e-05,0.28709641841127015,0.15745313652884083,0.3899446927134661,0.225,0.15,0.38999999999999996,1.5,129.8850439718218,0.04318061682583906,True,False,False
10.99,0.06251020434605958,0.10450034741780931,0.03692386696431544,0.0019207048715498452,-0.051837096077312024,0.016817416227724532,1.7704525561243727e-05,0.28708607250967827,0.1572692669655539,0.3899451776267806,0.225,0.15,0.38999999999999996,1.5,129.88504989876043,0.04302718680462712,True,False,False
10.995000000000001,0.062478748983801104,0.10433479032213885,0.03710671842800201,0.001930870062082638,-0.051837096077312024,0.016817416227724532,1.7704525561243727e-05,0.28707577059595996,0.157084477897057,0.3899456637810317,0.225,0.15,0.38999999999999996,1.5,129.8850558531851,0.04287332187496091,True,False,False
11.0,0.06244776940898763,0.1041706192202248,0.03728902744871114,0.0019410200297750606,-0.05182583368631201,0.017926460388424572,-1.8595349164355138e-05,0.2870655133610626,0.15689877204265695,0.3899461512367478,0.225,0.15,0.38999999999999996,1.5,129.88453351287825,0.04390534194710975,True,False,False
11.005,0.06241727527593435,0.10400784285834175,0.037471506744051176,0.0019514750941349941,-0.05182583368631201,0.017926460388424572,-1.8595349164355138e-05,0.287055301492226,0.15671215034419717,0.3899466395503086,0.225,0.15,0.38999999999999996,1.5,129.88453965859054,0.04374902221398624,True,False,False
11.01,0.06238727627172107,0.10384647065198277,0.0376534365601835,0.0019619135601306654,-0.05182583368631201,0.017926460388424572,-1.8595349164355138e-05,0.28704513567111084,0.15652461376165844,0.3899471282809288,0.225,0.15,0.38999999999999996,1.5,129.8845458326985,0.043592260692007466,True,False,False
11.015,0.062357782294341475,0.10368651170562283,0.037834813638899824,0.0019723353729784975,-0.05182583368631201,0.017926460388424572,-1.8595349164355138e-05,0.28703501657114516,0.1563361650672202,0.3899476174917396,0.225,0.15,0.38999999999999996,1.5,129.88455203482653,0.04343506029587395,True,False,False
11.02,0.062328803250109636,0.1035279747175245,0.03801563473404364,0.0019827404760643717,-0.05182583368631201,0.017926460388424572,-1.8595349164355138e-05,0.287024944859514,0.15614680704976464,0.38994810724436385,0.225,0.15,0.38999999999999996,1.5,129.8845582645987,0.043277423942918815,True,False,False
11.025,0.062300349052212836,0.1033708679965571,0.03819589661159488,0.0019931287966539492,-0.05182583368631201,0.017926460388424572,-1.8595349164355138e-05,0.2870149211971602,0.15595654251480914,0.38994859759891176,0.225,0.15,0.38999999999999996,1.5,129.88456452163837,0.043119354553061096,True,False,False
11.03,0.062272429619242245,0.10321519944393386,0.038375596049737296,0.002003500238461974,-0.05182583368631201,0.017926460388424572,-1.8595349164355138e-05,0.28700494623878486,0.15576537428443774,0.38994908861402156,0.225,0.15,0.38999999999999996,1.5,129.88457080556825,0.042960855048758885,True,False,False
11.035,0.06224505487370094,0.10306097659144217,0.038554729838913136,0.002013854678521158,-0.05182583368631201,0.017926460388424572,-1.8595349164355138e-05,0.286995020632847,0.15557330519723267,0.3899495803469074,0.225,0.15,0.38999999999999996,1.5,129.8845771160105,0.04280192835496287,True,False,False
11.040000000000001,0.06221823474048962,0.10290820660821923,0.038733294781867995,0.0020241919666694136,-0.05182583368631201,0.017926460388424572,-1.8595349164355138e-05,0.28698514502156214,0.15538033810820626,0.38995007285343947,0.225,0.15,0.38999999999999996,1.5,129.88458345258653,0.04264257739906947,True,False,False
11.045,0.06219197914536867,0.1027568963218476,0.03891128769368839,0.0020345119265637503,-0.05182583368631201,0.017926460388424572,-1.8595349164355138e-05,0.28697532004089876,0.15518647588873186,0.3899505661882201,0.225,0.15,0.38999999999999996,1.5,129.88458981491738,0.04248280511087449,True,False,False
11.05,0.06216629801339903,0.10260705224326007,0.03908870540183387,0.0020448143575218826,-0.051802409716126305,0.019020793623250088,-5.2634125956855864e-05,0.2869655463205741,0.15499172142647563,0.38995106040465705,0.225,0.15,0.38999999999999996,1.5,129.8840989067441,0.04349319999385064,True,False,False
11.055,0.06214120113425019,0.10245868191164662,0.039266251500592285,0.0020554172428251744,-0.051802409716126305,0.019020793623250088,-5.2634125956855864e-05,0.2869558244872216,0.1547960758549168,0.3899515550847811,0.225,0.15,0.38999999999999996,1.5,129.8841054640943,0.04333102139832241,True,False,False
11.06,0.062116698316771336,0.10231179437824833,0.03944321540929092,0.0020660001572704294,-0.051802409716126305,0.019020793623250088,-5.2634125956855864e-05,0.2869461551619722,0.15459954032546525,0.3899520498168009,0.225,0.15,0.38999999999999996,1.5,129.88411204804189,0.04316841500333947,True,False,False
11.065,0.06209279950890052,0.10216639777238093,0.03961959389672302,0.002076563208069527,-0.051802409716126305,0.019020793623250088,-5.2634125956855864e-05,0.2869365389565104,0.15440211777806767,0.3899525446608953,0.225,0.15,0.38999999999999996,1.5,129.88411865819106,0.043005383791783466,True,False,False
11.07,0.062069514651340404,0.10202249958297778,0.03979538374367801,0.0020871064872289764,-0.051802409716126305,0.019020793623250088,-5.2634125956855864e-05,0.2869269764758032,0.15420381116918339,0.38995303967492817,0.225,0.15,0.38999999999999996,1.5,129.88412529414575,0.04284193074886966,True,False,False
11.075000000000001,0.06204685367593016,0.1018801067244697,0.03997058174312234,0.002097630049188937,-0.051802409716126305,0.019020793623250088,-5.2634125956855864e-05,0.28691746831814036,0.15400462347171384,0.3899535349144797,0.225,0.15,0.38999999999999996,1.5,129.8841319555096,0.042678058862099466,True,False,False
11.08,0.06202482650399921,0.10173922552453693,0.04014518470034134,0.0021081339003073017,-0.051802409716126305,0.019020793623250088,-5.2634125956855864e-05,0.28690801507517605,0.15380455767493192,0.3899540304329407,0.225,0.15,0.38999999999999996,1.5,129.88413864188604,0.04251377112121326,True,False,False
11.085,0.062003443044696904,0.10159986177286705,0.040319189433052,0.0021186179956145797,-0.051802409716126305,0.019020793623250088,-5.2634125956855864e-05,0.28689861733196487,0.15360361678441153,0.3899545262816624,0.225,0.15,0.38999999999999996,1.5,129.88414535287862,0.04234907051814303,True,False,False
11.09,0.06198271319329607,0.10146202078121412,0.04049259277149333,0.002129082239859048,-0.051802409716126305,0.019020793623250088,-5.2634125956855864e-05,0.2868892756669904,0.1534018038219559,0.38995502251012926,0.225,0.15,0.38999999999999996,1.5,129.88415208808988,0.0421839600469648,True,False,False
11.095,0.061962646829478094,0.10132570740449406,0.04066539155850042,0.002139526490927136,-0.051802409716126305,0.019020793623250088,-5.2634125956855864e-05,0.28687999065219294,0.15319912182552717,0.38995551916612126,0.225,0.15,0.38999999999999996,1.5,129.8841588471226,0.04201844270385177,True,False,False
11.1,0.06194325381559478,0.10119092609096772,0.040837582649565794,0.0021499505644305295,-0.05176734884633278,0.020098441253718423,-8.42642147428908e-05,0.28687076285299146,0.15299557384917511,0.3899560162958646,0.225,0.15,0.38999999999999996,1.5,129.8837014854357,0.043005262162665286,True,False,False
11.105,0.061924543920670455,0.10105768314731589,0.04100985921615046,0.002160669276708552,-0.05176734884633278,0.020098441253718423,-8.42642147428908e-05,0.28686159283235824,0.15279116121921688,0.38995651350888916,0.225,0.15,0.38999999999999996,1.5,129.88370844217914,0.042837391604526355,True,False,False
11.11,0.061906526917057496,0.10092598723037934,0.0411815211621244,0.0021713646689461956,-0.05176734884633278,0.020098441253718423,-8.42642147428908e-05,0.2868524811478825,0.152585885279662,0.3899570104241128,0.225,0.15,0.38999999999999996,1.5,129.88371542351481,0.04266910813733872,True,False,False
11.115,0.06188921264048455,0.10079584542368146,0.04135256528791389,0.002182036948969564,-0.05176734884633278,0.020098441253718423,-8.42642147428908e-05,0.2868434283466028,0.15237974913615734,0.3899575070985293,0.225,0.15,0.38999999999999996,1.5,129.88372242902756,0.042500414808476175,True,False,False
11.120000000000001,0.06187261090184264,0.10066726401531349,0.04152298840600713,0.0021926862986165986,-0.05176734884633278,0.020098441253718423,-8.42642147428908e-05,0.2868344349684284,0.15217275591064214,0.3899580035860719,0.225,0.15,0.38999999999999996,1.5,129.88372945830284,0.042331314667338846,True,False,False
11.125,0.06185673148542028,0.10054024850631292,0.04169278734121708,0.002203312846663906,-0.05176734884633278,0.020098441253718423,-8.42642147428908e-05,0.2868255015462282,0.15196490874127563,0.389958499937636,0.225,0.15,0.38999999999999996,1.5,129.8837365109259,0.04216181076530503,True,False,False
11.13,0.061841584147109864,0.10041480364106414,0.04186195893088497,0.0022139166567977887,-0.05176734884633278,0.020098441253718423,-8.42642147428908e-05,0.2868166286059056,0.15175621078236376,0.38995899620126234,0.225,0.15,0.38999999999999996,1.5,129.88374358648235,0.04199190615568324,True,False,False
11.135,0.06182717861259511,0.10029093349261739,0.04203050002503949,0.0022244977247263863,-0.05176734884633278,0.020098441253718423,-8.42642147428908e-05,0.2868078166664682,0.15154666520428614,0.3899594924223792,0.225,0.15,0.38999999999999996,1.5,129.88375068455812,0.04182160389366451,True,False,False
11.14,0.061813524575520154,0.10016864152333876,0.04219840748652297,0.0022350559806018798,-0.05176734884633278,0.020098441253718423,-8.42642147428908e-05,0.28679906624009194,0.15133627519342288,0.38995998864403336,0.225,0.15,0.38999999999999996,1.5,129.8837578047383,0.04165090703627402,True,False,False
11.145,0.06180063169563508,0.10004793063522799,0.04236567819109312,0.002245591294304215,-0.05176734884633278,0.020098441253718423,-8.42642147428908e-05,0.2867903778321743,0.15112504395208132,0.3899604849071561,0.225,0.15,0.38999999999999996,1.5,129.8837649466088,0.041479818642324015,True,False,False
11.15,0.06178850959692319,0.09992880324262304,0.04253230902750597,0.00225610348205201,-0.05172125772560249,0.021157425197356753,-0.00011336424918350718,0.2867817519413809,0.15091297469842221,0.38996098125080847,0.225,0.15,0.38999999999999996,1.5,129.88334288861296,0.04244112048447888,True,False,False
11.155,0.06177716785142828,0.09981126441284525,0.04269898144215371,0.002266903418598528,-0.05172125772560249,0.021157425197356753,-0.00011336424918350718,0.2867731890645764,0.1507000689525148,0.38996147731356423,0.225,0.15,0.38999999999999996,1.5,129.88335022979243,0.042267736549992385,True,False,False
11.16,0.0617666160167715,0.09969532234187213,0.04286500713833895,0.0022776767065726413,-0.05172125772560249,0.021157425197356753,-0.00011336424918350718,0.28676468969340596,0.15048632825185235,0.3899619727464019,0.225,0.15,0.38999999999999996,1.5,129.88335759335678,0.04209395548822779,True,False,False
11.165000000000001,0.061756863635399305,0.0995809830718314,0.043030382953233345,0.0022884236022355504,-0.05172125772560249,0.021157425197356753,-0.00011336424918350718,0.28675625430796536,0.1502717558654169,0.38996246760296854,0.225,0.15,0.38999999999999996,1.5,129.88336497887323,0.04191978040720158,True,False,False
11.17,0.0617479202057263,0.09946825165366377,0.04319510573624436,0.002299144327511008,-0.05172125772560249,0.021157425197356753,-0.00011336424918350718,0.286747883380886,0.15005635507823334,0.38996296193309227,0.225,0.15,0.38999999999999996,1.5,129.88337238591006,0.04174521441664112,True,False,False
11.175,0.06173979518027569,0.0993571321846226,0.04335917234934573,0.0023098390410920544,-0.05172125772560249,0.021157425197356753,-0.00011336424918350718,0.2867395773774579,0.1498401291912941,0.389963455782894,0.225,0.15,0.38999999999999996,1.5,129.8833798140356,0.041570260627935916,True,False,False
11.18,0.06173249796380357,0.0992476278462606,0.04352257966733013,0.0023205078262311836,-0.05172125772560249,0.021157425197356753,-0.00011336424918350718,0.28673133675574364,0.1496230815214846,0.3899639491950052,0.225,0.15,0.38999999999999996,1.5,129.8833872628191,0.04139492215408921,True,False,False
11.185,0.061726037911404734,0.09913974100906853,0.0436853245780041,0.0023311506885840046,-0.05172125772560249,0.021157425197356753,-0.00011336424918350718,0.2867231619666804,0.14940521540150745,0.3899644422088886,0.225,0.15,0.38999999999999996,1.5,129.88339473182978,0.04121920210966943,True,False,False
11.19,0.06172042432660484,0.09903347331592977,0.043847403982340966,0.002341767559818282,-0.05172125772560249,0.021157425197356753,-0.00011336424918350718,0.28671505345417414,0.14918653417980704,0.3899649348611588,0.225,0.15,0.38999999999999996,1.5,129.88340222063772,0.04104310361076212,True,False,False
11.195,0.061715666459432945,0.09892882574419805,0.044008814794601885,0.002352358304259483,-0.05172125772560249,0.021157425197356753,-0.00011336424918350718,0.2867070116551786,0.148967041220494,0.3899654271859381,0.225,0.15,0.38999999999999996,1.5,129.88340972881286,0.0408666297749214,True,False,False
11.200000000000001,0.061711773504482835,0.09882579873472547,0.044169553942433847,0.002362922726873285,-0.05166481693424299,0.02219576707290462,-0.00013983853551018452,0.2866990369997672,0.14874673990326967,0.389965919215173,0.225,0.15,0.38999999999999996,1.5,129.88302438002833,0.04180048309583688,True,False,False
11.205,0.061708754644979394,0.09872439610588392,0.04433028984428837,0.0023737670274342104,-0.05166481693424299,0.02219576707290462,-0.00013983853551018452,0.28669112991686013,0.1485256319425767,0.38996641061772375,0.225,0.15,0.38999999999999996,1.5,129.88303208797188,0.04162177595455264,True,False,False
11.21,0.06170661903065796,0.09862462554729405,0.04449034731909177,0.0023845813774716748,-0.05166481693424299,0.02219576707290462,-0.00013983853551018452,0.28668329083035826,0.14830371906998197,0.3899669010777055,0.225,0.15,0.38999999999999996,1.5,129.88303981589758,0.04144268834789965,True,False,False
11.215,0.061705375716061155,0.09852649204287874,0.044649723246295285,0.00239536603840921,-0.05166481693424299,0.02219576707290462,-0.00013983853551018452,0.2866755201517339,0.14808100471513988,0.38996739064523067,0.225,0.15,0.38999999999999996,1.5,129.88304756335657,0.04126322344053067,True,False,False
11.22,0.06170503369156622,0.09842999941149208,0.044808414517854556,0.00240612123122528,-0.05166481693424299,0.02219576707290462,-0.00013983853551018452,0.28666781828472765,0.14785749232346776,0.38996787936592103,0.225,0.15,0.38999999999999996,1.5,129.88305532990142,0.04108338439848618,True,False,False
11.225,0.061705601881511966,0.09833515035606505,0.04496641803861394,0.0024168471081655474,-0.05166481693424299,0.02219576707290462,-0.00013983853551018452,0.2866601856255073,0.14763318535606917,0.3899683672810428,0.225,0.15,0.38999999999999996,1.5,129.88306311508538,0.040903174389145126,True,False,False
11.23,0.06170708914231693,0.09824194651703154,0.045123730726596305,0.00242754374144874,-0.05166481693424299,0.02219576707290462,-0.00013983853551018452,0.28665262256281676,0.14740808728965696,0.38996885442779516,0.225,0.15,0.38999999999999996,1.5,129.8830709184625,0.04072259658117604,True,False,False
11.235,0.0617095042605856,0.09815038860059973,0.0452803495132239,0.0024382111221253203,-0.05166481693424299,0.02219576707290462,-0.00013983853551018452,0.28664512947810983,0.14718220161647486,0.38996934083968976,0.225,0.15,0.38999999999999996,1.5,129.88307873958766,0.04054165414448822,True,False,False
11.24,0.06171285595120472,0.09806047646339543,0.045436271343488974,0.00244884916468017,-0.05166481693424299,0.02219576707290462,-0.00013983853551018452,0.2866377067456709,0.14695553184422105,0.38996982654696705,0.225,0.15,0.38999999999999996,1.5,129.88308657801647,0.04036035025018301,True,False,False
11.245000000000001,0.06171715285543061,0.09797220923499934,0.045591493176087475,0.0024594577145866177,-0.05166481693424299,0.02219576707290462,-0.00013983853551018452,0.2866303547327217,0.14672808149596947,0.38997031157701434,0.225,0.15,0.38999999999999996,1.5,129.8830944333051,0.04017868807050507,True,False,False
11.25,0.06172240353896787,0.0978855854190087,0.04574601198352566,0.002470036557083448,-0.051598772660686514,0.023211491354301287,-0.0001636163302820206,0.28662307379951363,0.14649985411009284,0.3899707959547742,0.225,0.15,0.38999999999999996,1.5,129.8827468553757,0.04108317652983179,True,False,False
11.255,0.06172861659590734,0.0978006076009014,0.04590048185501549,0.002480886513051233,-0.051598772660686514,0.023211491354301287,-0.0001636163302820206,0.28661586430578945,0.14627085159572906,0.3899712793803452,0.225,0.15,0.38999999999999996,1.5,129.88275490971498,0.04089934781116873,True,False,False
11.26,0.061735800567269565,0.09771728292445676,0.046054242040297566,0.002491703254991974,-0.051598772660686514,0.023211491354301287,-0.0001636163302820206,0.2866087266065085,0.1460410758788095,0.38997176157172775,0.225,0.15,0.38999999999999996,1.5,129.8827629814465,0.0407151561563676,True,False,False
11.265,0.06174396381903253,0.09763561530113771,0.04620728946700392,0.0025024870146891603,-0.051598772660686514,0.023211491354301287,-0.0001636163302820206,0.2866016610434429,0.14581053054669899,0.3899722425753567,0.225,0.15,0.38999999999999996,1.5,129.88277107010725,0.040530604782558106,True,False,False
11.27,0.06175311463280287,0.09755560733085672,0.046359621075621256,0.002513237979400414,-0.051598772660686514,0.023211491354301287,-0.0001636163302820206,0.2865946679504351,0.1455792192022164,0.3899727224325607,0.225,0.15,0.38999999999999996,1.5,129.88277917523573,0.040345696907927046,True,False,False
11.275,0.061763261204024755,0.09747726034838508,0.04651123381991542,0.0025239562661467352,-0.051598772660686514,0.023211491354301287,-0.0001636163302820206,0.28658774765359185,0.14534714546355534,0.3899732011797217,0.225,0.15,0.38999999999999996,1.5,129.8827872963715,0.04016043575166885,True,False,False
11.28,0.06177441164018722,0.0974005744927677,0.04666212466724731,0.002534641912204574,-0.051598772660686514,0.023211491354301287,-0.0001636163302820206,0.2865809004714656,0.14511431296420504,0.38997367884861084,0.225,0.15,0.38999999999999996,1.5,129.88279543305558,0.03997482453393639,True,False,False
11.285,0.06178657395902547,0.09732554884104432,0.046812290598810126,0.002545294875179383,-0.051598772660686514,0.023211491354301287,-0.0001636163302820206,0.28657412671521615,0.14488072535287114,0.3899741554668552,0.225,0.15,0.38999999999999996,1.5,129.88280358482976,0.0397888664757915,True,False,False
11.290000000000001,0.06179975608672303,0.0972521815391344,0.04696172860981023,0.002555915038411368,-0.051598772660686514,0.023211491354301287,-0.0001636163302820206,0.28656742668875906,0.14464638629339568,0.3899746310584094,0.225,0.15,0.38999999999999996,1.5,129.88281175123703,0.03960256479915622,True,False,False
11.295,0.06181396585611162,0.09718046991482165,0.04711043570960677,0.00256650221903663,-0.051598772660686514,0.023211491354301287,-0.0001636163302820206,0.2865608006888967,0.14441129946467798,0.38997510564405996,0.225,0.15,0.38999999999999996,1.5,129.882819931821,0.03941592272676356,True,False,False
11.3,0.06182921100486824,0.09711041061023092,0.04725840892182155,0.0025770561770595214,-0.0515239281627456,0.02420262856912039,-0.00018465095589039496,0.2865542490054299,0.14417546856059446,0.38997557924188864,0.225,0.15,0.38999999999999996,1.5,129.88251085256334,0.040289147850543806,True,False,False
11.305,0.06184549933811169,0.09704200500691654,0.047406286708974336,0.0025878716708710595,-0.0515239281627456,0.02420262856912039,-0.00018465095589039496,0.2865477719282865,0.1439388956849954,0.38997605158389875,0.225,0.15,0.38999999999999996,1.5,129.8825192302732,0.040100410500022575,True,False,False
11.31,0.06186283858876147,0.09697525964112935,0.04755342406344063,0.0025986507413341222,-0.0515239281627456,0.02420262856912039,-0.00018465095589039496,0.2865413697428778,0.1437015829581622,0.3899765224224346,0.225,0.15,0.38999999999999996,1.5,129.88252762260842,0.03991132859550201,True,False,False
11.315,0.06188123623686426,0.0969101773941693,0.047699817967249154,0.0026093935637111236,-0.0515239281627456,0.02420262856912039,-0.00018465095589039496,0.2865350427207938,0.14346353412191065,0.38997699180013445,0.225,0.15,0.38999999999999996,1.5,129.88253602909353,0.0397219054022806,True,False,False
11.32,0.06190069965883049,0.09684675964320318,0.04784546541570174,0.0026201002664562566,-0.0515239281627456,0.02420262856912039,-0.00018465095589039496,0.28652879112556556,0.14322475293317125,0.3899774597539798,0.225,0.15,0.38999999999999996,1.5,129.88254444925485,0.03953214418637661,True,False,False
11.325000000000001,0.061921236125830344,0.09678500638777096,0.0479903634178253,0.002630770909620505,-0.0515239281627456,0.02420262856912039,-0.00018465095589039496,0.2865226152128938,0.14298524316390812,0.3899779263154615,0.225,0.15,0.38999999999999996,1.5,129.88255288262022,0.0393420482144782,True,False,False
11.33,0.061942852802192847,0.0967249163168627,0.04813450899670318,0.0026414054777878686,-0.0515239281627456,0.02420262856912039,-0.00018465095589039496,0.2865165152308576,0.14274500860103884,0.38997839151098257,0.225,0.15,0.38999999999999996,1.5,129.882561328719,0.039151620753893945,True,False,False
11.335,0.061965556743810365,0.09666648693314935,0.04827789918972045,0.002652003881488149,-0.0515239281627456,0.02420262856912039,-0.00018465095589039496,0.28651049142010476,0.14250405304635225,0.389978855362368,0.225,0.15,0.38999999999999996,1.5,129.88256978708202,0.03896086507250328,True,False,False
11.34,0.061989354896550095,0.09660971474212282,0.04842053104874784,0.002662565963222051,-0.0515239281627456,0.02420262856912039,-0.00018465095589039496,0.2865045440140243,0.14226238031642766,0.3899793178874278,0.225,0.15,0.38999999999999996,1.5,129.88257825724116,0.03876978443870711,True,False,False
11.345,0.06201425409467102,0.09655459535914547,0.04856240164028178,0.002673091505681948,-0.0515239281627456,0.02420262856912039,-0.00018465095589039496,0.28649867323889805,0.14201999424255277,0.38997977910051285,0.225,0.15,0.38999999999999996,1.5,129.88258673872969,0.03857838212137867,True,False,False
11.35,0.062040261059252144,0.09650112363599449,0.04870350804555264,0.002683580240698563,-0.0514411350840016,0.025167218536983307,-0.0002029187629382846,0.28649287931403666,0.1417768986706429,0.38998023901303586,0.225,0.15,0.38999999999999996,1.5,129.88231656431591,0.03941846662491922,True,False,False
11.355,0.062067382617338636,0.09644929976991859,0.04884447180910379,0.002694320193988004,-0.0514411350840016,0.025167218536983307,-0.0002029187629382846,0.28648716245949435,0.1415330958989675,0.3899806973893165,0.225,0.15,0.38999999999999996,1.5,129.8823252397761,0.039225044739960864,True,False,False
11.36,0.0620956255061598,0.09639912969650877,0.04898466497197915,0.0027050205867959936,-0.0514411350840016,0.025167218536983307,-0.0002029187629382846,0.2864815228911079,0.1412885882418339,0.3899811540161861,0.225,0.15,0.38999999999999996,1.5,129.88233392692956,0.039031297520038984,True,False,False
11.365,0.06212499613621492,0.096350615219933,0.04912408457708266,0.002715681518269407,-0.0514411350840016,0.025167218536983307,-0.0002029187629382846,0.2864759608103808,0.1410433795919511,0.38998160893241646,0.225,0.15,0.38999999999999996,1.5,129.88234262529005,0.03883722827416876,True,False,False
11.370000000000001,0.06215550079712056,0.09630375657156413,0.04926272768106521,0.0027263030400291395,-0.0514411350840016,0.025167218536983307,-0.0002029187629382846,0.28647047641069956,0.14079747385677385,0.3899820621706006,0.225,0.15,0.38999999999999996,1.5,129.88235133437382,0.03864284031174133,True,False,False
11.375,0.06218714565629351,0.09625855244383982,0.04940059135479125,0.0027368851398257886,-0.0514411350840016,0.025167218536983307,-0.0002029187629382846,0.2864650698775897,0.14055087495842067,0.3899825137573714,0.225,0.15,0.38999999999999996,1.5,129.8823600536988,0.03844813694247372,True,False,False
11.38,0.06221993675764663,0.09621500011553277,0.04953767268367631,0.002747427737381853,-0.0514411350840016,0.025167218536983307,-0.0002029187629382846,0.2864597413889514,0.14030358683359084,0.389982963713841,0.225,0.15,0.38999999999999996,1.5,129.8823687827848,0.038253121476359016,True,False,False
11.385,0.06225388002029875,0.09617309562322099,0.04967396876793246,0.00275793068720098,-0.0514411350840016,0.025167218536983307,-0.0002029187629382846,0.2864544911152759,0.14005561343348163,0.3899834120561726,0.225,0.15,0.38999999999999996,1.5,129.88237752115333,0.03805779722361663,True,False,False
11.39,0.062288981237297536,0.09613283388047451,0.04980947672274954,0.002768393785038942,-0.0514411350840016,0.025167218536983307,-0.0002029187629382846,0.2864493192198391,0.13980695872370494,0.3899838587961979,0.225,0.15,0.38999999999999996,1.5,129.88238626832734,0.03786216749464294,True,False,False
11.395,0.0623252460743564,0.09609420887350212,0.04994419367843024,0.0027788167759904238,-0.0514411350840016,0.025167218536983307,-0.0002029187629382846,0.28644422585887463,0.13955762668420418,0.3899843039420375,0.225,0.15,0.38999999999999996,1.5,129.88239502383132,0.03766623559996167,True,False,False
11.4,0.06236268006860924,0.09605721378923873,0.05007811678049284,0.002789199362965364,-0.05135128469506893,0.02610331364335387,-0.00021841795334753388,0.28643921118172677,0.13930762130917088,0.38998474749868456,0.225,0.15,0.38999999999999996,1.5,129.88216385293194,0.038471326726226024,True,False,False
11.405,0.06240128890130891,0.09602184766866312,0.050211849372744255,0.002799822177246768,-0.05135128469506893,0.02610331364335387,-0.00021841795334753388,0.28643427533908433,0.13905694509068603,0.3899851892628865,0.225,0.15,0.38999999999999996,1.5,129.88217279801043,0.03827345537146449,True,False,False
11.41,0.06244107814881884,0.09598811580173706,0.05034478184269291,0.0028104023851593446,-0.05135128469506893,0.02610331364335387,-0.00021841795334753388,0.2864294184777392,0.13880560053644392,0.3899856290558743,0.225,0.15,0.38999999999999996,1.5,129.882181751698,0.0380752787200647,True,False,False
11.415000000000001,0.06248205299282617,0.09595601896238704,0.050476911300808516,0.0028209399967316817,-0.05135128469506893,0.02610331364335387,-0.00021841795334753388,0.2864246407297675,0.13855359168619252,0.3899860669124674,0.225,0.15,0.38999999999999996,1.5,129.8821907135001,0.03787680012016726,True,False,False
11.42,0.06252421847992591,0.09592555625382342,0.05060823487182286,0.0028314349750806836,-0.05135128469506893,0.02610331364335387,-0.00021841795334753388,0.2864199422191344,0.13830092259402757,0.38998650286088393,0.225,0.15,0.38999999999999996,1.5,129.88219968292447,0.0376780229199389,True,False,False
11.425,0.06256757952068608,0.09589672511729914,0.05073874969520048,0.002841887226082905,-0.05135128469506893,0.02610331364335387,-0.00021841795334753388,0.28641532306197814,0.13804759732830885,0.38998693692295433,0.225,0.15,0.38999999999999996,1.5,129.88220865948136,0.03747895046752225,True,False,False
11.43,0.06261214088873021,0.09586952150858365,0.05086845292547315,0.00285229659740686,-0.05135128469506893,0.02610331364335387,-0.00021841795334753388,0.28641078336686987,0.13779361997157571,0.3899873691146126,0.225,0.15,0.38999999999999996,1.5,129.8822176426831,0.03727958611098593,True,False,False
11.435,0.06265790721983937,0.0958439400371154,0.05099734173247918,0.0028626628827174956,-0.05135128469506893,0.02610331364335387,-0.00021841795334753388,0.28640632323505155,0.13753899462046257,0.38998779944652145,0.225,0.15,0.38999999999999996,1.5,129.88222663204374,0.037079933198274635,True,False,False
11.44,0.06270488301107395,0.09581997414757937,0.05112541330153619,0.002872985828432099,-0.05135128469506893,0.02610331364335387,-0.00021841795334753388,0.2864019427606508,0.13728372538561393,0.38998822792474297,0.225,0.15,0.38999999999999996,1.5,129.88223562707944,0.036879995077159666,True,False,False
11.445,0.0627530726199148,0.09579761629066301,0.051252664833567316,0.002883265141432157,-0.05135128469506893,0.02610331364335387,-0.00021841795334753388,0.28639764203087165,0.13702781639160005,0.3899886545514093,0.225,0.15,0.38999999999999996,1.5,129.8822446273079,0.03667977509518926,True,False,False
11.450000000000001,0.0628024802634272,0.09577685808671298,0.051379093545195084,0.0028935004967974858,-0.051255299128489765,0.027008982143996895,-0.00023116727893823265,0.2863934211261645,0.1367712717768318,0.38998907932535565,0.225,0.15,0.38999999999999996,1.5,129.8820522670125,0.03744804796345971,True,False,False
11.455,0.06285311034060735,0.09575769746644247,0.051505283307628026,0.002903964474703095,-0.051255299128489765,0.027008982143996895,-0.00023116727893823265,0.28638928012889825,0.13651409422627434,0.38998950207565874,0.225,0.15,0.38999999999999996,1.5,129.88206145117059,0.03724597296554876,True,False,False
11.46,0.06290496713394067,0.09574013906260671,0.05163064414193029,0.0029143829107828624,-0.051255299128489765,0.027008982143996895,-0.00023116727893823265,0.2863852191178903,0.13625628644005108,0.389989922657567,0.225,0.15,0.38999999999999996,1.5,129.8820706407168,0.03704361350941324,True,False,False
11.465,0.06295805447095267,0.09572418264890681,0.05175517323298817,0.002924755718804302,-0.051255299128489765,0.027008982143996895,-0.00023116727893823265,0.2863812381569825,0.13599785260079994,0.3899903411019214,0.225,0.15,0.38999999999999996,1.5,129.88207983514997,0.036840972977594,True,False,False
11.47,0.06301237603376386,0.09570982622006656,0.05187886778049385,0.002935082767343922,-0.051255299128489765,0.027008982143996895,-0.00023116727893823265,0.28637733730197845,0.13573879690507948,0.389990757432575,0.225,0.15,0.38999999999999996,1.5,129.88208903397205,0.0366380547523026,True,False,False
11.475,0.0630679353586026,0.0956970660630465,0.052001724999409756,0.0029453638759064896,-0.051255299128489765,0.027008982143996895,-0.00023116727893823265,0.2863735166009495,0.1354791235632837,0.38999117166664454,0.225,0.15,0.38999999999999996,1.5,129.88209823668743,0.036434862215371115,True,False,False
11.48,0.06312473583533985,0.09568589684779795,0.05212374212029231,0.0029555988172737875,-0.051255299128489765,0.027008982143996895,-0.00023116727893823265,0.2863697760945166,0.13521883679955557,0.3899915838150367,0.225,0.15,0.38999999999999996,1.5,129.88210744280283,0.036231398748202005,True,False,False
11.485,0.06318278070704693,0.09567631188229878,0.0522449163895193,0.0029657873230530527,-0.051255299128489765,0.027008982143996895,-0.00023116727893823265,0.28636611581610794,0.1349579408517018,0.3899919938831057,0.225,0.15,0.38999999999999996,1.5,129.88211665182737,0.03602766773171848,True,False,False
11.49,0.06324207306957651,0.09566830321953922,0.052365245069449645,0.002975929090571141,-0.051255299128489765,0.027008982143996895,-0.00023116727893823265,0.28636253579219273,0.13469643997110595,0.3899924018713726,0.225,0.15,0.38999999999999996,1.5,129.88212586327222,0.03582367254631464,True,False,False
11.495000000000001,0.06330261587116319,0.09566186188680108,0.05248472543853742,0.0029860237900206253,-0.051255299128489765,0.027008982143996895,-0.00023116727893823265,0.2863590360424864,0.13443433842264282,0.38999280777625767,0.225,0.15,0.38999999999999996,1.5,129.8821350766506,0.0356194165718061,True,False,False
11.5,0.06336441191205183,0.09565697806196803,0.05260335479141384,0.0029960710712478673,-0.05115412267454825,0.027882311495265537,-0.00024120463198639227,0.2863556165801361,0.134171640484592,0.3899932115907494,0.225,0.15,0.38999999999999996,1.5,129.88198105995443,0.03634907753131876,True,False,False
11.505,0.06342746421173265,0.09565364860771992,0.05272169626810838,0.003006334809766057,-0.05115412267454825,0.027882311495265537,-0.00024120463198639227,0.28635227742075386,0.13390834903355284,0.3899936131758896,0.225,0.15,0.38999999999999996,1.5,129.88199045037368,0.03614305525324585,True,False,False
11.51,0.06349177566566773,0.09565187748907636,0.05283918079715214,0.0030165502000546857,-0.05115412267454825,0.027882311495265537,-0.00024120463198639227,0.2863490185767621,0.13364446696079682,0.3899940124203438,0.225,0.15,0.38999999999999996,1.5,129.8819998428397,0.035936770134662295,True,False,False
11.515,0.06355734866319264,0.09565166351232869,0.05295580564480875,0.00302671705758919,-0.05115412267454825,0.027882311495265537,-0.00024120463198639227,0.28634584004547337,0.13337999858741054,0.3899944093509521,0.225,0.15,0.38999999999999996,1.5,129.8820092368472,0.035730225587655415,True,False,False
11.52,0.06362418544239931,0.09565300363589133,0.05307156809270762,0.0030368351552662208,-0.05115412267454825,0.027882311495265537,-0.00024120463198639227,0.2863427418162955,0.1331149482479448,0.3899948039872563,0.225,0.15,0.38999999999999996,1.5,129.88201863189425,0.03552342502362285,True,False,False
11.525,0.06369228809013365,0.09565589301649749,0.053186465438292446,0.003046904226110036,-0.05115412267454825,0.027882311495265537,-0.00024120463198639227,0.28633972387105844,0.13284932029032806,0.3899951963417705,0.225,0.15,0.38999999999999996,1.5,129.88202802748177,0.035316371853222374,True,False,False
11.53,0.06376165854201427,0.09566032517775,0.05330049499512795,0.003056923968926468,-0.05115412267454825,0.027882311495265537,-0.00024120463198639227,0.2863367861843141,0.13258311907577947,0.3899955864205369,0.225,0.15,0.38999999999999996,1.5,129.8820374231132,0.03510906948632181,True,False,False
11.535,0.06383229858247638,0.09566629217142372,0.053413654093109914,0.003066894055102495,-0.05115412267454825,0.027882311495265537,-0.00024120463198639227,0.2863339287236124,0.13231634897872116,0.38999597422381793,0.225,0.15,0.38999999999999996,1.5,129.88204681829464,0.03490152133194938,True,False,False
11.540000000000001,0.06390420984483426,0.09567378479241354,0.05352594007860872,0.003076814135507212,-0.05115412267454825,0.027882311495265537,-0.00024120463198639227,0.2863311514497481,0.13204901438669078,0.389996359746871,0.225,0.15,0.38999999999999996,1.5,129.88205621253468,0.03469373079824402,True,False,False
11.545,0.06397739381136791,0.09568279276724358,0.05363735031456823,0.003086683846928142,-0.05115412267454825,0.027882311495265537,-0.00024120463198639227,0.2863284543169827,0.13178111970025455,0.3899967429806998,0.225,0.15,0.38999999999999996,1.5,129.882065605344,0.03448570129240586,True,False,False
11.55,0.0640518518134332,0.09569330492750773,0.05374788218057402,0.00309650281777179,-0.051048713203325824,0.0287214117052731,-0.00024858554585654134,0.2863258372732419,0.13151266933291925,0.38999712391276503,0.225,0.15,0.38999999999999996,1.5,129.88194920997182,0.03517499127562432,True,False,False
11.555,0.06412758543803118,0.09570531716737998,0.05385807684255794,0.003106525567644292,-0.051048713203325824,0.0287214117052731,-0.00024858554585654134,0.2863233002694277,0.13124366635134227,0.3899975024355192,0.225,0.15,0.38999999999999996,1.5,129.8819587717023,0.034965288370578294,True,False,False
11.56,0.06420459614505745,0.09571883274118748,0.05396738739477833,0.003116497309490999,-0.051048713203325824,0.0287214117052731,-0.00024858554585654134,0.2863208432536306,0.13097411383633592,0.38999787847020895,0.225,0.15,0.38999999999999996,1.5,129.88196833203588,0.03475534499966867,True,False,False
11.565,0.06428288484726939,0.09573384954268821,0.05407581119189741,0.0031264177628285922,-0.051048713203325824,0.0287214117052731,-0.00024858554585654134,0.2863184661588179,0.13070401624270384,0.38999825203967786,0.225,0.15,0.38999999999999996,1.5,129.8819778904655,0.03454516459955289,True,False,False
11.57,0.06436245230505387,0.09575036354637033,0.05418334560450683,0.003136286607897892,-0.051048713203325824,0.0287214117052731,-0.00024858554585654134,0.2863161689102457,0.13043337803822888,0.38999862315922434,0.225,0.15,0.38999999999999996,1.5,129.8819874464877,0.03433475060583381,True,False,False
11.575000000000001,0.06444329912690629,0.09576836887808894,0.05428998801955221,0.0031461034948436577,-0.051048713203325824,0.0287214117052731,-0.00024858554585654134,0.28631395142580107,0.13016220370358553,0.38999899183689757,0.225,0.15,0.38999999999999996,1.5,129.88199699960214,0.03412410645300947,True,False,False
11.58,0.06452542576993102,0.09578785796977224,0.054395735840617195,0.003155868052545522,-0.051048713203325824,0.0287214117052731,-0.00024858554585654134,0.28631181361631897,0.1298904977322517,0.3899993580740642,0.225,0.15,0.38999999999999996,1.5,129.8820065493113,0.03391323557442327,True,False,False
11.585,0.06460883254036105,0.09580882174478358,0.05450058648811236,0.0031655798965423134,-0.051048713203325824,0.0287214117052731,-0.00024858554585654134,0.286309755385872,0.12961826463041973,0.38999972186614507,0.225,0.15,0.38999999999999996,1.5,129.88201609512066,0.033702141402214385,True,False,False
11.59,0.06469351959409449,0.09583124984524427,0.05460453739939962,0.0031752386358240956,-0.051048713203325824,0.0287214117052731,-0.00024858554585654134,0.2863077766320314,0.12934550891690835,0.39000008320340795,0.225,0.15,0.38999999999999996,1.5,129.88202563653843,0.03349082736726827,True,False,False
11.595,0.06477948693724846,0.0958551308137275,0.0547075860288739,0.003184843878457559,-0.051048713203325824,0.0287214117052731,-0.00024858554585654134,0.28630587724609935,0.1290722351230736,0.390000442071767,0.225,0.15,0.38999999999999996,1.5,129.88203517307528,0.033279296899167324,True,False,False
11.6,0.0648667344267338,0.09588045229395119,0.054809729848016145,0.003194395236113704,-0.05094003377578449,0.029524418700899443,-0.0002533816248090277,0.28630405711331747,0.1287984477927206,0.3900007984535213,0.225,0.15,0.38999999999999996,1.5,129.88195544139393,0.03392649476932932,True,False,False
11.605,0.06495526220991588,0.09590720923835465,0.0549114868237761,0.0032041372236844157,-0.05094003377578449,0.029524418700899443,-0.0002533816248090277,0.2863023161223807,0.1285241501806588,0.3900011522717489,0.225,0.15,0.38999999999999996,1.5,129.88196513752243,0.03371338791420047,True,False,False
11.61,0.0650450703083867,0.09593540421833313,0.05501233345629027,0.0032138257061606642,-0.05094003377578449,0.029524418700899443,-0.0002533816248090277,0.2863006541595602,0.12824934555530532,0.39000150347924645,0.225,0.15,0.38999999999999996,1.5,129.88197482872764,0.03350006370085404,True,False,False
11.615,0.06513615816632426,0.0959650342535334,0.05511226719565313,0.0032234603130657956,-0.05094003377578449,0.029524418700899443,-0.0002533816248090277,0.28629907109610897,0.12797403850016226,0.390001852094881,0.225,0.15,0.38999999999999996,1.5,129.88198451450327,0.03328652558542465,True,False,False
11.620000000000001,0.06522852507898777,0.0959960943969092,0.05521128550844404,0.0032330406384560003,-0.05094003377578449,0.029524418700899443,-0.0002533816248090277,0.28629756679581714,0.12769823361119798,0.39000219812981585,0.225,0.15,0.38999999999999996,1.5,129.88199419434608,0.03307277702262301,True,False,False
11.625,0.06532217019364447,0.0960285778219913,0.05530938587812169,0.0032425662562471603,-0.05094003377578449,0.029524418700899443,-0.0002533816248090277,0.2862961411153691,0.1274219354967583,0.39000254158777586,0.225,0.15,0.38999999999999996,1.5,129.88200386775725,0.03285882146568664,True,False,False
11.63,0.065417092510508,0.09606247596352445,0.05540656580528049,0.0032520367319975652,-0.05094003377578449,0.029524418700899443,-0.0002533816248090277,0.286294793904671,0.12714514877747699,0.39000288246566683,0.225,0.15,0.38999999999999996,1.5,129.88201353424083,0.03264466236632961,True,False,False
11.635,0.06551329088369244,0.09609777874164366,0.055502822807815315,0.003261451631804728,-0.05094003377578449,0.029524418700899443,-0.0002533816248090277,0.2862935250071531,0.12686787808618633,0.39000322075432714,0.225,0.15,0.38999999999999996,1.5,129.8820231933039,0.032430303174693455,True,False,False
11.64,0.06561076402217633,0.09613447475179053,0.05559815442102486,0.0032708105288885387,-0.05094003377578449,0.029524418700899443,-0.0002533816248090277,0.2862923342600421,0.12659012806782746,0.39000355643934137,0.225,0.15,0.38999999999999996,1.5,129.88203284445697,0.032215747339297884,True,False,False
11.645,0.06570951049077421,0.0961725514848155,0.05569255819767459,0.0032801130083432387,-0.05094003377578449,0.029524418700899443,-0.0002533816248090277,0.2862912214946006,0.12631190337936057,0.3900038895018919,0.225,0.15,0.38999999999999996,1.5,129.88204248721232,0.03200099830699129,True,False,False
11.65,0.06580952871112734,0.09621199552787037,0.055786031708033895,0.003289358670456456,-0.05082904450359839,0.030289497705484933,-0.00025567892094365555,0.28629018653634813,0.12603320868967596,0.390004219919474,0.225,0.15,0.38999999999999996,1.5,129.88199824700453,0.03260442419453294,True,False,False
11.655,0.06591081742762948,0.09625280097422464,0.055879068515575225,0.0032987813799222657,-0.05082904450359839,0.030289497705484933,-0.00025567892094365555,0.2862892292146923,0.12575404743949745,0.39000454764484194,0.225,0.15,0.38999999999999996,1.5,129.8820080388429,0.032388199803160045,True,False,False
11.66,0.06601337526427767,0.0962949697077371,0.05597116974591704,0.003308148264382733,-0.05082904450359839,0.030289497705484933,-0.00025567892094365555,0.28628834935701236,0.1254744230825792,0.39000487266112216,0.225,0.15,0.38999999999999996,1.5,129.88201782216944,0.03217178186872687,True,False,False
11.665000000000001,0.0661172002482414,0.09633849792557256,0.0560623329515854,0.0033174588722599545,-0.05082904450359839,0.030289497705484933,-0.00025567892094365555,0.28628754677589063,0.12519434032582039,0.39000519498326364,0.225,0.15,0.38999999999999996,1.5,129.88202759648044,0.031955173861641685,True,False,False
11.67,0.06622229026533515,0.09638337983426937,0.05615255570212857,0.0033267127206558153,-0.05082904450359839,0.030289497705484933,-0.00025567892094365555,0.2862868212767463,0.12491380388804547,0.3900055146183756,0.225,0.15,0.38999999999999996,1.5,129.88203736127687,0.0317383792505168,True,False,False
11.675,0.0663286430613234,0.0964296077344182,0.056241835584474896,0.003335909316325782,-0.05082904450359839,0.030289497705484933,-0.00025567892094365555,0.28628617265820244,0.12463281849991448,0.39000583156604873,0.225,0.15,0.38999999999999996,1.5,129.88204711606303,0.03152140150211856,True,False,False
11.68,0.0664362562432316,0.09647717217728104,0.056330170203158635,0.0033450481701109303,-0.05082904450359839,0.030289497705484933,-0.00025567892094365555,0.2862856007124251,0.12435138890383261,0.390006145818953,0.225,0.15,0.38999999999999996,1.5,129.88205686034695,0.03130424408131829,True,False,False
11.685,0.06654512728066153,0.09652606217418647,0.05641755718045826,0.0033541288066362973,-0.05082904450359839,0.030289497705484933,-0.00025567892094365555,0.2862851052254341,0.12406951985385982,0.3900064573636186,0.225,0.15,0.38999999999999996,1.5,129.88206659364027,0.031086910451043108,True,False,False
11.69,0.06665525350710522,0.09657626541694514,0.05650399415647712,0.0033631507706007187,-0.05082904450359839,0.030289497705484933,-0.00025567892094365555,0.2862846859773799,0.12378721611562041,0.39000676618130026,0.225,0.15,0.38999999999999996,1.5,129.88207631545689,0.030869404072226575,True,False,False
11.695,0.06676663212126778,0.09662776846768803,0.0565894787891877,0.0033721136306271307,-0.05082904450359839,0.030289497705484933,-0.00025567892094365555,0.28628434274279824,0.12350448246621255,0.3900070722487664,0.225,0.15,0.38999999999999996,1.5,129.88208602531455,0.030651728403760584,True,False,False
11.700000000000001,0.06687926018838643,0.09668055700111117,0.05667400875445182,0.003381016981379905,-0.050716694713901236,0.03101484662197183,-0.00025557627761097325,0.2862840752908299,0.12322132369411799,0.3900073755391198,0.225,0.15,0.38999999999999996,1.5,129.8820759111599,0.031209747026203237,True,False,False
11.705,0.06699313512516396,0.09673462432747139,0.05675805203049158,0.0033900833966726772,-0.050716694713901236,0.03101484662197183,-0.00025557627761097325,0.286283883394898,0.12293774342340373,0.39000767603366526,0.225,0.15,0.38999999999999996,1.5,129.88208575845124,0.03099070094251417,True,False,False
11.71,0.06710825423668401,0.09678997165130203,0.05684113556505326,0.0033990918567765663,-0.050716694713901236,0.03101484662197183,-0.00025557627761097325,0.2862837668267972,0.12265374529055996,0.3900079737444784,0.225,0.15,0.38999999999999996,1.5,129.88209559360195,0.030771485811409247,True,False,False
11.715,0.06722461422237842,0.096846594407177,0.05692325702001619,0.003408041840162052,-0.050716694713901236,0.03101484662197183,-0.00025557627761097325,0.2862837253438546,0.1223693341203024,0.3900082686826377,0.225,0.15,0.38999999999999996,1.5,129.88210541611411,0.030552105112263615,True,False,False
11.72,0.06734221165126941,0.0969044860228183,0.05700441407479049,0.003416932798314697,-0.050716694713901236,0.03101484662197183,-0.00025557627761097325,0.28628375869658174,0.12208451474870384,0.3900085608513452,0.225,0.15,0.38999999999999996,1.5,129.88211522549423,0.030332562322280793,True,False,False
11.725,0.06746104296356617,0.09696363803106303,0.05708460442663461,0.003425764181719983,-0.050716694713901236,0.03101484662197183,-0.00025557627761097325,0.286283866629049,0.12179929202310338,0.39000885024623383,0.225,0.15,0.38999999999999996,1.5,129.88212502125302,0.03011286091644341,True,False,False
11.73,0.06758110447225696,0.09702404018931249,0.057163825790847764,0.003434535456583245,-0.050716694713901236,0.03101484662197183,-0.00025557627761097325,0.2862840488792315,0.12151367080201556,0.39000913685599015,0.225,0.15,0.38999999999999996,1.5,129.88213480290483,0.029893004367464282,True,False,False
11.735,0.0677023923646959,0.09708568071901551,0.05724207590088044,0.003443246115146563,-0.050716694713901236,0.03101484662197183,-0.00025557627761097325,0.28628430517932574,0.12122765595503888,0.39000942066314015,0.225,0.15,0.38999999999999996,1.5,129.88214456996747,0.02967299614573756,True,False,False
11.74,0.06782490270417994,0.09714854653704852,0.057319352508392304,0.003451895681616112,-0.050716694713901236,0.03101484662197183,-0.00025557627761097325,0.28628463525603337,0.12094125236276496,0.3900097016449112,0.225,0.15,0.38999999999999996,1.5,129.88215432196242,0.029452839719290306,True,False,False
11.745000000000001,0.06794863143152291,0.09721262341897291,0.05739565338327673,0.0034604837151119517,-0.050716694713901236,0.03101484662197183,-0.00025557627761097325,0.28628503883081996,0.12065446491668719,0.39000997977405605,0.225,0.15,0.38999999999999996,1.5,129.88216405841453,0.029232538553734047,True,False,False
11.75,0.06807357436661615,0.09727789627426107,0.05747097631366481,0.0034690098106269288,-0.05060391547109819,0.03169869941616888,-0.0002531836562826361,0.28628551562013854,0.1203672985191099,0.3900102550196735,0.225,0.15,0.38999999999999996,1.5,129.88218653345874,0.0297435625135975,True,False,False
11.755,0.0681997277048033,0.09734435770248723,0.05754576253578333,0.0034776846171365172,-0.05060391547109819,0.03169869941616888,-0.0002531836562826361,0.2862860653450733,0.12007975697453685,0.39001052739035424,0.225,0.15,0.38999999999999996,1.5,129.88219639460146,0.029521999684825984,True,False,False
11.76,0.06832708754116221,0.09741200823785788,0.057619565990816364,0.0034862995386053795,-0.05060391547109819,0.03169869941616888,-0.0002531836562826361,0.2862866877254803,0.11979184409925853,0.39001079692559026,0.225,0.15,0.38999999999999996,1.5,129.8822062399575,0.02930029295622886,True,False,False
11.765,0.06845564936631188,0.09748084262300331,0.05769238445679891,0.0034948539963337464,-0.05060391547109819,0.03169869941616888,-0.0002531836562826361,0.2862873824671813,0.11950356482995249,0.3900110636326802,0.225,0.15,0.38999999999999996,1.5,129.8822160690371,0.029078445810744282,True,False,False
11.77,0.06858540855389861,0.09755085358453101,0.05776421572976816,0.0035033473890287506,-0.05060391547109819,0.03169869941616888,-0.0002531836562826361,0.28628814926957324,0.11921492411405826,0.3900113275110516,0.225,0.15,0.38999999999999996,1.5,129.88222588135525,0.028856461728760864,True,False,False
11.775,0.06871636036238561,0.09762203197168182,0.05783505762403752,0.0035117791230638794,-0.05060391547109819,0.03169869941616888,-0.0002531836562826361,0.28628898782600753,0.11892592690968577,0.39001158855258644,0.225,0.15,0.38999999999999996,1.5,129.88223567643124,0.028634344188068896,True,False,False
11.78,0.06884849993682879,0.09769436686115106,0.0579049079723541,0.0035201486310839896,-0.05060391547109819,0.03169869941616888,-0.0002531836562826361,0.2862898978241395,0.11863657818552391,0.39001184674223593,0.225,0.15,0.38999999999999996,1.5,129.88224545378858,0.02841209666381199,True,False,False
11.785,0.06898182231063603,0.09776784582578839,0.05797376462598097,0.003528455382751891,-0.05060391547109819,0.03169869941616888,-0.0002531836562826361,0.2862908789462473,0.11834688292074858,0.3900121020588265,0.225,0.15,0.38999999999999996,1.5,129.88225521295414,0.02818972262843851,True,False,False
11.790000000000001,0.06911632240731037,0.09784245510179246,0.058041625454732224,0.003536698890258426,-0.05060391547109819,0.03169869941616888,-0.0002531836562826361,0.286291930869521,0.118056846104931,0.39001235447590993,0.225,0.15,0.38999999999999996,1.5,129.8822649534589,0.027967225551653808,True,False,False
11.795,0.06925199504217619,0.097918179844707,0.05810848834697827,0.003544878710398158,-0.05060391547109819,0.03169869941616888,-0.0002531836562826361,0.28629305326632176,0.11776647273794619,0.39001260396260634,0.225,0.15,0.38999999999999996,1.5,129.88227467483708,0.027744608900372086,True,False,False
11.8,0.06938883492408755,0.09799500432491491,0.05817435120963425,0.0035529944444428526,-0.050491612503513306,0.032339329494736294,-0.0002486204642462061,0.2862942458044109,0.1174757678298813,0.3900128504844141,0.225,0.15,0.38999999999999996,1.5,129.882328052725,0.028207101955666725,True,False,False
11.805,0.06952683715551557,0.09807292051740221,0.058239627407488115,0.0035612441915410424,-0.050491612503513306,0.032339329494736294,-0.0002486204642462061,0.2862955081564817,0.11718473536243466,0.3900130940758064,0.225,0.15,0.38999999999999996,1.5,129.88233788501276,0.02798333608586151,True,False,False
11.81,0.06966599675169491,0.09815192832129413,0.05830389901879594,0.003569432332665384,-0.050491612503513306,0.032339329494736294,-0.0002486204642462061,0.2862968399943971,0.11689337932842582,0.3900133348020506,0.225,0.15,0.38999999999999996,1.5,129.88234769787422,0.02775945208573052,True,False,False
11.815,0.06980630813384842,0.09823202183021511,0.0583671639443937,0.0035775582457820455,-0.050491612503513306,0.032339329494736294,-0.0002486204642462061,0.2862982409765159,0.11660170477037043,0.39001357266675163,0.225,0.15,0.38999999999999996,1.5,129.88235749083054,0.027535453436281405,True,False,False
11.82,0.06994776562121133,0.098313193174666,0.058429420103545966,0.003585621290598273,-0.050491612503513306,0.032339329494736294,-0.0002486204642462061,0.28629971075520294,0.11630971674092457,0.39001380766572324,0.225,0.15,0.38999999999999996,1.5,129.88236726340764,0.02731134361559251,True,False,False
11.825000000000001,0.070090363432916,0.09839543259014377,0.05849066543417446,0.0035936208422925643,-0.050491612503513306,0.032339329494736294,-0.0002486204642462061,0.28630124897720755,0.1160174203027929,0.3900140397873048,0.225,0.15,0.38999999999999996,1.5,129.8823770151363,0.02708712609876481,True,False,False
11.83,0.07023409568985552,0.09847872861106169,0.05855089789297999,0.0036015563115765685,-0.050491612503513306,0.032339329494736294,-0.0002486204642462061,0.2863028552840148,0.1157248205286363,0.39001426901298597,0.225,0.15,0.38999999999999996,1.5,129.88238674555126,0.026862804357873825,True,False,False
11.835,0.07037895641652155,0.09856306824917892,0.05861011545549683,0.0036094271556822073,-0.050491612503513306,0.032339329494736294,-0.0002486204642462061,0.2863045293121653,0.11543192250097999,0.39001449531820037,0.225,0.15,0.38999999999999996,1.5,129.8823964541914,0.026638381861921922,True,False,False
11.84,0.07052493954281747,0.09864843722678025,0.05866831611610514,0.0036172328834134055,-0.050491612503513306,0.032339329494736294,-0.0002486204642462061,0.28630627069354514,0.11513873131212107,0.39001471867318105,0.225,0.15,0.38999999999999996,1.5,129.88240614059936,0.026413862076790837,True,False,False
11.845,0.07067203890584596,0.09873482019039691,0.05872549788801833,0.0036249730563949665,-0.050491612503513306,0.032339329494736294,-0.0002486204642462061,0.28630807905564537,0.11484525206403673,0.3900149390437954,0.225,0.15,0.38999999999999996,1.5,129.88241580432165,0.026189248465194315,True,False,False
11.85,0.07082024825167131,0.09882220093832483,0.058781658803256476,0.0036326472879571105,-0.050380659577925146,0.03293505307241705,-0.00024201389852550494,0.28630995402179266,0.11455148986829214,0.39001515639235296,0.225,0.15,0.38999999999999996,1.5,129.8824982710902,0.026601728767030652,True,False,False
11.855,0.07096956173136154,0.09891057090099804,0.058837183255264935,0.003640440513856287,-0.050380659577925146,0.03293505307241705,-0.00024201389852550494,0.2863118952204981,0.11425744888020173,0.39001537077770454,0.225,0.15,0.38999999999999996,1.5,129.8825080309658,0.026376081951108264,True,False,False
11.86,0.07111997342258013,0.09899992934746536,0.05889168257303214,0.0036481706283268234,-0.050380659577925146,0.03293505307241705,-0.00024201389852550494,0.28631390227983533,0.11396313326550747,0.3900155822891338,0.225,0.15,0.38999999999999996,1.5,129.88251776780655,0.02615034336476322,True,False,False
11.865,0.0712714768278299,0.0990902698224235,0.058945154786648725,0.0036558369803676963,-0.050380659577925146,0.03293505307241705,-0.00024201389852550494,0.28631597481499454,0.11366854816617582,0.3900157909266595,0.225,0.15,0.38999999999999996,1.5,129.88252748114715,0.025924516481496917,True,False,False
11.870000000000001,0.07142406536325996,0.09918158390983749,0.05899759794500847,0.0036634389048984,-0.050380659577925146,0.03293505307241705,-0.00024201389852550494,0.2863181124356349,0.1133736987336666,0.3900159966826534,0.225,0.15,0.38999999999999996,1.5,129.88253717052723,0.025698604771500454,True,False,False
11.875,0.07157773236056088,0.09927386135650056,0.05904901011599092,0.0036709757591188185,-0.050380659577925146,0.03293505307241705,-0.00024201389852550494,0.2863203147462631,0.11307859012884061,0.39001619954213407,0.225,0.15,0.38999999999999996,1.5,129.8825468354913,0.025472611701607185,True,False,False
11.88,0.07173247106882787,0.09936709024652804,0.0590993893865478,0.003678446943589055,-0.050380659577925146,0.03293505307241705,-0.00024201389852550494,0.28632258134658123,0.11278322752186724,0.3900163994834003,0.225,0.15,0.38999999999999996,1.5,129.8825564755881,0.02524654073524529,True,False,False
11.885,0.07188827465639379,0.09946125716412049,0.059148733862730625,0.0036858519132725647,-0.050380659577925146,0.03293505307241705,-0.00024201389852550494,0.2863249118318054,0.11248761609213175,0.390016596478811,0.225,0.15,0.38999999999999996,1.5,129.8825660903711,0.02502039533239087,True,False,False
11.89,0.0720451362126283,0.09955634743981671,0.05919704166968138,0.003693190182101368,-0.050380659577925146,0.03293505307241705,-0.00024201389852550494,0.2863273057929531,0.11219176102814307,0.3900167904956384,0.225,0.15,0.38999999999999996,1.5,129.88257567939712,0.02479417894952082,True,False,False
11.895,0.07220304874970772,0.0996523453699132,0.05924431095160331,0.0037004613234620136,-0.050380659577925146,0.03293505307241705,-0.00024201389852550494,0.2863297628171034,0.11189566752744147,0.3900169814968799,0.225,0.15,0.38999999999999996,1.5,129.88258524222755,0.024567895039566422,True,False,False
11.9,0.07236200520435036,0.09974923439456344,0.059290539871720324,0.0037076649682055776,-0.05027189236010474,0.03348423252297693,-0.00023349732085869065,0.2863322824876248,0.11159934079650613,0.3900171694420703,0.225,0.15,0.38999999999999996,1.5,129.88269487796762,0.024928938331416368,True,False,False
11.905,0.07252199892213923,0.09984700550987308,0.0593360827839701,0.003714972289126219,-0.05027189236010474,0.03348423252297693,-0.00023349732085869065,0.28633486439327444,0.11130278516035352,0.3900173544128352,0.225,0.15,0.38999999999999996,1.5,129.8827045212904,0.024701740670043843,True,False,False
11.91,0.07268302318911246,0.09994565738888288,0.059380581349507904,0.0037222152131985253,-0.05027189236010474,0.03348423252297693,-0.00023349732085869065,0.2863375081227555,0.11100600495370588,0.3900175365206363,0.225,0.15,0.38999999999999996,1.5,129.8827141380262,0.02447447815560656,True,False,False
11.915000000000001,0.07284507074255597,0.10004518306542877,0.059424033733909774,0.003729393074883004,-0.05027189236010474,0.03348423252297693,-0.00023349732085869065,0.286340213252591,0.11070900541133606,0.3900177157620362,0.225,0.15,0.38999999999999996,1.5,129.8827237277256,0.024247154248449213,True,False,False
11.92,0.07300813424890784,0.10014557368922132,0.059466438121872425,0.0037365051985047194,-0.05027189236010474,0.03348423252297693,-0.00023349732085869065,0.2863429793542665,0.1104117917768383,0.39001789212613114,0.225,0.15,0.38999999999999996,1.5,129.88273328994438,0.02401977240522451,True,False,False
11.925,0.07317220630558928,0.10024681861958566,0.05950779271734984,0.003743550936391912,-0.05027189236010474,0.03348423252297693,-0.00023349732085869065,0.28634580599460296,0.1101143693025353,0.39001806559485686,0.225,0.15,0.38999999999999996,1.5,129.88274282424354,0.02379233607884656,True,False,False
11.93,0.07333727944279937,0.10034890558060694,0.059548095743605894,0.003750529690537259,-0.05027189236010474,0.03348423252297693,-0.00023349732085869065,0.2863486927361009,0.1098167432493857,0.39001823614359316,0.225,0.15,0.38999999999999996,1.5,129.88275233018868,0.023564848718444106,True,False,False
11.935,0.07350334612527211,0.10045182086270396,0.05958734544321568,0.003757440923521363,-0.05027189236010474,0.03348423252297693,-0.00023349732085869065,0.2863516391372534,0.10951891888689147,0.39001840374195085,0.225,0.15,0.38999999999999996,1.5,129.88276180734968,0.023337313769314284,True,False,False
11.94,0.07367039875399854,0.10055554953764174,0.05962554007803689,0.0037642841625753045,-0.05027189236010474,0.03348423252297693,-0.00023349732085869065,0.2863546447528317,0.10922090149300523,0.3900185683545882,0.225,0.15,0.38999999999999996,1.5,129.88277125530067,0.02310973467287637,True,False,False
11.945,0.07383842966791075,0.10066007567598124,0.059662677929164895,0.0037710589993804272,-0.05027189236010474,0.03348423252297693,-0.00023349732085869065,0.2863577091341398,0.10892269635403792,0.39001872994202746,0.225,0.15,0.38999999999999996,1.5,129.88278067361995,0.02288211486662595,True,False,False
11.950000000000001,0.07400743114553036,0.1007653825198853,0.059698757296880095,0.003777765087330593,-0.05016610279432004,0.033985279708259465,-0.0002232086763052406,0.28636083182924194,0.10862430876456643,0.3900188884614332,0.225,0.15,0.38999999999999996,1.5,129.88291547373996,0.023190357639762408,True,False,False
11.955,0.0741773958700758,0.10087146070866448,0.05973410146134341,0.0037845592532907914,-0.05016610279432004,0.033985279708259465,-0.0002232086763052406,0.2863640123917454,0.1083257432150599,0.39001904401552057,0.225,0.15,0.38999999999999996,1.5,129.8829249560645,0.02296194683539096,True,False,False
11.96,0.07434831647848504,0.10097830834559952,0.05976838346288157,0.0037912879596256146,-0.05016610279432004,0.033985279708259465,-0.0002232086763052406,0.28636725037557537,0.10802700420494456,0.3900191967360401,0.225,0.15,0.38999999999999996,1.5,129.88293440833138,0.022733498618406966,True,False,False
11.965,0.07452018509212585,0.10108591803682555,0.05980160160853679,0.003797950540335738,-0.05016610279432004,0.033985279708259465,-0.0002232086763052406,0.2863705453232542,0.10772809705490487,0.39001934661623017,0.225,0.15,0.38999999999999996,1.5,129.8829438301098,0.022505016430281178,True,False,False
11.97,0.07469299377627925,0.10119428058737585,0.05983375422472792,0.0038045463229298008,-0.05016610279432004,0.033985279708259465,-0.0002232086763052406,0.2863738967727856,0.10742902709375002,0.3900194936420962,0.225,0.15,0.38999999999999996,1.5,129.88295322097454,0.022276503708410816,True,False,False
11.975,0.07486673454184975,0.10130338504741213,0.05986483965734255,0.0038110746675052193,-0.05016610279432004,0.033985279708259465,-0.0002232086763052406,0.28637730425801733,0.10712979965832135,0.39001963779272186,0.225,0.15,0.38999999999999996,1.5,129.88296258050545,0.022047963886073406,True,False,False
11.98,0.07504139934704034,0.10141321890928696,0.05989485627175714,0.003817534988568232,-0.05016610279432004,0.033985279708259465,-0.0002232086763052406,0.28638076730898004,0.10683042009339937,0.3900197790408573,0.225,0.15,0.38999999999999996,1.5,129.8829719082873,0.02181940039238113,True,False,False
11.985,0.07521698009898413,0.10152376828913719,0.059923802452814486,0.003823926765674846,-0.05016610279432004,0.033985279708259465,-0.0002232086763052406,0.28638428545219285,0.10653089375161134,0.3900199173536768,0.225,0.15,0.38999999999999996,1.5,129.88298120390917,0.021590816652235233,True,False,False
11.99,0.07539346865533922,0.10163501811819294,0.05995167660477731,0.0038302495469855076,-0.05016610279432004,0.033985279708259465,-0.0002232086763052406,0.2863878582109435,0.10623122599333862,0.3900200526935812,0.225,0.15,0.38999999999999996,1.5,129.88299046696477,0.021362216086280736,True,False,False
11.995000000000001,0.07557085682584228,0.10174695237593283,0.059978477151269624,0.0038365029484647103,-0.05016610279432004,0.033985279708259465,-0.0002232086763052406,0.2863914851055373,0.10593142218662426,0.3900201850189934,0.225,0.15,0.38999999999999996,1.5,129.88299969705199,0.02113360211086123,True,False,False
12.0,0.07574913637382452,0.10185955426454114,0.06000420253521355,0.0038426866505299074,-0.0500640340295311,0.03443665927971315,-0.00021128896781815658,0.28639516565351986,0.10563148770708057,0.39002031428511386,0.225,0.15,0.38999999999999996,1.5,129.8831575929824,0.02138774471050649,True,False,False
