time_s,position_error_3d_m,orientation_error_deg,tip_speed_m_s,ax_cmd_m_s2,ay_cmd_m_s2,az_cmd_m_s2,tip_x_m,tip_y_m,tip_z_m,target_x_m,target_y_m,target_z_m,wind_x_m_s,thrust_N,max_abs_torque_Nm,safe,task_success,anchor_active
0.0,0.0,0.0,0.0,0.0,0.0,0.0,0.225,0.0,0.38999999999999996,0.225,0.0,0.38999999999999996,0.0,129.8844,0.0,True,True,False
0.005,0.0,0.0,1.0733273954080062e-17,0.0,0.0,0.0,0.225,0.0,0.38999999999999996,0.225,0.0,0.38999999999999996,-0.03450091231393257,129.8844,0.0,True,True,False
0.01,3.055656553199051e-10,0.0,1.2125884279820544e-07,0.0,0.0,0.0,0.2249999998227724,0.0,0.3900000002489191,0.225,0.0,0.38999999999999996,-0.12451103086086968,129.8844,5.653346331778735e-07,True,True,False
0.015,4.877208126101983e-09,8.537736462515939e-07,1.6949255862534531e-06,0.0,0.0,0.0,0.22499999715153426,0.0,0.3900000039589647,0.225,0.0,0.38999999999999996,-0.07011702525355765,129.8844,7.995173723034189e-06,True,True,False
0.02,1.4417576880796785e-08,2.9575586669421963e-06,2.1200416767356714e-06,0.0,0.0,0.0,0.22499999131678583,0.0,0.390000011509488,0.225,0.0,0.38999999999999996,-0.15817138097128275,129.8844,1.1251339067309792e-05,True,True,False
0.025,3.1199069271064386e-08,6.2155659652833185e-06,4.576208089165832e-06,0.0,0.0,0.0,0.2249999808209227,0.0,0.39000002460782224,0.225,0.0,0.38999999999999996,0.003328803487282178,129.88439999999997,2.408614660536475e-05,True,True,False
0.03,5.358793697779884e-08,1.0560596771592162e-05,4.3921766010815856e-06,0.0,0.0,0.0,0.22499996621619894,0.0,0.3900000415971366,0.225,0.0,0.38999999999999996,0.07705672600912224,129.88439999999994,2.6173464761251214e-05,True,True,False
0.035,7.357497436020742e-08,1.4209625421253986e-05,3.647255422786253e-06,0.0,0.0,0.0,0.22499995205151324,0.0,0.3900000558051921,0.225,0.0,0.38999999999999996,0.04800307205714048,129.88439999999989,2.4856229735632313e-05,True,True,False
0.04,9.080858630581167e-08,1.7075472925031942e-05,3.3265361225517554e-06,0.0,0.0,0.0,0.22499993874377072,0.0,0.39000006703636114,0.225,0.0,0.38999999999999996,0.09329104845090638,129.88439999999974,2.4456970571069045e-05,True,True,False
0.045,1.0479642236282053e-07,1.9090959104164312e-05,2.444305377998067e-06,0.0,0.0,0.0,0.22499992676794758,0.0,0.3900000749623681,0.225,0.0,0.38999999999999996,0.22143123726836655,129.88439999999954,2.059118834196458e-05,True,True,False
0.05,1.0404118644490348e-07,1.7847749574042878e-05,3.0898567644971183e-06,-2.487977456584065e-05,0.0,-2.7680532130357363e-12,0.22499992317152148,0.0,0.39000007015663446,0.225,0.0,0.38999999999999996,0.44647878206170943,129.88439999993128,3.6092083379075914e-05,True,True,False
0.055,4.552609532086166e-08,3.52019892386405e-06,2.300992453775698e-05,-2.487977456584065e-05,0.0,-2.7680532130357363e-12,0.22499995672968726,0.0,0.3900000141529286,0.225,0.0,0.38999999999999996,0.37057505543774605,129.88439999994415,6.299145323043209e-05,True,True,False
0.06,1.1404864079292045e-07,2.6985190560652365e-05,3.587305978290177e-05,-2.487977456584065e-05,0.0,-2.7680532130357363e-12,0.2250000421652165,0.0,0.3899998940321417,0.225,0.0,0.38999999999999996,0.45372013149852886,129.88439999997777,0.0001430598563006412,True,True,False
0.065,3.3911691658941186e-07,7.28664671431413e-05,5.522940741990139e-05,-2.487977456584065e-05,0.0,-2.7680532130357363e-12,0.22500018199476668,0.0,0.3899997138563507,0.225,0.0,0.38999999999999996,0.49277311051402467,129.88440000003112,0.0002598072664203026,True,True,False
0.07,6.702916383844451e-07,0.00013815577208755258,7.761727300540077e-05,-2.487977456584065e-05,0.0,-2.7680532130357363e-12,0.22500039362276406,0.0,0.3899994574578356,0.225,0.0,0.38999999999999996,0.4680071054685049,129.88440000010544,0.0004007463310017444,True,True,False
0.075,1.1055068148024189e-06,0.0002217445923568858,9.682182129821104e-05,-2.487977456584065e-05,0.0,-2.7680532130357363e-12,0.2250006810928554,0.0,0.38999912921998187,0.225,0.0,0.38999999999999996,0.5528307797026597,129.88440000019278,0.0005369968143721999,True,True,False
0.08,1.6573217607735553e-06,0.00032534713700927234,0.0001242361114779405,-2.487977456584065e-05,0.0,-2.7680532130357363e-12,0.22500105564772926,0.0,0.3899987223759197,0.225,0.0,0.38999999999999996,0.590514324674549,129.88440000028177,0.0007173494560838986,True,True,False
0.085,2.3549178523437053e-06,0.00045392825216038245,0.00015517295168343393,-2.487977456584065e-05,0.0,-2.7680532130357363e-12,0.2250015388896322,0.0,0.3899982174577729,0.225,0.0,0.38999999999999996,0.6734535886506797,129.88440000035473,0.000924514769317437,True,True,False
0.09,3.23147462582197e-06,0.0006130742805246942,0.00019582998447179305,-2.487977456584065e-05,0.0,-2.7680532130357363e-12,0.22500215556149677,0.0,0.3899975925152355,0.225,0.0,0.38999999999999996,0.6281277615328752,129.88440000038014,0.0011826168238923819,True,True,False
0.095,4.293043440830725e-06,0.0008023673699016418,0.00022938204967062211,-2.487977456584065e-05,0.0,-2.7680532130357363e-12,0.22500291594163122,0.0,0.38999684920543537,0.225,0.0,0.38999999999999996,0.6247961403803675,129.88440000030906,0.0014283244576505172,True,True,False
0.1,5.518701261970202e-06,0.001015772508755663,0.000261821920848432,-0.004053456931316128,0.0,9.437672440070207e-09,0.2250038138853077,0.0,0.3899960112229344,0.225,0.0,0.38999999999999996,0.6531980204737496,129.8844003749879,0.004678800111503315,True,True,False
0.105,6.913860032121584e-06,0.0012531501001446723,0.00029754747853377673,-0.004053456931316128,0.0,9.437672440070207e-09,0.22500485658583663,0.0,0.38999507912258274,0.225,0.0,0.38999999999999996,0.651504457950628,129.88440044562824,0.004223691927200878,True,True,False
0.11,8.485187297887583e-06,0.0015147041741654954,0.0003326664744630629,-0.004053456931316128,0.0,9.437672440070207e-09,0.22500605152865255,0.0,0.38999405210924376,0.225,0.0,0.38999999999999996,0.649577553401538,129.8844005321662,0.0037809404027538338,True,True,False
0.115,1.0229657731882113e-05,0.0017985134493346535,0.0003672613483129189,-0.004053456931316128,0.0,9.437672440070207e-09,0.22500740069369266,0.0,0.389992937731938,0.225,0.0,0.38999999999999996,0.5850178155997874,129.8844006337519,0.0033512877197107716,True,True,False
0.12,1.212531775771847e-05,0.0020986925008917297,0.00039388798332492365,-0.004053456931316128,0.0,9.437672440070207e-09,0.2250088944362098,0.0,0.3899917591059201,0.225,0.0,0.38999999999999996,0.5921851548632129,129.8844007488329,0.002971841710576411,True,True,False
0.125,1.4154518495809127e-05,0.0024105618158141657,0.000421531984501425,-0.004053456931316128,0.0,9.437672440070207e-09,0.22501052410409925,0.0,0.38999053460900135,0.225,0.0,0.38999999999999996,0.6042058797217582,129.88440087582927,0.0026055616668832185,True,True,False
0.13,1.6323816331710826e-05,0.002734692565224787,0.00045073673460512513,-0.004053456931316128,0.0,9.437672440070207e-09,0.2250122948111746,0.0,0.3899892620021506,0.225,0.0,0.38999999999999996,0.5962998286041978,129.88440101396637,0.002248203739271175,True,True,False
0.135,1.8635098206934183e-05,0.0030706044859127794,0.00047916826853018136,-0.004053456931316128,0.0,9.437672440070207e-09,0.22501420914722584,0.0,0.3899879431753642,0.225,0.0,0.38999999999999996,0.5921488789268761,129.88440116237285,0.001909624005804524,True,True,False
0.14,2.1085553126342406e-05,0.0034168255997663473,0.0005073163461398314,-0.004053456931316128,0.0,9.437672440070207e-09,0.22501626681016296,0.0,0.38998658391123436,0.225,0.0,0.38999999999999996,0.6447733621499451,129.88440132003308,0.0015878595352949712,True,True,False
0.145,2.3690963096902507e-05,0.003775921745251305,0.0005418126174701744,-0.004053456931316128,0.0,9.437672440070207e-09,0.225018478517509,0.0,0.3899851741400543,0.225,0.0,0.38999999999999996,0.589000741079463,129.88440148656701,0.001249576129431989,True,True,False
0.15,2.6450615086855068e-05,0.00414667233910972,0.0005698648884880753,-0.008321211653288599,0.0,6.022157138949722e-08,0.2250208459338354,0.0,0.38998371865850107,0.225,0.0,0.38999999999999996,0.6416458962783947,129.88440401125635,0.007681793433969479,True,True,False
0.155,2.9364689919198095e-05,0.004528424837508412,0.0006043576502191184,-0.008321211653288599,0.0,6.022157138949722e-08,0.22502337002102882,0.0,0.38998222003568156,0.225,0.0,0.38999999999999996,0.6261976442933082,129.88440440802293,0.007167120829693738,True,True,False
0.16,3.2445756058708545e-05,0.004923287712893288,0.0006372385882681594,-0.008321211653288599,0.0,6.022157138949722e-08,0.22502605913068593,0.0,0.38998067000273884,0.225,0.0,0.38999999999999996,0.6275565477438246,129.8844048361631,0.0066841485765828995,True,True,False
0.165,3.569062967740803e-05,0.005329767177275134,0.0006705422182469132,-0.008321211653288599,0.0,6.022157138949722e-08,0.22502891265382977,0.0,0.3899790744296304,0.225,0.0,0.38999999999999996,0.6091933730420703,129.88440529280675,0.0062228402381463346,True,True,False
0.17,3.9095504412896825e-05,0.005746229514958791,0.0007020297342493356,-0.008321211653288599,0.0,6.022157138949722e-08,0.22503192949905837,0.0,0.3899774397350374,0.225,0.0,0.38999999999999996,0.6779101131801712,129.8844057751396,0.0057934685225131686,True,True,False
0.17500000000000002,4.267769393883725e-05,0.006175753953795765,0.0007418816990380053,-0.008321211653288599,0.0,6.022157138949722e-08,0.2250351213494614,0.0,0.3899757538379955,0.225,0.0,0.38999999999999996,0.735222818267888,129.88440628188914,0.00534369970362842,True,True,False
0.18,4.647845468252939e-05,0.006626392651368387,0.0007891838192198657,-0.008321211653288599,0.0,6.022157138949722e-08,0.2250385158908602,0.0,0.3899739851407668,0.225,0.0,0.38999999999999996,0.7320455185444941,129.88440681386413,0.0048709265708783735,True,True,False
0.185,5.051528141992426e-05,0.007100455384994305,0.0008360081373305661,-0.008321211653288599,0.0,6.022157138949722e-08,0.22504212784127572,0.0,0.38997212458706343,0.225,0.0,0.38999999999999996,0.6934002668705639,129.88440737059855,0.004411457246769498,True,True,False
0.19,5.477302041087355e-05,0.007592868059101669,0.0008778520026987382,-0.008321211653288599,0.0,6.022157138949722e-08,0.225045951855674,0.0,0.38997019210297507,0.225,0.0,0.38999999999999996,0.838083391510952,129.88440794933177,0.00399076315885492,True,True,False
0.195,5.929175024964075e-05,0.008111785687552383,0.0009399226444305997,-0.008321211653288599,0.0,6.022157138949722e-08,0.22505001451591092,0.0,0.38996815569366644,0.225,0.0,0.38999999999999996,0.8769173076023323,129.8844085507286,0.003486454831369232,True,True,False
0.2,6.41400994767953e-05,0.008672605222710732,0.0010080616959435823,-0.01312146929754117,0.0,1.7157613737557972e-07,0.22505435887090713,0.0,0.38996595494875025,0.225,0.0,0.38999999999999996,0.7810596858576697,129.88441572500247,0.010529042862856738,True,True,False
0.20500000000000002,6.929437629458473e-05,0.009268216538888475,0.0010615776559469475,-0.01312146929754117,0.0,1.7157613737557972e-07,0.22505897496227958,0.0,0.3899636178009161,0.225,0.0,0.38999999999999996,0.7768145089317375,129.88441680335055,0.009848617578621315,True,True,False
0.21,7.471448888166421e-05,0.00988727928168238,0.0011146617472334132,-0.01312146929754117,0.0,1.7157613737557972e-07,0.22506384311971672,0.0,0.38996118877850816,0.225,0.0,0.38999999999999996,0.7639756687980769,129.88441794089817,0.009200388602259716,True,True,False
0.215,8.039488301433733e-05,0.01052729178004839,0.0011661560599401913,-0.01312146929754117,0.0,1.7157613737557972e-07,0.22506896235212198,0.0,0.3899586777153984,0.225,0.0,0.38999999999999996,0.8177728415138054,129.8844191319045,0.008588581882732137,True,True,False
0.22,8.63522551669296e-05,0.011191499745120636,0.0012256137565709515,-0.01312146929754117,0.0,1.7157613737557972e-07,0.2250743440199414,0.0,0.38995607189201237,0.225,0.0,0.38999999999999996,0.7956117466563171,129.8844203729882,0.007968246966339911,True,True,False
0.225,9.259915426136364e-05,0.011882005738217799,0.001281996581300348,-0.01312146929754117,0.0,1.7157613737557972e-07,0.22507999750513508,0.0,0.3899533630774805,0.225,0.0,0.38999999999999996,0.7326449960687833,129.88442166090024,0.007384991741914149,True,True,False
0.23,9.910473231385008e-05,0.012589451563221091,0.001329929709563204,-0.01312146929754117,0.0,1.7157613737557972e-07,0.22508590810609613,0.0,0.3899505880047561,0.225,0.0,0.38999999999999996,0.8357793297975777,129.88442298830554,0.006865635439525564,True,True,False
0.23500000000000001,0.0001058856915605118,0.013316898518873575,0.0013926522653735678,-0.01312146929754117,0.0,1.7157613737557972e-07,0.22509208754510798,0.0,0.38994773467963134,0.225,0.0,0.38999999999999996,0.6726051202144461,129.8844243522749,0.006304805083592742,True,True,False
0.24,0.00011292291828402648,0.014057850756965216,0.0014336419021266414,-0.01312146929754117,0.0,1.7157613737557972e-07,0.22509852767121397,0.0,0.38994482859908486,0.225,0.0,0.38999999999999996,0.5564017613733709,129.88442574710768,0.005865738813168759,True,True,False
0.245,0.00012012618418560752,0.014786883652012027,0.0014627371279188027,-0.01312146929754117,0.0,1.7157613737557972e-07,0.2251051796639314,0.0,0.38994196950437676,0.225,0.0,0.38999999999999996,0.5119089874712834,129.88442715971632,0.005516680441983222,True,True,False
0.25,0.0001274539898983901,0.01549138666228487,0.0014887706589315083,-0.016934013158791977,0.0,2.7391733412260645e-07,0.22511202103849873,0.0,0.38993920685503536,0.225,0.0,0.38999999999999996,0.46831152020680367,129.88443807063595,0.011232380457395354,True,True,False
0.255,0.0001348902638127254,0.01616667968975024,0.0015123791826283648,-0.016934013158791977,0.0,2.7391733412260645e-07,0.22511904043067996,0.0,0.38993655901060825,0.225,0.0,0.38999999999999996,0.4558179121209297,129.8844399796151,0.010813517738022764,True,True,False
0.26,0.00014242865955766692,0.01681223722977009,0.0015360895868078144,-0.016934013158791977,0.0,2.7391733412260645e-07,0.22512622845498162,0.0,0.3899340280346181,0.225,0.0,0.38999999999999996,0.45262752054886146,129.88444191313923,0.010434603247886478,True,True,False
0.265,0.00015007163360930998,0.017429356747438386,0.001560630339722521,-0.016934013158791977,0.0,2.7391733412260645e-07,0.22513358196853778,0.0,0.38993160882443073,0.225,0.0,0.38999999999999996,0.5299949541606848,129.8844438662952,0.010070823857467567,True,True,False
0.27,0.00015784118025937232,0.018023842892307764,0.0015920912592522344,-0.016934013158791977,0.0,2.7391733412260645e-07,0.22514111102882947,0.0,0.3899292786048754,0.225,0.0,0.38999999999999996,0.4060678425136837,129.88444583669965,0.00971472599092313,True,True,False
0.275,0.00016573328431108552,0.018594815107017923,0.0016152028863721786,-0.016934013158791977,0.0,2.7391733412260645e-07,0.22514881020929603,0.0,0.38992704081183416,0.225,0.0,0.38999999999999996,0.6421354237877599,129.8844478217961,0.009375138059834273,True,True,False
0.28,0.00017378130992888038,0.0191505271307897,0.0016581830846016318,-0.016934013158791977,0.0,2.7391733412260645e-07,0.22515669839318567,0.0,0.38992486307662916,0.225,0.0,0.38999999999999996,0.6877213998280979,129.88444981953043,0.009034990535155883,True,True,False
0.28500000000000003,0.000182056326286532,0.019708009768624336,0.001706315099473778,-0.016934013158791977,0.0,2.7391733412260645e-07,0.22516482084976738,0.0,0.3899226786354045,0.225,0.0,0.38999999999999996,0.6225993070801691,129.88445182964793,0.00868727505112419,True,True,False
0.29,0.00019055481434055084,0.020265508638904858,0.0017482226781667947,-0.016934013158791977,0.0,2.7391733412260645e-07,0.22517317618657448,0.0,0.389920494367043,0.225,0.0,0.38999999999999996,0.5738920747822951,129.88445384999892,0.008368167058497933,True,True,False
0.295,0.0001992476643827732,0.020815081104029184,0.0017862187185491993,-0.016934013158791977,0.0,2.7391733412260645e-07,0.22518174571575275,0.0,0.3899183414023662,0.225,0.0,0.38999999999999996,0.5324941318594172,129.88445587699954,0.00806076041872077,True,True,False
0.3,0.00020811538384538937,0.021351223617819513,0.0018213267087146222,-0.015952578230061555,0.0,-3.910291333787388e-08,0.22519051638529358,0.0,0.3899162412993905,0.225,0.0,0.38999999999999996,0.3517633485640811,129.8844503597023,0.0062178563822907415,True,True,False
0.305,0.00021711543153042076,0.021862320860685434,0.0018447330737165555,-0.015952578230061555,0.0,-3.910291333787388e-08,0.2251994599161809,0.0,0.3899142395636336,0.225,0.0,0.38999999999999996,0.3819905158727608,129.88445224944567,0.006004562075835147,True,True,False
0.31,0.00022621979551990155,0.022340689057890654,0.0018702885385269645,-0.015952578230061555,0.0,-3.910291333787388e-08,0.22520855629736813,0.0,0.3899123662923689,0.225,0.0,0.38999999999999996,0.29141182686086997,129.88445412952748,0.005802640755751277,True,True,False
0.315,0.00023542257437963635,0.0227845156101492,0.001891818852289615,-0.015952578230061555,0.0,-3.910291333787388e-08,0.2252177993052823,0.0,0.38991062857757597,0.225,0.0,0.38999999999999996,0.24669104979743003,129.88445599797268,0.005618554526791832,True,True,False
0.32,0.00024470791755755607,0.023189629380995457,0.0019120852368228187,-0.015952578230061555,0.0,-3.910291333787388e-08,0.2252271755807526,0.0,0.38990904275496097,0.225,0.0,0.38999999999999996,0.1580022291940065,129.88445785266086,0.00544922814096736,True,True,False
0.325,0.00025406571810221413,0.023553571800118706,0.00193027259396878,-0.015952578230061555,0.0,-3.910291333787388e-08,0.22523667496276115,0.0,0.3899076184481792,0.225,0.0,0.38999999999999996,0.10949507337009265,129.88445969170388,0.005295486954963988,True,True,False
0.33,0.00026348840264938197,0.02387476284520155,0.0019479794964502618,-0.015952578230061555,0.0,-3.910291333787388e-08,0.22524628851603284,0.0,0.38990636183897004,0.225,0.0,0.38999999999999996,0.11084827380025888,129.88446151336422,0.005155272775179725,True,True,False
0.335,0.0002729761317626693,0.024153839206346776,0.00196604101747179,-0.015952578230061555,0.0,-3.910291333787388e-08,0.22525601225747902,0.0,0.38990527042419276,0.225,0.0,0.38999999999999996,0.007685519025053059,129.88446331619218,0.005027142553237111,True,True,False
0.34,0.00028252915155503806,0.024391575435992015,0.001983577970210409,-0.015952578230061555,0.0,-3.910291333787388e-08,0.2252658422618627,0.0,0.3899043411620071,0.225,0.0,0.38999999999999996,0.12869280650484308,129.8844650988556,0.004911739137236956,True,True,False
0.34500000000000003,0.0002921508496063469,0.024589718158135734,0.0020023347857445325,-0.015952578230061555,0.0,-3.910291333787388e-08,0.22527577678416713,0.0,0.3899035672035034,0.225,0.0,0.38999999999999996,0.026267345006490403,129.88446686020055,0.004806367299508547,True,True,False
0.35000000000000003,0.0003018436055188742,0.024749800062132232,0.0020202106981244607,-0.010037730801609104,0.0,-9.304392054828185e-07,0.22528581359604755,0.0,0.38990294254017843,0.225,0.0,0.38999999999999996,-0.013620717338258884,129.88442788988223,0.004610939420176683,True,True,False
0.355,0.000311606247103363,0.024872549789909885,0.002038114109691851,-0.010037730801609104,0.0,-9.304392054828185e-07,0.22529594802814085,0.0,0.3899024642738613,0.225,0.0,0.38999999999999996,-0.015597334554169133,129.8844287690797,0.0043586920058579955,True,True,False
0.36,0.0003214406652734519,0.024959604487099225,0.002056009562691793,-0.010037730801609104,0.0,-9.304392054828185e-07,0.2253061776785195,0.0,0.3899021259458903,0.225,0.0,0.38999999999999996,0.03406008707754131,129.88442960978676,0.004104919288906451,True,True,False
0.365,0.00033134873575253504,0.02501258948312675,0.002073921737873986,-0.010037730801609104,0.0,-9.304392054828185e-07,0.2253165004435155,0.0,0.3899019211850637,0.225,0.0,0.38999999999999996,0.05069369550338057,129.88443041335873,0.003849951504476524,True,True,False
0.37,0.00034133233833444387,0.025033177153725467,0.0020917963176831627,-0.010037730801609104,0.0,-9.304392054828185e-07,0.22532691444500386,0.0,0.3899018434370982,0.225,0.0,0.38999999999999996,0.05293949117662601,129.88443118111937,0.0035940172604194236,True,True,False
0.375,0.00035139285312013846,0.025022942050834582,0.002109520611623083,-0.010037730801609104,0.0,-9.304392054828185e-07,0.2253374176708718,0.0,0.3899018865319776,0.225,0.0,0.38999999999999996,0.09141652348968132,129.88443191435525,0.003337248841308895,True,True,False
0.38,0.00036153221884806355,0.024983660578768507,0.0021273471120534376,-0.010037730801609104,0.0,-9.304392054828185e-07,0.22534800872295957,0.0,0.38990204350961133,0.225,0.0,0.38999999999999996,0.11981609635262896,129.88443261432735,0.0030803227217041287,True,True,False
0.385,0.00037175325056709767,0.024917387367896816,0.0021452642980231275,-0.010037730801609104,0.0,-9.304392054828185e-07,0.22535868708402984,0.0,0.3899023063202792,0.225,0.0,0.38999999999999996,0.04096792890885656,129.88443328227683,0.0028235610524938257,True,True,False
0.39,0.000382054986873828,0.024825101705141087,0.002162234770202836,-0.010037730801609104,0.0,-9.304392054828185e-07,0.22536944973100387,0.0,0.38990267112835164,0.225,0.0,0.38999999999999996,0.08602434884768326,129.88443391937,0.00256561985238837,True,True,False
0.395,0.000392436204834958,0.02470776387491568,0.002179208254039317,-0.010037730801609104,0.0,-9.304392054828185e-07,0.2253802935529885,0.0,0.38990313417310185,0.225,0.0,0.38999999999999996,0.032452123770810304,129.88443452673408,0.0023081501890827496,True,True,False
0.4,0.0004028967418896582,0.024566663058495888,0.002195535633520373,-0.003782736618727526,0.0,-1.5664538469254913e-06,0.2253912163679584,0.0,0.3899036904051158,0.225,0.0,0.38999999999999996,-0.0609388858646381,129.88438855245914,0.011910785252933737,True,True,False
0.405,0.0004134344129859481,0.02440258896522174,0.0022112810594690528,-0.003782736618727526,0.0,-1.5664538469254913e-06,0.22540221454937528,0.0,0.38990433668356217,0.225,0.0,0.38999999999999996,-0.06990776003376453,129.8843884762702,0.011299107237097879,True,True,False
0.41000000000000003,0.00042404791693820824,0.024216606793182868,0.0022266241143850964,-0.003782736618727526,0.0,-1.5664538469254913e-06,0.22541328525308374,0.0,0.389905068785728,0.225,0.0,0.38999999999999996,-0.11168315632688548,129.88438839884313,0.010697176696612635,True,True,False
0.41500000000000004,0.0004347350993604082,0.024009454572522182,0.0022412130028498425,-0.003782736618727526,0.0,-1.5664538469254913e-06,0.22542442520106756,0.0,0.3899058838201228,0.225,0.0,0.38999999999999996,-0.09393029940368869,129.88438832142035,0.010104436217333044,True,True,False
0.42,0.0004454945935564271,0.023782124083581123,0.00225561873772204,-0.003782736618727526,0.0,-1.5664538469254913e-06,0.2254356318091636,0.0,0.3899067779010488,0.225,0.0,0.38999999999999996,-0.07238497405622013,129.88438824510195,0.009521871025684248,True,True,False
0.425,0.0004563270511608177,0.023536211465621702,0.0022698308064151656,-0.003782736618727526,0.0,-1.5664538469254913e-06,0.22544690418560037,0.0,0.3899077447751398,0.225,0.0,0.38999999999999996,-0.1226648618202682,129.88438817084995,0.0089495742971711,True,True,False
0.43,0.00046723040832648114,0.02327246631230965,0.0022831597297700524,-0.003782736618727526,0.0,-1.5664538469254913e-06,0.22545823950163213,0.0,0.3899087815062124,0.225,0.0,0.38999999999999996,-0.09946656453535727,129.88438809950756,0.008386417430043187,True,True,False
0.435,0.00047820277612959386,0.02299171386874787,0.002296347046219377,-0.003782736618727526,0.0,-1.5664538469254913e-06,0.22546963513184073,0.0,0.3899098848623205,0.225,0.0,0.38999999999999996,-0.10653444359244545,129.8843880318007,0.00783369183491431,True,True,False
0.44,0.0004892437509307336,0.02269522643799731,0.0023090622796251327,-0.003782736618727526,0.0,-1.5664538469254913e-06,0.22548108972164918,0.0,0.3899110498592002,0.225,0.0,0.38999999999999996,-0.2386883194634814,129.88438796834234,0.007290907174024715,True,True,False
0.445,0.0005003434256697294,0.022381300292796797,0.0023191292952795145,-0.003782736618727526,0.0,-1.5664538469254913e-06,0.22549259446051267,0.0,0.3899122831767381,0.225,0.0,0.38999999999999996,-0.11706808995486626,129.88438790966904,0.006754104487117316,True,True,False
0.45,0.0005115000548011645,0.02205093616720087,0.00233082364878556,0.0009263865737327848,0.0,-1.6503987890324552e-06,0.225504146848201,0.0,0.38991358089614786,0.225,0.0,0.38999999999999996,-0.11992911852490269,129.88435473736936,0.013654290585213807,True,True,False
0.455,0.000522720204700227,0.02170772143043201,0.002342076684386767,0.0009263865737327848,0.0,-1.6503987890324552e-06,0.2255157512232823,0.0,0.38991492892333657,0.225,0.0,0.38999999999999996,-0.13465245383194682,129.8843545188406,0.012874697310206526,True,True,False
0.46,0.0005340017897266108,0.021352418396879545,0.002352755031494681,0.0009263865737327848,0.0,-1.6503987890324552e-06,0.2255274052311237,0.0,0.38991632423520156,0.225,0.0,0.38999999999999996,-0.06911647527521206,129.8843543456247,0.012111968487471654,True,True,False
0.465,0.0005453451136374437,0.020986471096245962,0.0023636804559955876,0.0009263865737327848,0.0,-1.6503987890324552e-06,0.2255391085867304,0.0,0.389917761172906,0.225,0.0,0.38999999999999996,-0.18398679718767857,129.88435421670277,0.01136750014790259,True,True,False
0.47000000000000003,0.0005567458824935064,0.02060976517126096,0.0023728523430415135,0.0009263865737327848,0.0,-1.6503987890324552e-06,0.2255508573592047,0.0,0.38991924018645685,0.225,0.0,0.38999999999999996,-0.24138337659581416,129.8843541309948,0.010637511845875535,True,True,False
0.47500000000000003,0.0005681930052655255,0.020220032168669525,0.002380458299437066,0.0009263865737327848,0.0,-1.6503987890324552e-06,0.225562641915795,0.0,0.3899207701708748,0.225,0.0,0.38999999999999996,-0.1692044874858353,129.8843540874202,0.009921985600797725,True,True,False
0.48,0.0005796857626277584,0.019818486909738163,0.002388983259258484,0.0009263865737327848,0.0,-1.6503987890324552e-06,0.22557446104898912,0.0,0.3899223463678399,0.225,0.0,0.38999999999999996,-0.3247462791391385,129.8843540846727,0.009225410019917946,True,True,False
0.485,0.0005912142865046694,0.019403237496041073,0.0023935514457312074,0.0009263865737327848,0.0,-1.6503987890324552e-06,0.22558630599018034,0.0,0.3899239761981621,0.225,0.0,0.38999999999999996,-0.3951779709505035,129.8843541214836,0.008538499207498908,True,True,False
0.49,0.0006027546255879136,0.01896794641621016,0.002395278134185192,0.0009263865737327848,0.0,-1.6503987890324552e-06,0.22559815578829884,0.0,0.3899256845131064,0.225,0.0,0.38999999999999996,-0.26494948918443106,129.88435419673976,0.007862617526761753,True,True,False
0.495,0.0006143109735654966,0.01851577635222568,0.0024003476256749764,0.0009263865737327848,0.0,-1.6503987890324552e-06,0.22561001292113522,0.0,0.3899274589199758,0.225,0.0,0.38999999999999996,-0.21974385301285618,129.88435430849788,0.007229620039031366,True,True,False
0.5,0.000625900185311824,0.01805315421530635,0.0024061725232450972,0.003965156088565073,0.0,-1.2822297468123557e-06,0.22562189139400304,0.0,0.3899292742194222,0.225,0.0,0.38999999999999996,-0.30084524042900673,129.88433852890864,0.011444978329792951,True,True,False
0.505,0.0006375171382279794,0.01757855329799084,0.002409960207079207,0.003965156088565073,0.0,-1.2822297468123557e-06,0.22563378695390848,0.0,0.38993113637687565,0.225,0.0,0.38999999999999996,-0.29895294502997527,129.88433879798905,0.010747444132928864,True,True,False
0.51,0.0006491529817268936,0.017089271311003143,0.0024134985584550557,0.003965156088565073,0.0,-1.2822297468123557e-06,0.22564569194744302,0.0,0.38993305597343925,0.225,0.0,0.38999999999999996,-0.24196267059477894,129.88433912089042,0.010093492628752997,True,True,False
0.515,0.0006608110581235965,0.016586794289088953,0.002418111179931771,0.003965156088565073,0.0,-1.2822297468123557e-06,0.22565760914572153,0.0,0.3899350271902882,0.225,0.0,0.38999999999999996,-0.30761034275795063,129.8843394924489,0.009492799838931677,True,True,False
0.52,0.0006724883450145631,0.01607050564803249,0.002420779454566914,0.003965156088565073,0.0,-1.2822297468123557e-06,0.22566953579511276,0.0,0.38993705245641674,0.225,0.0,0.38999999999999996,-0.3081988398250029,129.88433990850183,0.008911707323335648,True,True,False
0.525,0.0006841764030794745,0.01553837726988385,0.0024229882458538057,0.003965156088565073,0.0,-1.2822297468123557e-06,0.22568146414368762,0.0,0.3899391397387544,0.225,0.0,0.38999999999999996,-0.2823532092663031,129.88434036590542,0.008361839027030103,True,True,False
0.53,0.0006958753225625315,0.014991357598451337,0.002425393750059375,0.003965156088565073,0.0,-1.2822297468123557e-06,0.22569339386508833,0.0,0.38994128533054345,0.225,0.0,0.38999999999999996,-0.2810420651778201,129.8843408608156,0.00784841504566599,True,True,False
0.535,0.0007075853176374843,0.014430461117819695,0.0024273526530239563,0.003965156088565073,0.0,-1.2822297468123557e-06,0.22570532479504063,0.0,0.3899434852653103,0.225,0.0,0.38999999999999996,-0.16095164761964395,129.8843413895317,0.007363568952063949,True,True,False
0.54,0.0007193127783255295,0.013858771391311048,0.0024311329428757535,0.003965156088565073,0.0,-1.2822297468123557e-06,0.22571726240974654,0.0,0.38994572745973344,0.225,0.0,0.38999999999999996,-0.1542854920150602,129.8843419478145,0.006930431584507115,True,True,False
0.545,0.0007310643511223586,0.01327919878546301,0.0024346149680501326,0.003965156088565073,0.0,-1.2822297468123557e-06,0.22572921268388182,0.0,0.3899480005081964,0.225,0.0,0.38999999999999996,-0.16894148324831043,129.88434253143987,0.006526246009469066,True,True,False
0.55,0.0007428371146334477,0.012691495354661108,0.0024374666449355946,0.006087169697197123,0.0,-6.623077211115502e-07,0.22574117300608834,0.0,0.3899503053934221,0.225,0.0,0.38999999999999996,-0.15317308628908524,129.88433792706854,0.009490928348706351,True,True,False
0.555,0.0007546287090207471,0.012095553975483293,0.0024401948610865013,0.006087169697197123,0.0,-6.623077211115502e-07,0.22575314126107973,0.0,0.3899526425366224,0.225,0.0,0.38999999999999996,-0.18569517449359296,129.88433871181405,0.009035773491277469,True,True,False
0.56,0.0007664357563808643,0.011490855948047357,0.0024420139206075653,0.006087169697197123,0.0,-6.623077211115502e-07,0.22576511438761804,0.0,0.3899550139741809,0.225,0.0,0.38999999999999996,-0.25220394197134977,129.88433952871193,0.008604085097604656,True,True,False
0.5650000000000001,0.0007782491401293958,0.010875302534176502,0.002442082787684102,0.006087169697197123,0.0,-6.623077211115502e-07,0.2257770838724859,0.0,0.3899574279524281,0.225,0.0,0.38999999999999996,-0.2725253877465908,129.88434037499513,0.008184566923912067,True,True,False
0.5700000000000001,0.0007900596685186335,0.010247142051933356,0.0024410801027188334,0.006087169697197123,0.0,-6.623077211115502e-07,0.22578904092196028,0.0,0.38995989135639475,0.225,0.0,0.38999999999999996,-0.3252691989096193,129.88434124825906,0.0077827312794375835,True,True,False
0.5750000000000001,0.0008018576944488304,0.009604733559020792,0.0024380875762624547,0.006087169697197123,0.0,-6.623077211115502e-07,0.22580097615572864,0.0,0.3899624106384601,0.225,0.0,0.38999999999999996,-0.17883617362439758,129.88434214640898,0.007387118142132398,True,True,False
0.58,0.0008136468457178959,0.008951226357562975,0.002437377301396197,0.006087169697197123,0.0,-6.623077211115502e-07,0.22581289257013762,0.0,0.389964973453471,0.225,0.0,0.38999999999999996,-0.009052443513136443,129.88434306568914,0.0070451961677102486,True,True,False
0.585,0.0008254410158307323,0.008292803638785855,0.002437444899259897,0.006087169697197123,0.0,-6.623077211115502e-07,0.22582480314512118,0.0,0.38996755554879664,0.225,0.0,0.38999999999999996,-0.041199070505745276,129.8843440008055,0.0067407180610389115,True,True,False
0.59,0.0008372423086627321,0.0076313361909674665,0.0024369288193716865,0.006087169697197123,0.0,-6.623077211115502e-07,0.2258367100073902,0.0,0.38997014959048837,0.225,0.0,0.38999999999999996,-0.26582639410501296,129.88434494837006,0.006453795526242423,True,True,False
0.595,0.0008490369379329934,0.006963400788091582,0.0024330452386961757,0.006087169697197123,0.0,-6.623077211115502e-07,0.22584860013888877,0.0,0.3899727690203518,0.225,0.0,0.38999999999999996,-0.2953277799876389,129.88434590765723,0.006153087272601155,True,True,False
0.6,0.0008608085359509972,0.006285209050647079,0.0024277298552012627,0.007414466597042688,0.0,1.4582052448751676e-07,0.2258604577778902,0.0,0.38997542871524826,0.225,0.0,0.38999999999999996,-0.24213370505625295,129.88435032167126,0.007949571328685257,True,True,False
0.605,0.0008725559638284924,0.005598612664062204,0.0024227941215986554,0.007414466597042688,0.0,1.4582052448751676e-07,0.22587228162751097,0.0,0.38997812141870464,0.225,0.0,0.38999999999999996,-0.2925146179752394,129.8843514348081,0.0076090871290134966,True,True,False
0.61,0.0008842766671091264,0.0049046847554896815,0.0024161235193708064,0.007414466597042688,0.0,1.4582052448751676e-07,0.2258840691322456,0.0,0.38998084292809027,0.225,0.0,0.38999999999999996,-0.23781363668347952,129.88435256497218,0.007272586611978686,True,True,False
0.615,0.0008959679689853949,0.004204494725619134,0.002409853073977571,0.007414466597042688,0.0,1.4582052448751676e-07,0.2258958176613366,0.0,0.38998358905593034,0.225,0.0,0.38999999999999996,-0.18721747187879606,129.88435370985084,0.0069623391113974396,True,True,False
0.62,0.0009076347224438779,0.0035016124892551406,0.0024037964179482465,0.007414466597042688,0.0,1.4582052448751676e-07,0.22590753201162206,0.0,0.38998634579672753,0.225,0.0,0.38999999999999996,-0.23696535455994952,129.8843548660741,0.006676567590596759,True,True,False
0.625,0.0009192742539459834,0.002796610483143712,0.0023963619680591546,0.007414466597042688,0.0,1.4582052448751676e-07,0.22591920975935675,0.0,0.3899891109104488,0.225,0.0,0.38999999999999996,-0.25626059741017676,129.8843560313525,0.0063981428535620916,True,True,False
0.63,0.0009308790907598633,0.002088392468629677,0.002387937887764882,0.007414466597042688,0.0,1.4582052448751676e-07,0.2259308437508714,0.0,0.3899918887067887,0.225,0.0,0.38999999999999996,-0.33439619141407456,129.88435720419642,0.006130721411567251,True,True,False
0.635,0.0009424379129279475,0.0013745824643052172,0.002377085014891619,0.007414466597042688,0.0,1.4582052448751676e-07,0.22594242294534808,0.0,0.38999468852135055,0.225,0.0,0.38999999999999996,-0.36750318049163544,129.88435838376438,0.005858416987772921,True,True,False
0.64,0.0009539371059334078,0.0006523232946710134,0.0023645567388358014,0.007414466597042688,0.0,1.4582052448751676e-07,0.22595393388634044,0.0,0.38999752157952744,0.225,0.0,0.38999999999999996,-0.45485301873592554,129.8843595696834,0.005588895918763366,True,True,False
0.645,0.0009653590671132375,8.241016674827531e-05,0.0023484857459652795,0.007414466597042688,0.0,1.4582052448751676e-07,0.22596535898270195,0.0,0.39000040370088196,0.225,0.0,0.38999999999999996,-0.4957559609935983,129.88436076222445,0.005301098034669877,True,True,False
0.65,0.0009766834986949585,0.0008340630068816903,0.0023299532312181957,0.008998688045196076,0.0,9.757187816181425e-07,0.2259766777454425,0.0,0.39000335233953987,0.225,0.0,0.38999999999999996,-0.37616298150803246,129.8843659538446,0.007503671002343637,True,True,False
0.655,0.000987916090728744,0.0015970689005748717,0.0023141058371010975,0.008998688045196076,0.0,9.757187816181425e-07,0.22598789571054245,0.0,0.3900063456609268,0.225,0.0,0.38999999999999996,-0.3998621568082023,129.88436734236979,0.00718021311035669,True,True,False
0.66,0.0009990661934573522,0.002365400495613297,0.002296853239918797,0.008998688045196076,0.0,9.757187816181425e-07,0.2259990223466621,0.0,0.3900093600095676,0.225,0.0,0.38999999999999996,-0.31114963275804386,129.88436874265372,0.006865966086558827,True,True,False
0.665,0.0010101369215363293,0.003135665711797113,0.002280992592095684,0.008998688045196076,0.0,9.757187816181425e-07,0.22601006103013277,0.0,0.39001238207002203,0.225,0.0,0.38999999999999996,-0.28409621158265946,129.88437015166267,0.0065827367410126875,True,True,False
0.67,0.0010211363225540442,0.0039029740948419572,0.00226500294858115,0.008998688045196076,0.0,9.757187816181425e-07,0.22602102030138524,0.0,0.390015392641047,0.225,0.0,0.38999999999999996,-0.4025116682889827,129.88437156660464,0.006308536603249173,True,True,False
0.675,0.0010320519665350783,0.0046703566114675125,0.002245652060696783,0.008998688045196076,0.0,9.757187816181425e-07,0.2260318878660455,0.0,0.390018403628365,0.225,0.0,0.38999999999999996,-0.4084754885095677,129.88437298612922,0.006039926468307047,True,True,False
0.68,0.0010428683499149045,0.005441638373392506,0.0022253252321742865,0.008998688045196076,0.0,9.757187816181425e-07,0.22604264814186387,0.0,0.3900214300611775,0.225,0.0,0.38999999999999996,-0.44336876297854577,129.8843744089799,0.005779385254536451,True,True,False
0.685,0.0010535770728781896,0.006217722043946508,0.0022032056512941737,0.008998688045196076,0.0,9.757187816181425e-07,0.2260532927412674,0.0,0.3900244754915782,0.225,0.0,0.38999999999999996,-0.5395325808955669,129.88437583385115,0.005525920758381018,True,True,False
0.6900000000000001,0.0010641571948597774,0.007004195765692541,0.0021771898812218762,0.008998688045196076,0.0,9.757187816181425e-07,0.22606380020592148,0.0,0.39002756188043747,0.225,0.0,0.38999999999999996,-0.5745680138694303,129.8843772600899,0.005268351378673521,True,True,False
0.6950000000000001,0.0010745859104141445,0.007806802119318603,0.0021488818329127974,0.008998688045196076,0.0,9.757187816181425e-07,0.22607414694721242,0.0,0.3900307117999283,0.225,0.0,0.38999999999999996,-0.47468271855446353,129.88437868826674,0.004997762523828244,True,True,False
0.7000000000000001,0.0010848679548092009,0.008620137117274582,0.00212272093895985,0.011017621600082891,0.0,1.7630524249162642e-06,0.22608433804507977,0.0,0.3900339040316849,0.225,0.0,0.38999999999999996,-0.37568663485762194,129.88438404244917,0.007950090018142234,True,True,False
0.705,0.0010950254312256068,0.009432686805835516,0.002098127577919158,0.011017621600082891,0.0,1.7630524249162642e-06,0.22609439699327835,0.0,0.3900370933435287,0.225,0.0,0.38999999999999996,-0.40732351007109685,129.8843857285683,0.00761532912509208,True,True,False
0.71,0.0011050625797626044,0.01024050483002934,0.002072013098541642,0.011017621600082891,0.0,1.7630524249162642e-06,0.22610432879943654,0.0,0.39004026422638827,0.225,0.0,0.38999999999999996,-0.4627982324295626,129.88438742569448,0.007290183951565346,True,True,False
0.715,0.0011149657220441082,0.011046681743346705,0.002043651295180213,0.011017621600082891,0.0,1.7630524249162642e-06,0.226114119606981,0.0,0.3900434288230771,0.225,0.0,0.38999999999999996,-0.4643162145350272,129.8843891319472,0.006973764886663786,True,True,False
0.72,0.0011247242464401904,0.011852820430252414,0.0020143244981269143,0.011017621600082891,0.0,1.7630524249162642e-06,0.22612375872965107,0.0,0.39004659343369485,0.225,0.0,0.38999999999999996,-0.43525125077301824,129.88439084545902,0.006667587941644775,True,True,False
0.725,0.0011343374956532825,0.012656482094261293,0.001984804469356956,0.011017621600082891,0.0,1.7630524249162642e-06,0.22613324606492052,0.0,0.3900497484712038,0.225,0.0,0.38999999999999996,-0.32891501708117016,129.88439256426463,0.006372648764926539,True,True,False
0.73,0.0011438161847355333,0.013450455352631919,0.001956608218664992,0.011017621600082891,0.0,1.7630524249162642e-06,0.22614259384472035,0.0,0.39005286558871444,0.225,0.0,0.38999999999999996,-0.37407582525430494,129.88439428591147,0.006097462831096792,True,True,False
0.735,0.0011531640207781291,0.014230810119415386,0.0019269347695022659,0.011017621600082891,0.0,1.7630524249162642e-06,0.2261518069144456,0.0,0.39005592933624195,0.225,0.0,0.38999999999999996,-0.4476999429267428,129.88439600794933,0.005833405313622118,True,True,False
0.74,0.0011623658406349111,0.01500192006336116,0.0018949834898067442,0.011017621600082891,0.0,1.7630524249162642e-06,0.22616086968735505,0.0,0.39005895690337106,0.225,0.0,0.38999999999999996,-0.4502358117386126,129.88439772879084,0.0055768780141363505,True,True,False
0.745,0.0011714102678879,0.015766404522863264,0.0018622523591784483,0.011017621600082891,0.0,1.7630524249162642e-06,0.22616977055410004,0.0,0.3900619585867633,0.225,0.0,0.38999999999999996,-0.6068406412688448,129.88439944688895,0.00533188100003105,True,True,False
0.75,0.0011802719427694292,0.016532933112323074,0.0018245035036232628,0.011874439892584795,0.0,2.3461046174944237e-06,0.2261784824804324,0.0,0.3900649684708349,0.225,0.0,0.38999999999999996,-0.6150350268388647,129.88440725918144,0.006434204492701462,True,True,False
0.755,0.0011889237177397682,0.017310158985257507,0.001785597083335641,0.011874439892584795,0.0,2.3461046174944237e-06,0.22618697632927062,0.0,0.39006802058773193,0.225,0.0,0.38999999999999996,-0.5789270705868066,129.8844090908838,0.0061456861757550295,True,True,False
0.76,0.0011973658521001506,0.01809456093261282,0.0017468014902649526,0.011874439892584795,0.0,2.3461046174944237e-06,0.2261952529507024,0.0,0.3900711011083792,0.225,0.0,0.38999999999999996,-0.7283203385522699,129.88441092318195,0.00587129336733393,True,True,False
0.765,0.0012055746079270512,0.018893150293833195,0.0017028692261874265,0.011874439892584795,0.0,2.3461046174944237e-06,0.22620328671216583,0.0,0.3900742376158266,0.225,0.0,0.38999999999999996,-0.6545709972983922,129.88441275485218,0.0055940958302559355,True,True,False
0.77,0.0012135331509350567,0.019709363611377116,0.0016602427609423893,0.011874439892584795,0.0,2.3461046174944237e-06,0.22621105953254766,0.0,0.39007744363785235,0.225,0.0,0.38999999999999996,-0.701977965187273,129.88441458476913,0.005330381853273388,True,True,False
0.775,0.001221241986485541,0.020539325664940638,0.001615690711717003,0.011874439892584795,0.0,2.3461046174944237e-06,0.22621857246893248,0.0,0.3900807039498101,0.225,0.0,0.38999999999999996,-0.715611402014182,129.88441641121122,0.00507404339873836,True,True,False
0.78,0.0012286868814864074,0.021386218231852334,0.0015706110682905754,0.011874439892584795,0.0,2.3461046174944237e-06,0.22622581003005396,0.0,0.3900840310832723,0.225,0.0,0.38999999999999996,-0.7352470868368627,129.88441823283102,0.004826067509920569,True,True,False
0.785,0.001235858747935236,0.022251656258129363,0.00152512788912743,0.011874439892584795,0.0,2.3461046174944237e-06,0.2262327621806627,0.0,0.390087431406118,0.225,0.0,0.38999999999999996,-0.7445897036625987,129.88442004830736,0.0045857471875465055,True,True,False
0.79,0.0012427491495457764,0.02313696226464515,0.0014795634161113543,0.011874439892584795,0.0,2.3461046174944237e-06,0.22623941953978646,0.0,0.390090910137456,0.225,0.0,0.38999999999999996,-0.7445321542801278,129.88442185639715,0.004353273758514339,True,True,False
0.795,0.001249352981023207,0.024041780405518808,0.0014340941548136327,0.011874439892584795,0.0,2.3461046174944237e-06,0.22624577649123814,0.0,0.39009446589368635,0.225,0.0,0.38999999999999996,-0.7898574717541317,129.8844236558786,0.004128861791573112,True,True,False
0.8,0.0012556585596332729,0.02496902365911016,0.001388998843633498,0.016444243688194943,0.0,2.9099177691394816e-06,0.22625181980184197,0.0,0.3900981101528723,0.225,0.0,0.38999999999999996,-0.9455868382831494,129.8844307800554,0.011113423949064113,True,True,False
0.805,0.0012616233281122005,0.02593826095723484,0.001347859226299458,0.016444243688194943,0.0,2.9099177691394816e-06,0.22625749980191148,0.0,0.39010191992067056,0.225,0.0,0.38999999999999996,-0.8727929761869697,129.88443325194308,0.010589988145465898,True,True,False
0.81,0.0012672285231822957,0.026956863817021295,0.0013080070090644863,0.016444243688194943,0.0,2.9099177691394816e-06,0.2262627938024595,0.0,0.3901059242296958,0.225,0.0,0.38999999999999996,-0.8795765172682032,129.8844357597319,0.010106303773544115,True,True,False
0.8150000000000001,0.0012724846836882557,0.028016099170289587,0.0012711039722049016,0.016444243688194943,0.0,2.9099177691394816e-06,0.22626771358576273,0.0,0.3901100887582536,0.225,0.0,0.38999999999999996,-0.8342406194029106,129.8844382985565,0.009623251519489479,True,True,False
0.8200000000000001,0.001277395597270893,0.029110391143382,0.0012343817150456213,0.016444243688194943,0.0,2.9099177691394816e-06,0.22627226336644593,0.0,0.39011439160077005,0.225,0.0,0.38999999999999996,-0.8119306296145272,129.88444086404692,0.009176379284472718,True,True,False
0.8250000000000001,0.001281969833179655,0.03023066620342283,0.0011981773969726116,0.016444243688194943,0.0,2.9099177691394816e-06,0.22627645364345142,0.0,0.39011879709298747,0.225,0.0,0.38999999999999996,-0.7123353365198396,129.88444344997487,0.008755468515782731,True,True,False
0.8300000000000001,0.0012862239114519135,0.03136371084449643,0.0011579761651428048,0.016444243688194943,0.0,2.9099177691394816e-06,0.22628030488044293,0.0,0.39012325324946906,0.225,0.0,0.38999999999999996,-0.7118714681327992,129.88444605140722,0.008355847779782776,True,True,False
0.835,0.0012901697968352177,0.03249867889034739,0.001118234867376287,0.016444243688194943,0.0,2.9099177691394816e-06,0.22628383269011287,0.0,0.390127717377296,0.225,0.0,0.38999999999999996,-0.7515598908469528,129.88444866468345,0.007968847194393048,True,True,False
0.84,0.0012937956897033174,0.03363705532052446,0.0010818401302285707,0.016444243688194943,0.0,2.9099177691394816e-06,0.22628702435196094,0.0,0.39013219532576615,0.225,0.0,0.38999999999999996,-0.5331796769016506,129.88445128703668,0.007592168853202637,True,True,False
0.845,0.0012971197923236678,0.03476254872499033,0.001030730853550556,0.016444243688194943,0.0,2.9099177691394816e-06,0.22628990461707402,0.0,0.3901366229647202,0.225,0.0,0.38999999999999996,-0.4112609085575134,129.88445391440726,0.007247528797747496,True,True,False
0.85,0.0013001773601089737,0.03584695378016429,0.000970839760541468,0.020986791728079403,0.0,3.3372208999308927e-06,0.22629252132887326,0.0,0.39014088925490487,0.225,0.0,0.38999999999999996,-0.3408069224249883,129.8844673046162,0.014089408265760432,True,True,False
0.855,0.0013029781908960117,0.03687596612738855,0.0009056940305771668,0.020986791728079403,0.0,3.3372208999308927e-06,0.22629489195581406,0.0,0.3901449378788263,0.225,0.0,0.38999999999999996,-0.24469198301532302,129.88447071820758,0.013533222478675704,True,True,False
0.86,0.0013055268561969566,0.03784058140640599,0.0008357214590277573,0.020986791728079403,0.0,3.3372208999308927e-06,0.22629702689239692,0.0,0.3901487333609205,0.225,0.0,0.38999999999999996,-0.13288003670468473,129.88447417529935,0.013003550886950002,True,True,False
0.865,0.0013078314892107379,0.03873307099774321,0.0007642935640091837,0.020986791728079403,0.0,3.3372208999308927e-06,0.22629893979314236,0.0,0.39015224525596043,0.225,0.0,0.38999999999999996,-0.3017729189622818,129.8844776688498,0.012501481673324509,True,True,False
0.87,0.0013098906574433417,0.03955732053637396,0.0006990344183889692,0.020986791728079403,0.0,3.3372208999308927e-06,0.22630062937047057,0.0,0.3901554888263724,0.225,0.0,0.38999999999999996,-0.3442978487995224,129.884481192806,0.012017188667777096,True,True,False
0.875,0.0013116948070719216,0.04032154193542215,0.0006377673066676527,0.020986791728079403,0.0,3.3372208999308927e-06,0.22630208377834948,0.0,0.3901584963755377,0.225,0.0,0.38999999999999996,-0.33114786719133044,129.8844847419632,0.011553569269625367,True,True,False
0.88,0.0013132438071843727,0.04102909070955715,0.0005786993979876849,0.020986791728079403,0.0,3.3372208999308927e-06,0.22630330261541495,0.0,0.39016128108928405,0.225,0.0,0.38999999999999996,-0.28087326234711635,129.88448831075524,0.011113222600076772,True,True,False
0.885,0.001314544393377624,0.041679965231336824,0.0005206791246533421,0.020986791728079403,0.0,3.3372208999308927e-06,0.22630429385276593,0.0,0.3901638429363676,0.225,0.0,0.38999999999999996,-0.3321052029127414,129.8844918933881,0.010697838275894465,True,True,False
0.89,0.0013155989031960707,0.04227653333245994,0.000468112056991452,0.020986791728079403,0.0,3.3372208999308927e-06,0.22630505975016238,0.0,0.3901661912229837,0.225,0.0,0.38999999999999996,-0.31924002599555656,129.88449548458235,0.010301860677419804,True,True,False
0.895,0.0013164070245630455,0.042822340808409874,0.00041896905180544903,0.020986791728079403,0.0,3.3372208999308927e-06,0.2263055991469178,0.0,0.3901683398998646,0.225,0.0,0.38999999999999996,-0.40169943410151177,129.88449907950772,0.00992797819246612,True,True,False
0.9,0.0013169652378472562,0.04332246312618123,0.0003795696878535204,0.014732539525074344,0.0,2.2439181502535447e-06,0.2263059066964821,0.0,0.3901703089480365,0.225,0.0,0.38999999999999996,-0.4233310102993525,129.88446981429277,0.00028936676979914727,True,True,False
0.905,0.001317266648549713,0.043783358776208224,0.00034862156573585695,0.014732539525074344,0.0,2.2439181502535447e-06,0.22630597275331482,0.0,0.39017212376646093,0.225,0.0,0.38999999999999996,-0.5793826066421549,129.88447218512636,0.0002754820574486505,True,True,False
0.91,0.0013172928405314889,0.04421681746515394,0.0003414564147462702,0.014732539525074344,0.0,2.2439181502535447e-06,0.22630577306465421,0.0,0.3901738307548711,0.225,0.0,0.38999999999999996,-0.6134362420006957,129.88447450208537,0.000265659383367204,True,True,False
0.915,0.001317021579897471,0.04463517522738698,0.000349356158679336,0.014732539525074344,0.0,2.2439181502535447e-06,0.22630527895031652,0.0,0.39017547849947,0.225,0.0,0.38999999999999996,-0.4844129418656147,129.88447676640007,0.00025168333926467445,True,True,False
0.92,0.0013164639184284758,0.04503324100808376,0.00035259919331223334,0.014732539525074344,0.0,2.2439181502535447e-06,0.22630450441544758,0.0,0.39017704654360313,0.225,0.0,0.38999999999999996,-0.5837562375485299,129.8844789779308,0.00021799072366137165,True,True,False
0.925,0.0013156242686539565,0.045409888374794746,0.00037655792484566486,0.014732539525074344,0.0,2.2439181502535447e-06,0.22630345467765353,0.0,0.3901785304443908,0.225,0.0,0.38999999999999996,-0.5324562215677829,129.88448113681028,0.00018515953384523262,True,True,False
0.93,0.0013144970976875037,0.04576864605204994,0.00040221109874711224,0.014732539525074344,0.0,2.2439181502535447e-06,0.22630212239879902,0.0,0.3901799440979159,0.225,0.0,0.38999999999999996,-0.6351539595919264,129.88448324368,0.00014021952355076917,True,True,False
0.935,0.0013130753760990314,0.04611379583462218,0.0004463761629917254,0.014732539525074344,0.0,2.2439181502535447e-06,0.22630049823889378,0.0,0.3901813043682645,0.225,0.0,0.38999999999999996,-0.7183376886568279,129.88448529927197,9.850558823620847e-05,True,True,False
0.9400000000000001,0.001311332157057846,0.04645898137145399,0.0005056677612538207,0.014732539525074344,0.0,2.2439181502535447e-06,0.22629854746676273,0.0,0.39018266500129495,0.225,0.0,0.38999999999999996,-0.5305101172746589,129.88448730522921,6.104198897398036e-05,True,True,False
0.9450000000000001,0.0013092792962387393,0.04679696011669385,0.0005451755983145239,0.014732539525074344,0.0,2.2439181502535447e-06,0.22629628592918657,0.0,0.39018399746017896,0.225,0.0,0.38999999999999996,-0.5995056351187937,129.88448926166177,1.5656463704903645e-06,True,True,False
0.9500000000000001,0.0013069338566398714,0.04711905401888107,0.0005949927383583261,0.01175900373566061,0.0,1.5194588410216926e-06,0.2262937356912842,0.0,0.39018526755444216,0.225,0.0,0.38999999999999996,-0.6073778776421649,129.8844674951946,0.004623383695341531,True,True,False
0.9550000000000001,0.001304285670627224,0.04743071019738804,0.0006477621140470194,0.01175900373566061,0.0,1.5194588410216926e-06,0.22629088345160558,0.0,0.39018649671572003,0.225,0.0,0.38999999999999996,-0.6404305540529462,129.88446885180701,0.004387858105390085,True,True,False
0.96,0.0013013283438172954,0.04773509793439101,0.0007056465149049714,0.01175900373566061,0.0,1.5194588410216926e-06,0.22628772091089144,0.0,0.3901876974002888,0.225,0.0,0.38999999999999996,-0.8581554790809871,129.8844701556932,0.004155180229068764,True,True,False
0.965,0.0012980197938943542,0.04805324904903956,0.0007921261333239439,0.01175900373566061,0.0,1.5194588410216926e-06,0.22628419326895893,0.0,0.390188952463075,0.225,0.0,0.38999999999999996,-0.8715151882646404,129.884471409818,0.003951346003954373,True,True,False
0.97,0.001294317519463734,0.04840394573106319,0.0008809761770506697,0.01175900373566061,0.0,1.5194588410216926e-06,0.22628024610435715,0.0,0.3901903358964281,0.225,0.0,0.38999999999999996,-0.8158512666257891,129.8844726171619,0.0037532172388159996,True,True,False
0.975,0.0012902245085233822,0.048781242725022,0.0009623180417303342,0.01175900373566061,0.0,1.5194588410216926e-06,0.22627588507713084,0.0,0.39019182427466104,0.225,0.0,0.38999999999999996,-0.9197081792062782,129.88447377933116,0.0035504680244634497,True,True,False
0.98,0.001285727020101413,0.049188386021605066,0.001059195700341142,0.01175900373566061,0.0,1.5194588410216926e-06,0.2262710934880749,0.0,0.3901934303874588,0.225,0.0,0.38999999999999996,-1.02177343367273,129.8844748983054,0.0033662828017379243,True,True,False
0.985,0.001280778318160534,0.04964482667823714,0.0011731963948772796,0.01175900373566061,0.0,1.5194588410216926e-06,0.22626581120449263,0.0,0.39019523087576263,0.225,0.0,0.38999999999999996,-1.08880551316322,129.88447597694977,0.003204280375552624,True,True,False
0.99,0.0012753343129664387,0.050166774768685564,0.0012998013664313477,0.01175900373566061,0.0,1.5194588410216926e-06,0.22625998191091384,0.0,0.3901972896195938,0.225,0.0,0.38999999999999996,-1.048865413461172,129.8844770180152,0.003061474391452986,True,True,False
0.995,0.0012693806279981358,0.050753363064642947,0.0014196930843409707,0.01175900373566061,0.0,1.5194588410216926e-06,0.22625358914034346,0.0,0.3901996032212913,0.225,0.0,0.38999999999999996,-1.1197826793186016,129.8844780233774,0.002918930690100881,True,True,False
1.0,0.001262903129203567,0.05140469054622257,0.0015531072737123605,0.017670897872685384,0.0,1.6855141893076982e-06,0.22624661571991816,0.0,0.3902021721063972,0.225,0.0,0.38999999999999996,-1.0514196994886014,129.88451802260616,0.0065115758764233405,True,True,False
1.0050000000000001,0.0012558978336041512,0.052119525686025306,0.0016745501630384975,0.017670897872685384,0.0,1.6855141893076982e-06,0.22623905523147714,0.0,0.3902049914676291,0.225,0.0,0.38999999999999996,-0.9943472583011577,129.88451976596144,0.006304979304568458,True,True,False
1.01,0.0012483892874901332,0.05288070247808602,0.0017864520599478184,0.017670897872685384,0.0,1.6855141893076982e-06,0.22623094046408235,0.0,0.3902079937186668,0.225,0.0,0.38999999999999996,-1.1379989911270245,129.88452150132161,0.00611289027819689,True,True,False
1.0150000000000001,0.0012403599551884304,0.0536990314466937,0.0019244583298959476,0.017670897872685384,0.0,1.6855141893076982e-06,0.22622224315370051,0.0,0.3902112214280495,0.225,0.0,0.38999999999999996,-1.2448933268137767,129.8845232350557,0.0057900188707359565,True,True,False
1.02,0.0012317600932977638,0.054609070700392115,0.0020850712955152537,0.017670897872685384,0.0,1.6855141893076982e-06,0.22621288469783377,0.0,0.3902148107008545,0.225,0.0,0.38999999999999996,-1.2480378015683555,129.88452498353638,0.005322521845718988,True,True,False
1.025,0.001222569209913552,0.05562766512100966,0.0022477634336652546,0.017670897872685384,0.0,1.6855141893076982e-06,0.22620282577043094,0.0,0.39021882787531725,0.225,0.0,0.38999999999999996,-1.3179755859716498,129.88452675700208,0.004812883268703378,True,True,False
1.03,0.0012127751836845224,0.05676706162633121,0.0024275567809354396,0.017670897872685384,0.0,1.6855141893076982e-06,0.22619203661371542,0.0,0.3902233211985524,0.225,0.0,0.38999999999999996,-1.2497060286848753,129.88452856260866,0.004197949709062572,True,True,False
1.035,0.0012023832690810038,0.05802812341184856,0.002593569518848365,0.017670897872685384,0.0,1.6855141893076982e-06,0.22618051147280355,0.0,0.39022829408302695,0.225,0.0,0.38999999999999996,-1.1501756611812763,129.88453040240984,0.0036271853771506386,True,True,False
1.04,0.0011914344447268078,0.059385388617199684,0.002739632673932507,0.017670897872685384,0.0,1.6855141893076982e-06,0.22616830025132295,0.0,0.3902336462258206,0.225,0.0,0.38999999999999996,-1.1961310363285542,129.8845322669299,0.003143933468645929,True,True,False
1.045,0.001179944297449055,0.0608301914930321,0.002896039762136513,0.017670897872685384,0.0,1.6855141893076982e-06,0.22615541474533793,0.0,0.39023934350072276,0.225,0.0,0.38999999999999996,-1.1077663713139412,129.8845341517888,0.002618030002292767,True,True,False
1.05,0.0011679251350123108,0.06235551454508187,0.0030351021658737644,0.030852750513979132,0.0,2.2487064942993374e-06,0.2261418618305148,0.0,0.3902453582707123,0.225,0.0,0.38999999999999996,-1.046312133086451,129.8846446097669,0.022957777948166485,True,True,False
1.055,0.0011554075225120874,0.06393864571076971,0.003162782721660008,0.030852750513979132,0.0,2.2487064942993374e-06,0.22612768052692206,0.0,0.39025160121676633,0.225,0.0,0.38999999999999996,-1.0361476493612254,129.88464870130892,0.02195541786573509,True,True,False
1.06,0.0011424055234275001,0.06556708758838417,0.003288686057595492,0.030852750513979132,0.0,2.2487064942993374e-06,0.22611288559989462,0.0,0.3902580232964382,0.225,0.0,0.38999999999999996,-0.9445315076339027,129.88465295689517,0.021018460900633713,True,True,False
1.065,0.0011289354993439134,0.06722472499413952,0.0033987299518626318,0.030852750513979132,0.0,2.2487064942993374e-06,0.22609749843810234,0.0,0.390264561032735,0.225,0.0,0.38999999999999996,-0.9675382652601477,129.88465734908766,0.02021076433246375,True,True,False
1.07,0.0011150073154439176,0.06889888420564126,0.003512597334241169,0.030852750513979132,0.0,2.2487064942993374e-06,0.22608153183967716,0.0,0.3902711645132719,0.225,0.0,0.38999999999999996,-0.9298829343218467,129.8846618537759,0.019441657394928626,True,True,False
1.075,0.0011006220801462198,0.07058344079527536,0.0036203914900147303,0.030852750513979132,0.0,2.2487064942993374e-06,0.22606498393023586,0.0,0.390277809632023,0.225,0.0,0.38999999999999996,-0.9731798492817515,129.88466645572316,0.018728886457435062,True,True,False
1.08,0.0010857783479061268,0.07227470742283451,0.003735409981030695,0.030852750513979132,0.0,2.2487064942993374e-06,0.22604784764146965,0.0,0.3902844818817574,0.225,0.0,0.38999999999999996,-1.0376158922545649,129.88467114403218,0.01803040178655519,True,True,False
1.085,0.0010704623144014735,0.07398116762474266,0.0038613970481383144,0.030852750513979132,0.0,2.2487064942993374e-06,0.22603008908115088,0.0,0.39029121478576384,0.225,0.0,0.38999999999999996,-0.9025455148471293,129.8846759140723,0.017330335957487123,True,True,False
1.09,0.0010546824840551895,0.07568870537447885,0.003964519799541744,0.030852750513979132,0.0,2.2487064942993374e-06,0.2260117209729775,0.0,0.3902979527059959,0.225,0.0,0.38999999999999996,-0.7598252588838984,129.88468075735062,0.01667832600536904,True,True,False
1.095,0.001038463643672483,0.07735643014682438,0.0040460752042506985,0.030852750513979132,0.0,2.2487064942993374e-06,0.2259928068995081,0.0,0.3903045343979235,0.225,0.0,0.38999999999999996,-0.7360356783369462,129.88468566128827,0.016064132329175234,True,True,False
1.1,0.0010218101105868192,0.07895522344190258,0.004124066897775527,0.033057869686448235,0.0,3.68250082803766e-07,0.22597338132885106,0.0,0.39031084512340003,0.225,0.0,0.38999999999999996,-0.6386441202317363,129.88468677617558,0.01895321519002202,True,True,False
1.105,0.0010047167855556523,0.08046263933953218,0.004190875745237193,0.033057869686448235,0.0,3.68250082803766e-07,0.22595346516272316,0.0,0.3903167964688101,0.225,0.0,0.38999999999999996,-0.6567312254249521,129.88469225178432,0.018276794405615325,True,True,False
1.11,0.000987173807068266,0.08186122927340378,0.00426104297576214,0.033057869686448235,0.0,3.68250082803766e-07,0.22593307134234727,0.0,0.390322319709996,0.225,0.0,0.38999999999999996,-0.699838554180363,129.88469779549897,0.01762567835052981,True,True,False
1.115,0.000969164056908943,0.08314901350007514,0.004337868169993099,0.033057869686448235,0.0,3.68250082803766e-07,0.22591218613989786,0.0,0.3903274071095478,0.225,0.0,0.38999999999999996,-0.6445812707150452,129.8847033987276,0.016995567888638045,True,True,False
1.12,0.0009506754338716125,0.08431818709586697,0.004411048549818704,0.033057869686448235,0.0,3.68250082803766e-07,0.2258908093141771,0.0,0.39033202793006355,0.225,0.0,0.38999999999999996,-0.5144814586341149,129.88470905242534,0.016396653146547525,True,True,False
1.125,0.0009317012357885242,0.08534611512653095,0.004475687773349195,0.033057869686448235,0.0,3.68250082803766e-07,0.22586896992929378,0.0,0.39033609292577054,0.225,0.0,0.38999999999999996,-0.5042793890120068,129.88471474577176,0.01583554128077919,True,True,False
1.1300000000000001,0.0009122302285389813,0.08621505600033016,0.004543336584391246,0.033057869686448235,0.0,3.68250082803766e-07,0.22584668878854283,0.0,0.3903395321563801,0.225,0.0,0.38999999999999996,-0.4829350662800734,129.88472046881716,0.01530053747247943,True,True,False
1.135,0.0008922504417122172,0.0869192119504578,0.004613726605117388,0.033057869686448235,0.0,3.68250082803766e-07,0.22582396964337953,0.0,0.39034232276804887,0.225,0.0,0.38999999999999996,-0.47483245531826673,129.88472621331238,0.014791818171824057,True,True,False
1.1400000000000001,0.0008717823960748075,0.08747057910607071,0.004687287739186046,0.033057869686448235,0.0,3.68250082803766e-07,0.22580082216772734,0.0,0.39034451183112107,0.225,0.0,0.38999999999999996,-0.5372233103697241,129.88473197134837,0.01430852376699351,True,True,False
1.145,0.0008508596825952189,0.08789261618496988,0.004766897791215902,0.033057869686448235,0.0,3.68250082803766e-07,0.22577724744229555,0.0,0.39034619158411354,0.225,0.0,0.38999999999999996,-0.6791061066542861,129.88473773598244,0.013844952310643664,True,True,False
1.1500000000000001,0.0008295041794038825,0.08821361040290317,0.004858168754450663,0.023836689231142905,0.0,-4.584326715993141e-06,0.22575321933242182,0.0,0.39034747348231846,0.225,0.0,0.38999999999999996,-0.6618858145282157,129.8845690718086,0.0011452401626470335,True,True,False
1.155,0.0008077387322003012,0.08845284315059043,0.004948278468316033,0.023836689231142905,0.0,-4.584326715993141e-06,0.2257287222262885,0.0,0.3903484333170201,0.225,0.0,0.38999999999999996,-0.7625206872148982,129.88457260398283,0.0010527522641691177,True,True,False
1.16,0.0007855870152018019,0.0886252805211797,0.005047004312297929,0.023836689231142905,0.0,-4.584326715993141e-06,0.22570374375844965,0.0,0.39034912989115345,0.225,0.0,0.38999999999999996,-0.6249670701642294,129.88457604405042,0.0009636186098086856,True,True,False
1.165,0.0007630771840536603,0.08873403318482428,0.005134149568913236,0.023836689231142905,0.0,-4.584326715993141e-06,0.2256782947967028,0.0,0.3903495753961439,0.225,0.0,0.38999999999999996,-0.6038761887433188,129.88457939293897,0.0008498529543966779,True,True,False
1.17,0.0007402426944447498,0.08877179640997439,0.00521943062502734,0.023836689231142905,0.0,-4.584326715993141e-06,0.22565241132900013,0.0,0.390349740910491,0.225,0.0,0.38999999999999996,-0.5479210021303523,129.88458265045813,0.000723885549403766,True,True,False
1.175,0.0007171142959336892,0.08873805904579554,0.005300536308507821,0.023836689231142905,0.0,-4.584326715993141e-06,0.22562611157924856,0.0,0.39034962437524195,0.225,0.0,0.38999999999999996,-0.4755797012509108,129.88458581714264,0.0005823128731881483,True,True,False
1.18,0.000693725127585159,0.08862928981918525,0.005376877676244908,0.023836689231142905,0.0,-4.584326715993141e-06,0.22559942110272901,0.0,0.3903492118185946,0.225,0.0,0.38999999999999996,-0.554512255801926,129.88458889325997,0.0004239461135126382,True,True,False
1.185,0.0006701090680343699,0.0884501993980157,0.005457032420820842,0.023836689231142905,0.0,-4.584326715993141e-06,0.2255723449032912,0.0,0.39034852184255575,0.225,0.0,0.38999999999999996,-0.6380383523794322,129.88459187991148,0.00026214983763005184,True,True,False
1.19,0.0006463033447786083,0.08821494111650505,0.005541906864081945,0.023836689231142905,0.0,-4.584326715993141e-06,0.22554486241668056,0.0,0.39034761035709686,0.225,0.0,0.38999999999999996,-0.5196932655951546,129.88459477930328,0.00010004589014131829,True,True,False
1.195,0.0006223517204277,0.08792458799803855,0.005618597767878379,0.023836689231142905,0.0,-4.584326715993141e-06,0.2255169837168357,0.0,0.3903464816018868,0.225,0.0,0.38999999999999996,-0.475112541982674,129.88459759258316,8.16723678815981e-05,True,True,False
1.2,0.0005983015731173824,0.08757173950249188,0.0056924863501941125,0.014195224693431964,0.0,-8.313649429604217e-06,0.22548873957901214,0.0,0.3903451063550585,0.225,0.0,0.38999999999999996,-0.46095560602423674,129.8844160244618,0.014923590091112496,True,True,False
1.205,0.0005742001764696588,0.08715456827090597,0.005765739230852674,0.014195224693431964,0.0,-8.313649429604217e-06,0.22546014045230794,0.0,0.39034347722895063,0.225,0.0,0.38999999999999996,-0.3922180122795396,129.88441675558892,0.014176859329465705,True,True,False
1.21,0.0005500986844287141,0.08666959710576447,0.005836240993664116,0.014195224693431964,0.0,-8.313649429604217e-06,0.2254311976860205,0.0,0.3903415803246394,0.225,0.0,0.38999999999999996,-0.5528664493291474,129.8844174260463,0.013434010366055394,True,True,False
1.215,0.0005260666213111131,0.08612376986164451,0.005913497441486074,0.014195224693431964,0.0,-8.313649429604217e-06,0.22540190107287622,0.0,0.3903394430993239,0.225,0.0,0.38999999999999996,-0.4632122516029156,129.88441804036367,0.012711632823824398,True,True,False
1.22,0.0005021887139349745,0.0855223071822431,0.005986271411846263,0.014195224693431964,0.0,-8.313649429604217e-06,0.22537224508216527,0.0,0.39033708619551594,0.225,0.0,0.38999999999999996,-0.4423498833790491,129.88441860275447,0.011991738728501587,True,True,False
1.225,0.00047855492529175095,0.08485954886706801,0.0060578309440635905,0.014195224693431964,0.0,-8.313649429604217e-06,0.22534224708488354,0.0,0.39033448729334563,0.225,0.0,0.38999999999999996,-0.40186102417869934,129.884419116951,0.01127966516983224,True,True,False
1.23,0.0004552765098388429,0.08413359030342911,0.006127458338150879,0.014195224693431964,0.0,-8.313649429604217e-06,0.22531191719083343,0.0,0.39033163890977024,0.225,0.0,0.38999999999999996,-0.3391949892284054,129.88441958650728,0.010574272289501942,True,True,False
1.235,0.0004324842060454339,0.0833409006876903,0.006194612316043122,0.014195224693431964,0.0,-8.313649429604217e-06,0.22528126944746837,0.0,0.39032852714712724,0.225,0.0,0.38999999999999996,-0.16921596767171668,129.88442001470705,0.009874554686491418,True,True,False
1.24,0.0004103281502897539,0.08247474573230343,0.006257680393698636,0.014195224693431964,0.0,-8.313649429604217e-06,0.22525032502753076,0.0,0.390325125470414,0.225,0.0,0.38999999999999996,-0.10744192307628038,129.88442040455354,0.009177305022148478,True,True,False
1.245,0.0003889899994208159,0.08153038336857471,0.00631953189728186,0.014195224693431964,0.0,-8.313649429604217e-06,0.22521910151554503,0.0,0.3903214152229364,0.225,0.0,0.38999999999999996,-0.10758575597602012,129.8844207588665,0.00848761617950247,True,True,False
1.25,0.0003686988898097961,0.08050881480846984,0.0063807063798376135,0.003128227918655191,0.0,-1.0415165650984396e-05,0.22518760554646522,0.0,0.39031740042577545,0.225,0.0,0.38999999999999996,-0.16963321011650823,129.8842211751185,0.025252876667773705,True,True,False
1.2550000000000001,0.00034973572421839597,0.07941383140462384,0.006441586898295842,0.003128227918655191,0.0,-1.0415165650984396e-05,0.22515583980384338,0.0,0.3903130958836085,0.225,0.0,0.38999999999999996,0.04556480682665187,129.8842202677149,0.023956063138139437,True,True,False
1.26,0.0003324271682031001,0.07824767168263372,0.006500306811600844,0.003128227918655191,0.0,-1.0415165650984396e-05,0.2251238113067293,0.0,0.3903085102631769,0.225,0.0,0.38999999999999996,-0.10790046706674747,129.8842194658228,0.022682225331447512,True,True,False
1.2650000000000001,0.000317145526019476,0.07701221250127492,0.006558382090660971,0.003128227918655191,0.0,-1.0415165650984396e-05,0.2250915277881483,0.0,0.39030365103107156,0.225,0.0,0.38999999999999996,-0.1253235069227268,129.8842187689832,0.021434296409460228,True,True,False
1.27,0.0003043079209937546,0.07571170420307059,0.006615311242968772,0.003128227918655191,0.0,-1.0415165650984396e-05,0.22505899282312655,0.0,0.3902985350190498,0.225,0.0,0.38999999999999996,-0.143501494318834,129.88421817621844,0.02021129352921596,True,True,False
1.2750000000000001,0.0002943468641376406,0.07434999951467612,0.006670990255443516,0.003128227918655191,0.0,-1.0415165650984396e-05,0.22502621140567786,0.0,0.39029317748658454,0.225,0.0,0.38999999999999996,-0.2186611983570237,129.88421768620046,0.01901298643630053,True,True,False
1.28,0.00028768082754474514,0.07293257976716386,0.006726048237943674,0.003128227918655191,0.0,-1.0415165650984396e-05,0.2249931857901101,0.0,0.3902876001131439,0.225,0.0,0.38999999999999996,-0.27383442367342653,129.88421729718638,0.017840879731411685,True,True,False
1.285,0.0002846674714437183,0.07146660005299427,0.006780323661176848,0.003128227918655191,0.0,-1.0415165650984396e-05,0.2249599155696711,0.0,0.39028183116886417,0.225,0.0,0.38999999999999996,-0.2920868064598839,129.8842170070386,0.01669494701323999,True,True,False
1.29,0.00028554359514988226,0.06995847332734345,0.006833085908365853,0.003128227918655191,0.0,-1.0415165650984396e-05,0.22492640276854417,0.0,0.39027589598085716,0.225,0.0,0.38999999999999996,-0.40348411965438014,129.88421681336726,0.015573998440203319,True,True,False
1.295,0.00029040460630686113,0.06841767634440281,0.00688665820789965,0.003128227918655191,0.0,-1.0415165650984396e-05,0.2248926428690435,0.0,0.39026983195103065,0.225,0.0,0.38999999999999996,-0.4481176962544377,129.88421671340168,0.014482055034715032,True,True,False
1.3,0.00029919028089296954,0.0668553394035978,0.006939566043880507,-0.005562361047947217,0.0,-9.525403962439965e-06,0.22485862777118054,0.0,0.39026368298598774,0.225,0.0,0.38999999999999996,-0.44298179542734534,129.88408882845206,0.027116336739932804,True,True,False
1.305,0.0003116758016061971,0.06527764846216588,0.00699030267106904,-0.005562361047947217,0.0,-9.525403962439965e-06,0.22482436033305472,0.0,0.3902574733242536,0.225,0.0,0.38999999999999996,-0.5898421885993577,129.88408902493472,0.025581486875975598,True,True,False
1.31,0.0003275695146940222,0.06369815421103278,0.007044217242264897,-0.005562361047947217,0.0,-9.525403962439965e-06,0.2247898284043141,0.0,0.39025125621847767,0.225,0.0,0.38999999999999996,-0.6167583552077069,129.8840894685742,0.024094247266910302,True,True,False
1.315,0.000346538683336316,0.06213283068845981,0.007097300539600281,-0.005562361047947217,0.0,-9.525403962439965e-06,0.2247550149007961,0.0,0.3902450945944253,0.225,0.0,0.38999999999999996,-0.6271808448099396,129.88409014872747,0.022645660376898653,True,True,False
1.32,0.00036820217470067817,0.06058865206817753,0.007148998324437036,-0.005562361047947217,0.0,-9.525403962439965e-06,0.22471992099855953,0.0,0.39023901588735144,0.225,0.0,0.38999999999999996,-0.6616021071261493,129.88409105539515,0.021234910623217227,True,True,False
1.325,0.0003922022620446955,0.05907274448109412,0.007200664507975046,-0.005562361047947217,0.0,-9.525403962439965e-06,0.22468454604565893,0.0,0.39023304810027876,0.225,0.0,0.38999999999999996,-0.6950793137971306,129.88409217258982,0.019950276536391233,True,True,False
1.33,0.00041822738048684816,0.057594361826857135,0.007252277949834708,-0.005562361047947217,0.0,-9.525403962439965e-06,0.22464888493872423,0.0,0.39022722754131967,0.225,0.0,0.38999999999999996,-0.7256458695268528,129.88409347173152,0.018815793012666053,True,True,False
1.335,0.00044600953878815475,0.05616332545024648,0.007304009816235474,-0.005562361047947217,0.0,-9.525403962439965e-06,0.2246129326118914,0.0,0.3902215927475185,0.225,0.0,0.38999999999999996,-0.7838982445779071,129.8840949267407,0.01780610454201178,True,True,False
1.34,0.00047533101479711834,0.054791320552674466,0.007357979460490964,-0.005562361047947217,0.0,-9.525403962439965e-06,0.22457667787410102,0.0,0.39021618961897464,0.225,0.0,0.38999999999999996,-0.8625475064572301,129.8840965138303,0.016923472748529983,True,True,False
1.345,0.0005060256791999957,0.0534904161624246,0.007418631649396608,-0.005562361047947217,0.0,-9.525403962439965e-06,0.22454009426294974,0.0,0.39021106563206276,0.225,0.0,0.38999999999999996,-0.8255310592839891,129.88409820994084,0.01615110114485018,True,True,False
1.35,0.0005379221126960561,0.052257327893848925,0.007477904220414694,-0.004066290689019571,0.0,-5.742274594928767e-06,0.22450317155838523,0.0,0.3902062079022007,0.225,0.0,0.38999999999999996,-0.8329952313379925,129.88417316339655,0.013029037077217904,True,True,False
1.355,0.0005708593517423718,0.05108340553846345,0.0075386783948114995,-0.004066290689019571,0.0,-5.742274594928767e-06,0.22446591676754715,0.0,0.39020158249002435,0.225,0.0,0.38999999999999996,-0.8330150157768481,129.884174876462,0.012379212967632707,True,True,False
1.36,0.0006047212828693519,0.04996451773589611,0.007600706199032289,-0.004066290689019571,0.0,-5.742274594928767e-06,0.22442832654566966,0.0,0.3901971732526717,0.225,0.0,0.38999999999999996,-0.712667449060454,129.8841766542126,0.011749290820009457,True,True,False
1.365,0.0006393751040855684,0.048886129870642114,0.007654872797514687,-0.004066290689019571,0.0,-5.742274594928767e-06,0.22439042535762774,0.0,0.3901929229874876,0.225,0.0,0.38999999999999996,-0.6196108903318437,129.8841784927275,0.011128364455699234,True,True,False
1.37,0.000674684241338256,0.047828107198394136,0.007703445160753099,-0.004066290689019571,0.0,-5.742274594928767e-06,0.22435225672736533,0.0,0.39018875242585643,0.225,0.0,0.38999999999999996,-0.6507135979321036,129.88418038854013,0.010518663706787728,True,True,False
1.375,0.0007105727940003925,0.04678336138265579,0.007753760062156509,-0.004066290689019571,0.0,-5.742274594928767e-06,0.22431383377622613,0.0,0.3901846337155706,0.225,0.0,0.38999999999999996,-0.5070316960883267,129.884182337655,0.009925935233621647,True,True,False
1.3800000000000001,0.0007469679608077863,0.04574301157637071,0.007795926216334611,-0.004066290689019571,0.0,-5.742274594928767e-06,0.22427517632937746,0.0,0.3901805319389432,0.225,0.0,0.38999999999999996,-0.5020199989703392,129.88418433621626,0.00934309890636516,True,True,False
1.385,0.0007837979991950238,0.044696694497206584,0.007837229920575558,-0.004066290689019571,0.0,-5.742274594928767e-06,0.22423631151077741,0.0,0.39017640633483813,0.225,0.0,0.38999999999999996,-0.4036243306052616,129.88418638055788,0.008775533369800765,True,True,False
1.3900000000000001,0.0008210129509381111,0.04363874120960953,0.007873584897977712,-0.004066290689019571,0.0,-5.742274594928767e-06,0.22419725627046258,0.0,0.3901722346373307,0.225,0.0,0.38999999999999996,-0.5393316019403034,129.88418846690348,0.008220171410933641,True,True,False
1.395,0.0008585919414737781,0.04257107715297208,0.007915027805439566,-0.004066290689019571,0.0,-5.742274594928767e-06,0.22415800956491522,0.0,0.3901680244898502,0.225,0.0,0.38999999999999996,-0.39452162985966455,129.88419059125485,0.00768441369954982,True,True,False
1.4000000000000001,0.0008965090364828582,0.041493153169446684,0.007949218942939993,-0.0031358309197364737,0.0,-2.6978928601911008e-06,0.2241185769455528,0.0,0.3901637737817367,0.225,0.0,0.38999999999999996,-0.39833416413803974,129.8842461919338,0.005692368954132183,True,True,False
1.405,0.0009347194763832116,0.04039832647543071,0.00798243841981189,-0.0031358309197364737,0.0,-2.6978928601911008e-06,0.22407898200917248,0.0,0.39015945645205546,0.225,0.0,0.38999999999999996,-0.4513803991236375,129.88424823710673,0.005235010959922293,True,True,False
1.41,0.0009732127219989423,0.039289862171833376,0.00801659882945658,-0.0031358309197364737,0.0,-2.6978928601911008e-06,0.22403922348889138,0.0,0.3901550854537425,0.225,0.0,0.38999999999999996,-0.512375989479727,129.88425029995852,0.004792684340435217,True,True,False
1.415,0.0010119890430312437,0.03817397039668744,0.008052346911729296,-0.0031358309197364737,0.0,-2.6978928601911008e-06,0.22399929236409835,0.0,0.39015068527022706,0.225,0.0,0.38999999999999996,-0.7043945523966427,129.8842523773084,0.004365950908664616,True,True,False
1.42,0.001051081299033737,0.0370667464751088,0.008097985947953357,-0.0031358309197364737,0.0,-2.6978928601911008e-06,0.2239591529579911,0.0,0.39014631928211874,0.225,0.0,0.38999999999999996,-0.8016836407673953,129.8842544656375,0.003961265733057766,True,True,False
1.425,0.0010905367292897772,0.035988281131930824,0.008149797221829973,-0.0031358309197364737,0.0,-2.6978928601911008e-06,0.2239187565269359,0.0,0.39014206656850337,0.225,0.0,0.38999999999999996,-0.8558307817475996,129.8842565612724,0.0035764171024514763,True,True,False
1.43,0.0011303785748800943,0.034950720517688834,0.008205417661347488,-0.0031358309197364737,0.0,-2.6978928601911008e-06,0.22387807368912924,0.0,0.3901379749090373,0.225,0.0,0.38999999999999996,-0.7300093840234226,129.88425866070415,0.003215438781794429,True,True,False
1.435,0.0011705749547421395,0.03394836123103668,0.00825107874619996,-0.0031358309197364737,0.0,-2.6978928601911008e-06,0.22383712258684896,0.0,0.3901340218140926,0.225,0.0,0.38999999999999996,-0.7209806175229625,129.8842607606147,0.0028676412699403034,True,True,False
1.44,0.0012110796006213446,0.03297070109331285,0.008295616021433624,-0.0031358309197364737,0.0,-2.6978928601911008e-06,0.2237959357856905,0.0,0.3901301659205028,0.225,0.0,0.38999999999999996,-0.7498771173494735,129.8842628579687,0.0025443972405629484,True,True,False
1.445,0.0012518883418023792,0.03202065228721575,0.008341916362679173,-0.0031358309197364737,0.0,-2.6978928601911008e-06,0.22375451104225905,0.0,0.3901264186556092,0.225,0.0,0.38999999999999996,-0.6533786578642999,129.88426494903558,0.002248157830907538,True,True,False
1.45,0.001292977799102376,0.03109343122103971,0.008381282430980932,0.00030864489982440624,0.0,2.412541611655011e-07,0.22371286314620226,0.0,0.39012276118510036,0.225,0.0,0.38999999999999996,-0.6195473735000192,129.88434904720654,0.003468028951693101,True,True,False
1.455,0.0013343112112524686,0.030179205374604195,0.008418036065258226,0.00030864489982440624,0.0,2.412541611655011e-07,0.22367101974628398,0.0,0.39011915491474086,0.225,0.0,0.38999999999999996,-0.6671308530470582,129.88435053228258,0.003544165498610209,True,True,False
1.46,0.0013758846057620765,0.02927933102075938,0.008457359627716685,0.00030864489982440624,0.0,2.412541611655011e-07,0.22362898071831094,0.0,0.3901156052663587,0.225,0.0,0.38999999999999996,-0.7324300905216846,129.88435198620252,0.003602253142286625,True,True,False
1.465,0.0014177163878826276,0.028402487436399806,0.008500993244478696,0.00030864489982440624,0.0,2.412541611655011e-07,0.223586726159912,0.0,0.39011214637485847,0.225,0.0,0.38999999999999996,-0.8681623593908648,129.88435340794922,0.0036395271091790755,True,True,False
1.47,0.0014598505998704484,0.027565629352309984,0.008555695773632197,0.00030864489982440624,0.0,2.412541611655011e-07,0.22354421273614591,0.0,0.39010884491877124,0.225,0.0,0.38999999999999996,-0.8763862404944612,129.88435479603027,0.0036443163980795362,True,True,False
1.475,0.0015023198233414243,0.026780280058504084,0.008611743503139509,0.00030864489982440624,0.0,2.412541611655011e-07,0.22350140646253536,0.0,0.3901057462106829,0.225,0.0,0.38999999999999996,-1.046514236274151,129.88435614923156,0.0036328160611940885,True,True,False
1.48,0.0015451747095371812,0.026063652788520537,0.008685585730047737,0.00030864489982440624,0.0,2.412541611655011e-07,0.2234582565775618,0.0,0.3901029179399416,0.225,0.0,0.38999999999999996,-0.9766514444742108,129.88435746606874,0.0035777335799644944,True,True,False
1.485,0.001588442709451139,0.025422841741919354,0.00875358522998933,0.00030864489982440624,0.0,2.412541611655011e-07,0.2234147326754822,0.0,0.3901003880023939,0.225,0.0,0.38999999999999996,-1.1028019928420514,129.88435874556143,0.003517756535225307,True,True,False
1.49,0.001632141397874527,0.024861039838055536,0.008836851914013618,0.00030864489982440624,0.0,2.412541611655011e-07,0.2233708135777742,0.0,0.390098168957878,0.225,0.0,0.38999999999999996,-1.0958671860804934,129.88435998711196,0.0034194610126580833,True,True,False
1.495,0.001676309625375918,0.02438791133891481,0.008921186662117046,0.00030864489982440624,0.0,2.412541611655011e-07,0.2233264586958912,0.0,0.39009629882434266,0.225,0.0,0.38999999999999996,-1.007980254790576,129.88436118973527,0.0033053535314982816,True,True,False
1.5,0.0017209166093552798,0.023987394701575394,0.008996867357336305,0.011112313891479104,0.0,2.568150385258096e-06,0.22328169177719978,0.0,0.3900947144540817,0.225,0.0,0.38999999999999996,-1.0687056389651894,129.88451118478366,0.020222821182069292,True,True,False
1.5050000000000001,0.001765949833622205,0.023654427256065678,0.009078940053871533,0.011112313891479104,0.0,2.568150385258096e-06,0.22323652162467333,0.0,0.3900933961167581,0.225,0.0,0.38999999999999996,-1.071174564863629,129.88451074629472,0.019476897761454826,True,True,False
1.51,0.0018114245114198473,0.023396608521436244,0.009161426896158358,0.011112313891479104,0.0,2.568150385258096e-06,0.22319093233192713,0.0,0.3900923738756684,0.225,0.0,0.38999999999999996,-0.9113196443044937,129.8845103204842,0.018735957607621395,True,True,False
1.5150000000000001,0.0018572922147377221,0.023193125598671004,0.009227830668618046,0.011112313891479104,0.0,2.568150385258096e-06,0.22314496629201505,0.0,0.3900915658952063,0.225,0.0,0.38999999999999996,-0.9422597711036158,129.884509909047,0.01802591639337023,True,True,False
1.52,0.0019035130744032562,0.023025792059061276,0.009297167168048888,0.011112313891479104,0.0,2.568150385258096e-06,0.22309865860682895,0.0,0.39009090066577584,0.225,0.0,0.38999999999999996,-0.857875895654461,129.88450951344706,0.01731907976392669,True,True,False
1.5250000000000001,0.001950071742065032,0.022886830492869437,0.009358664014848044,0.011112313891479104,0.0,2.568150385258096e-06,0.2230520223028689,0.0,0.39009034761026384,0.225,0.0,0.38999999999999996,-0.7813529179271183,129.88450913512207,0.01663161933686146,True,True,False
1.53,0.001996927053774494,0.0227564480822347,0.009413645742445874,0.011112313891479104,0.0,2.568150385258096e-06,0.2230050943809126,0.0,0.39008982888750254,0.225,0.0,0.38999999999999996,-0.9225438494940158,129.8845087750597,0.015962124905998742,True,True,False
1.5350000000000001,0.002044094463611835,0.022639851304784096,0.009481052283903635,0.011112313891479104,0.0,2.568150385258096e-06,0.2229578599273169,0.0,0.3900893649803356,0.225,0.0,0.38999999999999996,-0.8921079698386911,129.8845084345502,0.015282236945984382,True,True,False
1.54,0.0020915994277820086,0.02254710982059278,0.009545588859976521,0.011112313891479104,0.0,2.568150385258096e-06,0.22291029476561855,0.0,0.39008899550380083,0.225,0.0,0.38999999999999996,-0.9865316110361448,129.8845081148528,0.014613981472697338,True,True,False
1.545,0.0021394583938669238,0.02248427482832111,0.00961942777677879,0.011112313891479104,0.0,2.568150385258096e-06,0.22286238294511254,0.0,0.39008874427160034,0.225,0.0,0.38999999999999996,-0.9632510182010239,129.88450781700053,0.0139394019321104,True,True,False
1.55,0.002187689298363916,0.022458160391076468,0.009690977505585266,0.02127705373422173,0.0,3.570592738989198e-06,0.22281410710397812,0.0,0.39008863810296385,0.225,0.0,0.38999999999999996,-0.9336213613046236,129.88462100917232,0.029298941379930617,True,True,False
1.555,0.0022362770385898085,0.02246012000762485,0.00975968270372411,0.02127705373422173,0.0,3.570592738989198e-06,0.22276548050101724,0.0,0.39008864311586255,0.225,0.0,0.38999999999999996,-0.834374000166617,129.88462012758848,0.028071238794784733,True,True,False
1.56,0.002285188367268163,0.02247277563327058,0.009819184808445097,0.02127705373422173,0.0,3.570592738989198e-06,0.22271653338775996,0.0,0.39008869106315003,0.225,0.0,0.38999999999999996,-0.8311789209821296,129.88461941377622,0.026879859881253146,True,True,False
1.565,0.002334397493151784,0.02248197743115281,0.009878474651675651,0.02127705373422173,0.0,3.570592738989198e-06,0.2226672892793972,0.0,0.3900887262645332,0.225,0.0,0.38999999999999996,-0.8127600972163275,129.88461886322273,0.025711904053471273,True,True,False
1.57,0.0023838992968277712,0.022482917527826503,0.00993622494088553,0.02127705373422173,0.0,3.570592738989198e-06,0.2226177525565597,0.0,0.39008872979002573,0.225,0.0,0.38999999999999996,-0.7777026773952458,129.88461847189188,0.024568944748068745,True,True,False
1.575,0.002433681547787229,0.02246766303943513,0.009991092826827842,0.02127705373422173,0.0,3.570592738989198e-06,0.22256793432761593,0.0,0.39008867040797823,0.225,0.0,0.38999999999999996,-0.5852916868072943,129.8846182352549,0.023452786056564246,True,True,False
1.58,0.002483699438280599,0.022413485460825718,0.010032340476583568,0.02127705373422173,0.0,3.570592738989198e-06,0.22251787631919995,0.0,0.39008845865094455,0.225,0.0,0.38999999999999996,-0.549336007639286,129.88461814736152,0.02237957437613847,True,True,False
1.585,0.0025339103625417235,0.022298451060432396,0.010071641645861164,0.02127705373422173,0.0,3.570592738989198e-06,0.22246761845532823,0.0,0.39008800816781464,0.225,0.0,0.38999999999999996,-0.3853640804666125,129.88461820205927,0.02133284404419811,True,True,False
1.59,0.0025842835410314355,0.022110272866834296,0.010101506121811757,0.02127705373422173,0.0,3.570592738989198e-06,0.22241719043102115,0.0,0.3900872705611144,0.225,0.0,0.38999999999999996,-0.42832944783110577,129.88461839340425,0.02032453900351307,True,True,False
1.595,0.002634794084092329,0.021845001029291756,0.010131789044607462,0.02127705373422173,0.0,3.570592738989198e-06,0.22236661734442653,0.0,0.3900862302434922,0.225,0.0,0.38999999999999996,-0.4948953141585692,129.8846187153419,0.019340842573453865,True,True,False
1.6,0.0026854488083807022,0.021511475520662102,0.01016397280508631,0.020882587443256717,0.0,2.6385844603318624e-06,0.22231589427182374,0.0,0.3900849219783372,0.225,0.0,0.38999999999999996,-0.4322282822069044,129.88460298671686,0.017757194386385598,True,True,False
1.605,0.0027362412476583256,0.021113098034921136,0.010191590928579288,0.020882587443256717,0.0,2.6385844603318624e-06,0.22226502880760415,0.0,0.3900833591155879,0.225,0.0,0.38999999999999996,-0.4875591376277798,129.8846035368887,0.016849347020873765,True,True,False
1.61,0.0027871633331142684,0.020652725337458374,0.010220482876826788,0.020882587443256717,0.0,2.6385844603318624e-06,0.2222140300476793,0.0,0.39008155286765567,0.225,0.0,0.38999999999999996,-0.4599254623145711,129.8846041953073,0.01596343900552389,True,True,False
1.615,0.002838211966436469,0.020134866948785995,0.010246548245479992,0.020882587443256717,0.0,2.6385844603318624e-06,0.22216290226092994,0.0,0.3900795209745079,0.225,0.0,0.38999999999999996,-0.45603701717207945,129.8846049567162,0.015105424287577982,True,True,False
1.62,0.0028893759859903024,0.019560890068005113,0.010270961561771187,0.020882587443256717,0.0,2.6385844603318624e-06,0.22211165737505373,0.0,0.3900772688121811,0.225,0.0,0.38999999999999996,-0.27471130116593867,129.88460581555742,0.014273301495277873,True,True,False
1.625,0.002940628532692978,0.018926197811101834,0.010286905774870058,0.020882587443256717,0.0,2.6385844603318624e-06,0.22206032240282705,0.0,0.390074778285401,0.225,0.0,0.38999999999999996,-0.13166078779653903,129.88460676562138,0.013484023833485119,True,True,False
1.6300000000000001,0.0029919335321903846,0.018224624371865863,0.01029777056374025,0.020882587443256717,0.0,2.6385844603318624e-06,0.22200893352810147,0.0,0.39007202514650924,0.225,0.0,0.38999999999999996,0.055447498842005505,129.88460779408007,0.012828574425116297,True,True,False
1.635,0.003043270168128469,0.01745850447221248,0.01030538873987134,0.020882587443256717,0.0,2.6385844603318624e-06,0.22195751257277252,0.0,0.39006901863069743,0.225,0.0,0.38999999999999996,0.1249727469510487,129.88460888182726,0.012294190575898208,True,True,False
1.6400000000000001,0.003094624202113332,0.01663287699780857,0.01031008875122973,0.020882587443256717,0.0,2.6385844603318624e-06,0.22190607496417175,0.0,0.39006577860579783,0.225,0.0,0.38999999999999996,0.12115404653186848,129.88461001375288,0.011855205599285157,True,True,False
1.645,0.0031459849011870383,0.015753741051001482,0.010312751332317101,0.020882587443256717,0.0,2.6385844603318624e-06,0.22185463259212976,0.0,0.3900623287093113,0.225,0.0,0.38999999999999996,0.11700249859813497,129.8846111782478,0.011487165436389031,True,True,False
1.6500000000000001,0.0031973442972091483,0.014827458688405161,0.010313485278819456,0.011305080184061504,0.0,1.0868014670835834e-06,0.22180319447430466,0.0,0.390058694001223,0.225,0.0,0.38999999999999996,0.28220082736209107,129.8844919801673,0.003922367927526501,True,True,False
1.655,0.0032486849523725827,0.013855445758963974,0.010309074587786005,0.011305080184061504,0.0,1.0868014670835834e-06,0.22175177862335654,0.0,0.3900548799424972,0.225,0.0,0.38999999999999996,0.19862937073208403,129.88449229763884,0.003700250081231855,True,True,False
1.6600000000000001,0.003299995921604322,0.01284041832496968,0.010305119535093913,0.011305080184061504,0.0,1.0868014670835834e-06,0.2217003966045916,0.0,0.3900508971081146,0.225,0.0,0.38999999999999996,0.16472267279870956,129.88449259859613,0.0034842519579335015,True,True,False
1.665,0.003351278436617937,0.011789229440449422,0.010300236915511147,0.011305080184061504,0.0,1.0868014670835834e-06,0.22164904797187898,0.0,0.39004677248092584,0.225,0.0,0.38999999999999996,0.09555972831890812,129.88449288384925,0.0032681354093120818,True,True,False
1.67,0.003402530671897987,0.010706917768801958,0.010294845919092474,0.011305080184061504,0.0,1.0868014670835834e-06,0.22159773508954322,0.0,0.3900425259012964,0.225,0.0,0.38999999999999996,0.1922391923914547,129.88449315417304,0.0030589172699942956,True,True,False
1.675,0.0034537447630413978,0.009595708481354864,0.01028657847297245,0.011305080184061504,0.0,1.0868014670835834e-06,0.221546466123816,0.0,0.3900381661405624,0.225,0.0,0.38999999999999996,0.19451707060165274,129.88449341013623,0.0028384754697830016,True,True,False
1.68,0.0035049109676492385,0.00845583006076102,0.010277261147427214,0.011305080184061504,0.0,1.0868014670835834e-06,0.2214952509936012,0.0,0.3900336941136483,0.225,0.0,0.38999999999999996,0.2739498469739673,129.88449365224318,0.0026223650958456402,True,True,False
1.685,0.003556019271409492,0.00728613141383539,0.010265202641020047,0.011305080184061504,0.0,1.0868014670835834e-06,0.22144409984117824,0.0,0.3900291053109769,0.225,0.0,0.38999999999999996,0.3856287510995299,129.88449388099997,0.0023959329356193987,True,True,False
1.69,0.003607049373882945,0.0060807907896127476,0.01024874748149812,0.011305080184061504,0.0,1.0868014670835834e-06,0.2213930329978378,0.0,0.3900243768525932,0.225,0.0,0.38999999999999996,0.6198415926661803,129.88449409642573,0.0021423809556124,True,True,False
1.695,0.0036579537202307603,0.004821382169089601,0.010220779619619182,0.011305080184061504,0.0,1.0868014670835834e-06,0.22134209791682513,0.0,0.39001943628706753,0.225,0.0,0.38999999999999996,0.6977236538929769,129.88449429767152,0.0018190096404212524,True,True,False
1.7,0.0037086811058691413,0.003487613930576533,0.010187449619836302,0.0001839384862612342,0.0,9.195429165445207e-07,0.22129134609380471,0.0,0.39001420384078905,0.225,0.0,0.38999999999999996,0.5122753106495241,129.88436789854325,0.019025400335848014,True,True,False
1.705,0.003759243210493743,0.0020891174703326306,0.010162724891841309,0.0001839384862612342,0.0,9.195429165445207e-07,0.22124076689683667,0.0,0.39000871732322623,0.225,0.0,0.38999999999999996,0.3486344465263116,129.88436745176335,0.01815230120008586,True,True,False
1.71,0.0038096844452680774,0.000651285488654223,0.010142853800595297,0.0001839384862612342,0.0,9.195429165445207e-07,0.22119031679695747,0.0,0.39000307651964183,0.225,0.0,0.38999999999999996,0.33735957841828323,129.8843670713724,0.017381003556515194,True,True,False
1.715,0.0038600192634381555,0.0008149456172457812,0.010122024752486716,0.0001839384862612342,0.0,9.195429165445207e-07,0.22113998166382692,0.0,0.3899973244587027,0.225,0.0,0.38999999999999996,0.46418210049993913,129.88436675164814,0.016656752019242282,True,True,False
1.72,0.003910228747284522,0.0023142803654362027,0.010095545023431478,0.0001839384862612342,0.0,9.195429165445207e-07,0.22108978061635606,0.0,0.38999144267182595,0.225,0.0,0.38999999999999996,0.3963800137912215,129.88436649084906,0.015928432768905557,True,True,False
1.725,0.003960300779907998,0.0038481177970566003,0.0100702046991471,0.0001839384862612342,0.0,9.195429165445207e-07,0.2210397260376705,0.0,0.3899854256857851,0.225,0.0,0.38999999999999996,0.3733101246488142,129.88436628686932,0.015256242669522229,True,True,False
1.73,0.004010239322825032,0.005410210612085381,0.010044228087905189,0.0001839384862612342,0.0,9.195429165445207e-07,0.22098981411184737,0.0,0.3899792980968595,0.225,0.0,0.38999999999999996,0.2648068615427814,129.88436613568842,0.014623907524165765,True,True,False
1.735,0.004060049623329407,0.006993612552609931,0.010019747766483105,0.0001839384862612342,0.0,9.195429165445207e-07,0.22094003957566666,0.0,0.3899730872382643,0.225,0.0,0.38999999999999996,0.22016454775685693,129.88436603305732,0.014052552386888411,True,True,False
1.74,0.004109737278418417,0.008591182753424216,0.009994737554207125,0.0001839384862612342,0.0,9.195429165445207e-07,0.2208903966535876,0.0,0.38996682119987264,0.225,0.0,0.38999999999999996,0.249170100664803,129.88436597453452,0.013523520069074224,True,True,False
1.745,0.0041592964341040425,0.010200993080999069,0.009967616457894568,0.0001839384862612342,0.0,9.195429165445207e-07,0.22084089105995483,0.0,0.38996050757557577,0.225,0.0,0.38999999999999996,0.2475953968339311,129.88436595704312,0.013019561939830653,True,True,False
1.75,0.0042087180887409375,0.01182161596517059,0.009938872444417612,-0.008010038688740187,0.0,2.5048151719555275e-06,0.22079153164317838,0.0,0.38995415198885114,0.225,0.0,0.38999999999999996,0.2645361126268896,129.88429340976197,0.025458693231317643,True,True,False
1.7550000000000001,0.0042579937683799056,0.013451590092974227,0.009908246713465551,-0.008010038688740187,0.0,2.5048151719555275e-06,0.22074232670044552,0.0,0.3899477601127206,0.225,0.0,0.38999999999999996,0.3401909387510249,129.88429355521652,0.024604414414766455,True,True,False
1.76,0.004307108895415707,0.015094115095548744,0.009874336630036408,-0.008010038688740187,0.0,2.5048151719555275e-06,0.22069329086039477,0.0,0.3899413193063278,0.225,0.0,0.38999999999999996,0.32513321772409765,129.88429383032405,0.023770422299888735,True,True,False
1.7650000000000001,0.00435605161997982,0.01675123468707055,0.009839446579167585,-0.008010038688740187,0.0,2.5048151719555275e-06,0.2206444360311948,0.0,0.3899348215559051,0.225,0.0,0.38999999999999996,0.26682920392743215,129.8842942288332,0.022975226987368196,True,True,False
1.77,0.004404820910080007,0.018419546209812055,0.00980456046478327,-0.008010038688740187,0.0,2.5048151719555275e-06,0.2205957630028459,0.0,0.38992828024834836,0.225,0.0,0.38999999999999996,0.049400625422845124,129.88429474226436,0.02222806023166312,True,True,False
1.7750000000000001,0.004453423844910424,0.02009133161375434,0.009771114843549594,-0.008010038688740187,0.0,2.5048151719555275e-06,0.2205472640905367,0.0,0.3899217257194678,0.225,0.0,0.38999999999999996,-0.03830834863936528,129.88429536030628,0.021541895063524646,True,True,False
1.78,0.004501864005970043,0.021758695625890053,0.009736314696133183,-0.008010038688740187,0.0,2.5048151719555275e-06,0.22049893494570272,0.0,0.38991518900288047,0.225,0.0,0.38999999999999996,0.061667135198231256,129.88429607496226,0.020875073217628343,True,True,False
1.7850000000000001,0.004550134877216386,0.02341830384766188,0.009699804458629403,-0.008010038688740187,0.0,2.5048151719555275e-06,0.22045078153462627,0.0,0.38990868321532357,0.225,0.0,0.38999999999999996,-0.039556418275245926,129.8842968820544,0.020224063048741803,True,True,False
1.79,0.004598229716794131,0.025068077306113365,0.009662090324047365,-0.008010038688740187,0.0,2.5048151719555275e-06,0.2204028101059228,0.0,0.38990221653410173,0.225,0.0,0.38999999999999996,-0.0890848441062646,129.88429777734243,0.01959048130152229,True,True,False
1.795,0.00464614303129726,0.02670600318530168,0.009623181686983982,-0.008010038688740187,0.0,2.5048151719555275e-06,0.22035502564326248,0.0,0.389895796868939,0.225,0.0,0.38999999999999996,-0.16297586044719642,129.8842987564985,0.018974067314876077,True,True,False
1.8,0.004693870737277245,0.02832964313512041,0.009583570237580897,-0.0124629576988999,0.0,5.305875609527701e-06,0.2203074316614179,0.0,0.38988943379357,0.225,0.0,0.38999999999999996,-0.16778903495432437,129.88428780584712,0.025394516154970643,True,True,False
1.805,0.004741408201255418,0.02993706398485209,0.00954264806866233,-0.0124629576988999,0.0,5.305875609527701e-06,0.22026003224966875,0.0,0.38988313487794973,0.225,0.0,0.38999999999999996,-0.12269023582710056,129.88428927720722,0.024558704393756337,True,True,False
1.81,0.004788746949721221,0.03152854655085278,0.009499878590884723,-0.0124629576988999,0.0,5.305875609527701e-06,0.220212835547971,0.0,0.3898768989939354,0.225,0.0,0.38999999999999996,-0.18519573559278138,129.88429088871797,0.023745148837303658,True,True,False
1.815,0.004835880731367483,0.03310327259437865,0.009456492326255247,-0.0124629576988999,0.0,5.305875609527701e-06,0.22016584738096476,0.0,0.38987072933864964,0.225,0.0,0.38999999999999996,-0.25842038193799866,129.88429263318548,0.02295468924169406,True,True,False
1.82,0.00488280899522713,0.03465738921266114,0.009413037152726005,-0.0124629576988999,0.0,5.305875609527701e-06,0.22011906754501354,0.0,0.38986464101902446,0.225,0.0,0.38999999999999996,-0.21312622848297377,129.88429450334266,0.022187609715553336,True,True,False
1.825,0.004929526244731955,0.03618972672919954,0.00936745248693292,-0.0124629576988999,0.0,5.305875609527701e-06,0.2200725010448651,0.0,0.38985863860270414,0.225,0.0,0.38999999999999996,-0.3396621666381464,129.88429649214282,0.021441819314063654,True,True,False
1.83,0.004976031788081407,0.03769654171118376,0.009323332257243046,-0.0124629576988999,0.0,5.305875609527701e-06,0.22002614778132257,0.0,0.38985273675694804,0.225,0.0,0.38999999999999996,-0.315928406292399,129.88429859250957,0.020720423743870613,True,True,False
1.835,0.005022325727296681,0.03917365236215816,0.009277356081516122,-0.0124629576988999,0.0,5.305875609527701e-06,0.2199800067749722,0.0,0.38984695186462714,0.225,0.0,0.38999999999999996,-0.3796904074950398,129.88430079742412,0.0200203125359473,True,True,False
1.84,0.005068405568242217,0.04061826260870943,0.009232171345580567,-0.0124629576988999,0.0,5.305875609527701e-06,0.21993407977898496,0.0,0.3898412948693342,0.225,0.0,0.38999999999999996,-0.39681646205147686,129.88430310009983,0.019343399803720074,True,True,False
1.845,0.005114274238048775,0.04202654366668421,0.009187003544202984,-0.0124629576988999,0.0,5.305875609527701e-06,0.21988836297992728,0.0,0.38983578076546443,0.225,0.0,0.38999999999999996,-0.33284733687275514,129.88430549322965,0.018694596539230918,True,True,False
1.85,0.005159923875160016,0.04340031260901521,0.00913918404375738,-0.012094847199459413,0.0,8.318246064692206e-06,0.21984286406514236,0.0,0.38983040239728595,0.225,0.0,0.38999999999999996,-0.2782886170446242,129.88435154544962,0.017489222731366178,True,True,False
1.855,0.005205340450137508,0.044744051993896174,0.009089269454503841,-0.012094847199459413,0.0,8.318246064692206e-06,0.2197975972905519,0.0,0.38982514219901654,0.225,0.0,0.38999999999999996,-0.20071201674360323,129.88435404865334,0.01690832988448065,True,True,False
1.86,0.005250511178581153,0.04606170958077422,0.009037050839996114,-0.012094847199459413,0.0,8.318246064692206e-06,0.2197525756669287,0.0,0.38981998470871354,0.225,0.0,0.38999999999999996,-0.2554643008648194,129.88435661646156,0.01634873126676563,True,True,False
1.865,0.005295430920306482,0.047353931183934994,0.008985350565497562,-0.012094847199459413,0.0,8.318246064692206e-06,0.2197078041649229,0.0,0.38981492737930645,0.225,0.0,0.38999999999999996,-0.25495515498411364,129.88435924259437,0.015814880203914933,True,True,False
1.87,0.005340099632174388,0.048619436443644325,0.008933092975731041,-0.012094847199459413,0.0,8.318246064692206e-06,0.2196632824072888,0.0,0.3898099752195218,0.225,0.0,0.38999999999999996,-0.3151699306837369,129.88436192070847,0.015304261722169941,True,True,False
1.875,0.005384518737573238,0.04985655999803408,0.008881932166911332,-0.012094847199459413,0.0,8.318246064692206e-06,0.21961900849577526,0.0,0.38980513474722667,0.225,0.0,0.38999999999999996,-0.39980842343770373,129.88436464461353,0.014819413430120125,True,True,False
1.8800000000000001,0.005428698136355987,0.051060397756516836,0.008833247029163478,-0.012094847199459413,0.0,8.318246064692206e-06,0.21957497158097225,0.0,0.3898004251809065,0.225,0.0,0.38999999999999996,-0.430029463093038,129.8843674078387,0.014362547832190974,True,True,False
1.885,0.005472647113172515,0.05222689048888759,0.008785541050077818,-0.012094847199459413,0.0,8.318246064692206e-06,0.21953116152416352,0.0,0.38979586242255293,0.225,0.0,0.38999999999999996,-0.4048436924335479,129.88437020413517,0.013930669799206433,True,True,False
1.8900000000000001,0.005516364452259194,0.05335684542904737,0.00873666803948729,-0.012094847199459413,0.0,8.318246064692206e-06,0.21948757940027605,0.0,0.3897914432885571,0.225,0.0,0.38999999999999996,-0.39830415146971154,129.88437302807145,0.01351939073031639,True,True,False
1.895,0.005559844875705007,0.054452818616059745,0.008687334736054516,-0.012094847199459413,0.0,8.318246064692206e-06,0.2194442306370877,0.0,0.3897871577390923,0.225,0.0,0.38999999999999996,-0.40243278661412374,129.8843758747084,0.013129309987861434,True,True,False
1.9000000000000001,0.005603086323436769,0.05551597418275766,0.008637943437489675,-0.008357492783872864,0.0,1.0497629533787387e-05,0.21940111726626002,0.0,0.3897830011942142,0.225,0.0,0.38999999999999996,-0.48525282681583604,129.88443973117413,0.006869036608411778,True,True,False
1.905,0.0056460973247139355,0.05654310907132221,0.008591946153342406,-0.008357492783872864,0.0,1.0497629533787387e-05,0.21935823007169805,0.0,0.3897789862532564,0.225,0.0,0.38999999999999996,-0.48416358761784595,129.88444200949274,0.006738910223252171,True,True,False
1.9100000000000001,0.005688886302455133,0.05753152771037737,0.008545869317115299,-0.008357492783872864,0.0,1.0497629533787387e-05,0.21931556001595356,0.0,0.3897751235227158,0.225,0.0,0.38999999999999996,-0.45258411343272226,129.88444426186553,0.00662403580443641,True,True,False
1.915,0.005731448108481706,0.058484427539203916,0.008498278856544977,-0.008357492783872864,0.0,1.0497629533787387e-05,0.21927311256746157,0.0,0.389771400447831,0.225,0.0,0.38999999999999996,-0.3039064160731497,129.88444648669912,0.006521376339593519,True,True,False
1.92,0.0057737625197676196,0.05941120035554986,0.00844495683316628,-0.008357492783872864,0.0,1.0497629533787387e-05,0.21923090929225655,0.0,0.389767780189257,0.225,0.0,0.38999999999999996,-0.33551572808809976,129.88444868322506,0.006422746163348977,True,True,False
1.925,0.005815815118230714,0.06031798816119535,0.008392200008174661,-0.008357492783872864,0.0,1.0497629533787387e-05,0.21918896549000005,0.0,0.3897642386523822,0.225,0.0,0.38999999999999996,-0.2543663153542231,129.884450850622,0.006338244263356288,True,True,False
1.93,0.005857599901629105,0.06120711211508374,0.008336670093985374,-0.008357492783872864,0.0,1.0497629533787387e-05,0.21914728746243126,0.0,0.3897607667244071,0.225,0.0,0.38999999999999996,-0.24680595447323725,129.88445298782014,0.0062617116744121265,True,True,False
1.935,0.005899107408802469,0.06208208763783754,0.008280430912092272,-0.008357492783872864,0.0,1.0497629533787387e-05,0.2191058851814215,0.0,0.3897573506109603,0.225,0.0,0.38999999999999996,-0.004144779011922145,129.88445509403047,0.006196160852818652,True,True,False
1.94,0.005940326542722426,0.06294695415803167,0.008220737716727473,-0.008357492783872864,0.0,1.0497629533787387e-05,0.21906477036079128,0.0,0.3897539744646773,0.225,0.0,0.38999999999999996,0.061005030881985764,129.88445716865098,0.006136175343337224,True,True,False
1.945,0.00598124562969209,0.06380555726450655,0.0081601197417921,-0.008357492783872864,0.0,1.0497629533787387e-05,0.2190239552801493,0.0,0.3897506231986423,0.225,0.0,0.38999999999999996,0.20667308446097143,129.8844592112252,0.006085779300363213,True,True,False
1.95,0.00602185490894857,0.06466055217043479,0.008096694240092869,-0.003920377179632426,0.0,1.1626389556590372e-05,0.21898345012677561,0.0,0.38974728639246853,0.225,0.0,0.38999999999999996,0.27834237896107583,129.8845075893276,0.0009531993917516624,True,True,False
1.955,0.006062140038676767,0.06551626881671506,0.008030633293020865,-0.003920377179632426,0.0,1.1626389556590372e-05,0.2189432699614959,0.0,0.3897439470968528,0.225,0.0,0.38999999999999996,0.21483159948840458,129.88450890844285,0.0007407417241054419,True,True,False
1.96,0.0061020962265438145,0.06637265854250717,0.007965325477818237,-0.003920377179632426,0.0,1.1626389556590372e-05,0.21890341957606813,0.0,0.3897406055271775,0.225,0.0,0.38999999999999996,0.15210915731239016,129.88451017953494,0.0005238839238897747,True,True,False
1.965,0.006141726913137697,0.06722619952537263,0.007900413937301374,-0.003920377179632426,0.0,1.1626389556590372e-05,0.21886389494053954,0.0,0.3897372754773083,0.225,0.0,0.38999999999999996,0.1594556526734273,129.88451140374872,0.00030312487096215666,True,True,False
1.97,0.006181031101986137,0.06807543136360868,0.007834610213147969,-0.003920377179632426,0.0,1.1626389556590372e-05,0.21882469679959146,0.0,0.38973396265911725,0.225,0.0,0.38999999999999996,0.08532288178411895,129.88451258230833,8.063786199706893e-05,True,True,False
1.975,0.006220007235761488,0.06891917474599132,0.007769014825467969,-0.003920377179632426,0.0,1.1626389556590372e-05,0.2187858265014353,0.0,0.3897306716823998,0.225,0.0,0.38999999999999996,0.11940085278439083,129.88451371642958,0.00014520227302621848,True,True,False
1.98,0.006258653212327573,0.0697565772797488,0.007702314149652556,-0.003920377179632426,0.0,1.1626389556590372e-05,0.21874728599125604,0.0,0.38972740587490706,0.225,0.0,0.38999999999999996,0.07268907206478402,129.88451480731183,0.0003721537975820994,True,True,False
1.985,0.006296965668450996,0.07058732414073493,0.007635369804889325,-0.003920377179632426,0.0,1.1626389556590372e-05,0.21870907856620514,0.0,0.3897241664569512,0.225,0.0,0.38999999999999996,0.058021506851757394,129.88451585616494,0.00060137553920399,True,True,False
1.99,0.006334942614866261,0.07141057815384612,0.00756782628801144,-0.003920377179632426,0.0,1.1626389556590372e-05,0.21867120605736606,0.0,0.38972095669632023,0.225,0.0,0.38999999999999996,-0.06396195861119683,129.88451686413984,0.000832148063677221,True,True,False
1.995,0.0063725818454354564,0.07222563384693703,0.007499966753709523,-0.003920377179632426,0.0,1.1626389556590372e-05,0.21863367053333368,0.0,0.3897177793440768,0.225,0.0,0.38999999999999996,0.09390870967177739,129.88451783236698,0.0010647929844093632,True,True,False
2.0,0.006409879137529362,0.07303268678499178,0.007430750792305257,-0.0022500736176674363,0.0,1.1830359579322076e-05,0.21859647623675227,0.0,0.3897146336192616,0.225,0.0,0.38999999999999996,0.009131718101080724,129.8845311443547,0.0013356854188642693,True,True,False
2.005,0.0064468305580225056,0.07383181357004433,0.00736134151216625,-0.0022500736176674363,0.0,1.1830359579322076e-05,0.21855962710081842,0.0,0.3897115192149551,0.225,0.0,0.38999999999999996,0.0061678487329527715,129.88453185133883,0.0010070319271840242,True,True,False
2.0100000000000002,0.006483434038759651,0.07462233906148866,0.007291263168180445,-0.0022500736176674363,0.0,1.1830359579322076e-05,0.21852312506032412,0.0,0.38970843877016004,0.225,0.0,0.38999999999999996,-0.05431447951926938,129.884532522101,0.0006801558634271006,True,True,False
2.015,0.006519686564811699,0.07540396058010114,0.007220641119896715,-0.0022500736176674363,0.0,1.1830359579322076e-05,0.21848697306258988,0.0,0.38970539345567984,0.225,0.0,0.38999999999999996,-0.03058464872643014,129.88453315804227,0.00035493313830723544,True,True,False
2.02,0.006555584938388301,0.0761764842334875,0.007149281193404903,-0.0022500736176674363,0.0,1.1830359579322076e-05,0.21845117425712177,0.0,0.389702384016157,0.225,0.0,0.38999999999999996,0.07970093044029647,129.88453376051103,3.1889150810487585e-05,True,True,False
2.025,0.006591124583913925,0.07694030475441753,0.007076862378533414,-0.0022500736176674363,0.0,1.1830359579322076e-05,0.21841573327812094,0.0,0.38969940888930227,0.225,0.0,0.38999999999999996,0.1489781202875909,129.88453433082773,0.0002883432049265774,True,True,False
2.0300000000000002,0.0066262988682134275,0.07769662182031932,0.007002930459421868,-0.0022500736176674363,0.0,1.1830359579322076e-05,0.21838065696629055,0.0,0.38969646335811187,0.225,0.0,0.38999999999999996,0.016831099371829777,129.88453487029722,0.0006047899280697995,True,True,False
2.035,0.006661105348370836,0.07844479942139193,0.006929519380170312,-0.0022500736176674363,0.0,1.1830359579322076e-05,0.2183459476408115,0.0,0.3896935499008444,0.225,0.0,0.38999999999999996,0.04637464215286616,129.88453538010486,0.0009205764500974257,True,True,False
2.04,0.006695543692986982,0.079183432459153,0.006855368849338059,-0.0022500736176674363,0.0,1.1830359579322076e-05,0.21831160536626568,0.0,0.3896906740099319,0.225,0.0,0.38999999999999996,0.1337005074561496,129.88453586134312,0.0012337136255642072,True,True,False
2.045,0.006729608206858107,0.07991341139109766,0.0067797383409596975,-0.0022500736176674363,0.0,1.1830359579322076e-05,0.2182776359909277,0.0,0.38968783218080444,0.225,0.0,0.38999999999999996,0.24449562485978948,129.8845363151481,0.0015428192775692809,True,True,False
2.05,0.006763287573042415,0.08063789817714467,0.006701251495104982,-0.0011851597486724295,0.0,1.138012352216583e-05,0.21824405140930042,0.0,0.38968501200738076,0.225,0.0,0.38999999999999996,0.20467544888154945,129.8845359943996,0.0001665314951939433,True,True,False
2.055,0.0067965749185321216,0.08135791402352033,0.0066229636148794685,-0.0011851597486724295,0.0,1.138012352216583e-05,0.21821085868445445,0.0,0.38968220947029175,0.225,0.0,0.38999999999999996,0.16113247693512817,129.88453632221245,0.0005273710720408572,True,True,False
2.06,0.0068294714565206565,0.08207107998073322,0.006544825470823952,-0.0011851597486724295,0.0,1.138012352216583e-05,0.21817805616154973,0.0,0.38967943387505743,0.225,0.0,0.38999999999999996,0.02126050339931443,129.8845366269759,0.0008847688284436854,True,True,False
2.065,0.006861979825468179,0.08277459963222626,0.006467435088363175,-0.0011851597486724295,0.0,1.138012352216583e-05,0.21814564067496536,0.0,0.3896766961669838,0.225,0.0,0.38999999999999996,0.2090179097803915,129.88453690962814,0.0012397586632908785,True,True,False
2.07,0.00689409459682182,0.08346929320837998,0.006387156733915715,-0.0011851597486724295,0.0,1.138012352216583e-05,0.2181136177986643,0.0,0.38967399311808676,0.225,0.0,0.38999999999999996,0.19155928035743586,129.8845371711565,0.0015863798734183183,True,True,False
2.075,0.006925807476177655,0.08415699488175116,0.006306586707416591,-0.0011851597486724295,0.0,1.138012352216583e-05,0.2180819961672986,0.0,0.3896713175273811,0.225,0.0,0.38999999999999996,0.164250403223464,129.88453741254136,0.0019285964867541512,True,True,False
2.08,0.006957117616985624,0.08483635866564151,0.006225897613345786,-0.0011851597486724295,0.0,1.138012352216583e-05,0.21805077637045744,0.0,0.3896686746566001,0.225,0.0,0.38999999999999996,0.11479276750669859,129.88453763461277,0.0022667191838106815,True,True,False
2.085,0.0069880252961786755,0.08550568642666935,0.006145346480805944,-0.0011851597486724295,0.0,1.138012352216583e-05,0.21801995780375888,0.0,0.3896660711472088,0.225,0.0,0.38999999999999996,0.12632512187644004,129.88453783813594,0.002601208137767418,True,True,False
2.09,0.007018529242162924,0.08616408694566022,0.006064098397742813,-0.0011851597486724295,0.0,1.138012352216583e-05,0.21798954156098543,0.0,0.38966351047869885,0.225,0.0,0.38999999999999996,0.19079862781980686,129.8845380238484,0.0029306987526484902,True,True,False
2.095,0.0070486234848463804,0.0868127046195878,0.005981228363818624,-0.0011851597486724295,0.0,1.138012352216583e-05,0.21795953382228386,0.0,0.3896609881542438,0.225,0.0,0.38999999999999996,0.2658194221569814,129.88453819250793,0.0032535287330170974,True,True,False
2.1,0.0070782976245553405,0.08745444639455811,0.005895992632637647,-0.0012178435217305404,0.0,1.045809411223721e-05,0.21792994553947623,0.0,0.38965849277165243,0.225,0.0,0.38999999999999996,0.22790486667412874,129.88452599385252,0.0036197165992310804,True,True,False
2.105,0.0071075464367637954,0.08808978402842357,0.005811087424337436,-0.0012178435217305404,0.0,1.045809411223721e-05,0.21790078202880553,0.0,0.3896560224597112,0.225,0.0,0.38999999999999996,0.1381059579468139,129.8845261316984,0.003928724948476646,True,True,False
2.11,0.007136374056775258,0.08871528476076658,0.005727317534733163,-0.0012178435217305404,0.0,1.045809411223721e-05,0.21787203849353726,0.0,0.3896535906459111,0.225,0.0,0.38999999999999996,0.2125240838706077,129.88452625444063,0.00423549413743309,True,True,False
2.115,0.007164778792768437,0.0893302839659297,0.005641681159786637,-0.0012178435217305404,0.0,1.045809411223721e-05,0.21784371649138762,0.0,0.38965119992306946,0.225,0.0,0.38999999999999996,0.16236095948536491,129.88452636263088,0.004535103145607786,True,True,False
2.12,0.007192756999170533,0.08993491923954147,0.005556486329332759,-0.0012178435217305404,0.0,1.045809411223721e-05,0.2178158196887368,0.0,0.3896488497410296,0.225,0.0,0.38999999999999996,0.31932258784178247,129.88452645681846,0.004831265845780308,True,True,False
2.125,0.007220298366385812,0.09053222645497831,0.005466871935914531,-0.0012178435217305404,0.0,1.045809411223721e-05,0.2177883589812889,0.0,0.3896465281950748,0.225,0.0,0.38999999999999996,0.3718084015094832,129.8845265376089,0.005115721903757304,True,True,False
2.13,0.007247384623164151,0.09112821979851699,0.005374744269305822,-0.0012178435217305404,0.0,1.045809411223721e-05,0.21776135381641537,0.0,0.38964421171330155,0.225,0.0,0.38999999999999996,0.3399477165449914,129.88452660569914,0.005391128848505042,True,True,False
2.1350000000000002,0.0072740105140064225,0.09172295576820265,0.005283070588121168,-0.0012178435217305404,0.0,1.045809411223721e-05,0.2177348094728819,0.0,0.3896419000662533,0.225,0.0,0.38999999999999996,0.45802345956631346,129.88452666159932,0.005662423951842254,True,True,False
2.14,0.007300163007144859,0.0923198462550463,0.005185934935920531,-0.0012178435217305404,0.0,1.045809411223721e-05,0.2177087396653138,0.0,0.389639579880254,0.225,0.0,0.38999999999999996,0.3234195307098805,129.8845267058921,0.0059194838690184055,True,True,False
2.145,0.0073258397712810345,0.09291726171803694,0.005093320222242413,-0.0012178435217305404,0.0,1.045809411223721e-05,0.2176831464237025,0.0,0.3896372575328066,0.225,0.0,0.38999999999999996,0.33505451051377,129.88452673901247,0.006179163539931213,True,True,False
2.15,0.007351050740186551,0.09350877064608348,0.004999716860838367,-0.00267243318598249,0.0,9.274482040649514e-06,0.21765801855911285,0.0,0.3896349582127128,0.225,0.0,0.38999999999999996,0.35636025714056235,129.88450496278358,0.00872572464690463,True,True,False
2.1550000000000002,0.007375789950263284,0.0940950098043812,0.00490477126199785,-0.00267243318598249,0.0,9.274482040649514e-06,0.21763336216651902,0.0,0.38963267940333896,0.225,0.0,0.38999999999999996,0.39388869044932207,129.884504980601,0.008890151077090451,True,True,False
2.16,0.007400048629011465,0.094677756057119,0.00480779424720414,-0.00267243318598249,0.0,9.274482040649514e-06,0.21760918637827842,0.0,0.3896304141226871,0.225,0.0,0.38999999999999996,0.3212406584003511,129.88450498937067,0.009048597311697973,True,True,False
2.165,0.007423826906290283,0.09525486727835238,0.004712793257237097,-0.00267243318598249,0.0,9.274482040649514e-06,0.2175854906468718,0.0,0.38962817075567685,0.225,0.0,0.38999999999999996,0.33837777143657016,129.88450498934182,0.009207949123154664,True,True,False
2.17,0.007447127560515518,0.09582338099784878,0.004616703610364973,-0.00267243318598249,0.0,9.274482040649514e-06,0.21756227160657815,0.0,0.38962596090007034,0.225,0.0,0.38999999999999996,0.3888360319564088,129.8845049806953,0.009363190081365786,True,True,False
2.1750000000000003,0.0074699415223801295,0.09638553155623596,0.004518241040428446,-0.00267243318598249,0.0,9.274482040649514e-06,0.2175395387745102,0.0,0.3896237757972404,0.225,0.0,0.38999999999999996,0.4630687441058285,129.88450496381105,0.009511921591530218,True,True,False
2.18,0.007492252328781647,0.09694628053311724,0.004415927678297376,-0.00267243318598249,0.0,9.274482040649514e-06,0.21751730961649215,0.0,0.3896215960059762,0.225,0.0,0.38999999999999996,0.45739184587303594,129.88450493958555,0.009632293550141816,True,True,False
2.185,0.007514048306829153,0.09750742487895235,0.004313035025169127,-0.00267243318598249,0.0,9.274482040649514e-06,0.21749559618496112,0.0,0.3896194144797922,0.225,0.0,0.38999999999999996,0.3427911505071929,129.88450490980867,0.009724798875482759,True,True,False
2.19,0.007535339092174162,0.0980620076574476,0.004214091477936133,-0.00267243318598249,0.0,9.274482040649514e-06,0.2174743874566685,0.0,0.38961725846619466,0.225,0.0,0.38999999999999996,0.3838285853573438,129.88450487475112,0.009837909341996973,True,True,False
2.195,0.0075561304656133746,0.098605598915682,0.004113103440394248,-0.00267243318598249,0.0,9.274482040649514e-06,0.21745367675733512,0.0,0.3896151453123757,0.225,0.0,0.38999999999999996,0.27821299697675816,129.8845048345851,0.009923900396892279,True,True,False
2.2,0.007576425506618878,0.09913508461867239,0.004015194606306921,-0.00486806756171106,0.0,8.00033253511611e-06,0.21743346037141384,0.0,0.3896130872108856,0.225,0.0,0.38999999999999996,0.273516148703336,129.88447860527987,0.01349236749948511,True,True,False
2.205,0.007596232684917357,0.09964620348626499,0.003917227948967764,-0.00486806756171106,0.0,8.00033253511611e-06,0.21741372895018776,0.0,0.389611100832879,0.225,0.0,0.38999999999999996,0.2651043557939858,129.8844785399074,0.013490514292581557,True,True,False
2.21,0.007615551902060016,0.1001386650271942,0.003819267877965873,-0.00486806756171106,0.0,8.00033253511611e-06,0.21739448251589438,0.0,0.38960918729302435,0.225,0.0,0.38999999999999996,0.4857666327793415,129.88447847522204,0.013492036639300443,True,True,False
2.215,0.007634359578373852,0.1006211666653751,0.0037124887385779314,-0.00486806756171106,0.0,8.00033253511611e-06,0.21737574641618912,0.0,0.38960731251400704,0.225,0.0,0.38999999999999996,0.4718370686727031,129.88447841396626,0.013415725507217703,True,True,False
2.22,0.007652632046132186,0.10110088985136342,0.003605748127616923,-0.00486806756171106,0.0,8.00033253511611e-06,0.21735754579736524,0.0,0.3896054483631772,0.225,0.0,0.38999999999999996,0.35915138921260104,129.88447835924478,0.013337308332138462,True,True,False
2.225,0.007670381321589314,0.10157077496661573,0.0035032583912512957,-0.00486806756171106,0.0,8.00033253511611e-06,0.2173398672015815,0.0,0.38960362249158254,0.225,0.0,0.38999999999999996,0.3208775912255302,129.88447830962355,0.013298005838867498,True,True,False
2.23,0.007687622235678567,0.10202385080833896,0.00340184265795079,-0.00486806756171106,0.0,8.00033253511611e-06,0.21732269435737747,0.0,0.3896018621994136,0.225,0.0,0.38999999999999996,0.3862756472292818,129.8844782630034,0.013272404370568229,True,True,False
2.235,0.0077043509015785,0.10246116835670688,0.0032978565869907603,-0.00486806756171106,0.0,8.00033253511611e-06,0.21730603135707885,0.0,0.38960016336285996,0.225,0.0,0.38999999999999996,0.3527527091851244,129.88447821953983,0.013227314296079245,True,True,False
2.24,0.007720563042626132,0.1028836570129441,0.0031948530022804095,-0.00486806756171106,0.0,8.00033253511611e-06,0.21728988266107915,0.0,0.38959852233532044,0.225,0.0,0.38999999999999996,0.4953796360953343,129.88447817955495,0.013193446999042624,True,True,False
2.245,0.007736244129730501,0.10329628303494154,0.0030853998646510187,-0.00486806756171106,0.0,8.00033253511611e-06,0.2172742638231433,0.0,0.3895969196601207,0.225,0.0,0.38999999999999996,0.5033795602863236,129.8844781446733,0.013102991004905785,True,True,False
2.25,0.007751374255178986,0.10370509569086961,0.002975020303788494,-0.006383851178704631,0.0,6.725633603094018e-06,0.21725919601302812,0.0,0.38959533164303123,0.225,0.0,0.38999999999999996,0.6055724152960463,129.88445471797908,0.015392254742658427,True,True,False
2.255,0.007765934340255466,0.10411548042486576,0.0028584702980735902,-0.006383851178704631,0.0,6.725633603094018e-06,0.2172446994450723,0.0,0.3895937371787905,0.225,0.0,0.38999999999999996,0.6908893372605461,129.88445470094146,0.015161174806647498,True,True,False
2.2600000000000002,0.007779890390894695,0.10453777153717571,0.002735734892513586,-0.006383851178704631,0.0,6.725633603094018e-06,0.21723081029673366,0.0,0.38959209578453285,0.225,0.0,0.38999999999999996,0.6198611161498149,129.88445470760595,0.014872020740312467,True,True,False
2.265,0.007793235687888644,0.1049703086131372,0.002616741218693571,-0.006383851178704631,0.0,6.725633603094018e-06,0.21721753498093765,0.0,0.38959041397234273,0.225,0.0,0.38999999999999996,0.6550257091784383,129.8844547388764,0.014617761973234469,True,True,False
2.27,0.007805973244873283,0.1054083889235639,0.0024949793814750933,-0.006383851178704631,0.0,6.725633603094018e-06,0.2172048695345801,0.0,0.38958871016696256,0.225,0.0,0.38999999999999996,0.6040372699641112,129.8844547937892,0.014341494217271447,True,True,False
2.275,0.007818102346469458,0.10584906044292619,0.0023756366405928583,-0.006383851178704631,0.0,6.725633603094018e-06,0.21719281408301935,0.0,0.389586995935165,0.225,0.0,0.38999999999999996,0.6364812095065443,129.88445487181048,0.01409393722039769,True,True,False
2.2800000000000002,0.007829623500707613,0.10628957531053407,0.00225393881738228,-0.006383851178704631,0.0,6.725633603094018e-06,0.21718136756345205,0.0,0.38958528204163173,0.225,0.0,0.38999999999999996,0.6191182391819328,129.88445497197975,0.013830835614741127,True,True,False
2.285,0.007840531474353056,0.10672953866856527,0.0021327489149302616,-0.006383851178704631,0.0,6.725633603094018e-06,0.2171705351469603,0.0,0.3895835700354958,0.225,0.0,0.38999999999999996,0.6597279229719569,129.88445509418662,0.013579923412140739,True,True,False
2.29,0.007850819618616485,0.1071693196721584,0.002008797602986437,-0.006383851178704631,0.0,6.725633603094018e-06,0.2171603235814303,0.0,0.38958185847350957,0.225,0.0,0.38999999999999996,0.6140069108192225,129.8844552384575,0.013308386884617806,True,True,False
2.295,0.007860486125806648,0.10760719869087818,0.001886978985532705,-0.006383851178704631,0.0,6.725633603094018e-06,0.21715073433068013,0.0,0.38958015409203456,0.225,0.0,0.38999999999999996,0.6173206404658985,129.88445540414367,0.013066145059383444,True,True,False
2.3000000000000003,0.00786953623774733,0.10803923521018499,0.0017646890404477511,-0.010289638902328372,0.0,5.672680792499163e-06,0.21714176132879742,0.0,0.3895784723216268,0.225,0.0,0.38999999999999996,0.5420239845677425,129.88442519843127,0.01898509295421782,True,True,False
2.305,0.00787797993804527,0.1084604868730942,0.0016461089081741456,-0.010289638902328372,0.0,5.672680792499163e-06,0.21713339354134853,0.0,0.38957683250485575,0.225,0.0,0.38999999999999996,0.47327583324862477,129.88442549567105,0.01860839172526594,True,True,False
2.31,0.007885838405301573,0.10886298616004439,0.0015305513027355764,-0.010289638902328372,0.0,5.672680792499163e-06,0.21712560807216277,0.0,0.3895752658227301,0.225,0.0,0.38999999999999996,0.5459232067607532,129.8844258334837,0.01828672416408945,True,True,False
2.315,0.00789311121316397,0.10924791870989889,0.0014121369323731826,-0.010289638902328372,0.0,5.672680792499163e-06,0.2171184055812666,0.0,0.38957376761975965,0.225,0.0,0.38999999999999996,0.510425909311134,129.88442620840914,0.017953090096388322,True,True,False
2.32,0.007899793040980327,0.10961783239175263,0.001295318645192835,-0.010289638902328372,0.0,5.672680792499163e-06,0.21711179192259947,0.0,0.38957232790837587,0.225,0.0,0.38999999999999996,0.40308194854865315,129.88442661858784,0.017653166033576622,True,True,False
2.325,0.00790590220894484,0.10996601548464988,0.0011825976348987103,-0.010289638902328372,0.0,5.672680792499163e-06,0.2171057473101002,0.0,0.3895709729549215,0.225,0.0,0.38999999999999996,0.30021747471580534,129.8844270573909,0.017416335448380765,True,True,False
2.33,0.00791146276446527,0.11028455314775985,0.0010731892084687234,-0.010289638902328372,0.0,5.672680792499163e-06,0.21710024595243674,0.0,0.38956973373182613,0.225,0.0,0.38999999999999996,0.28728712538858203,129.88442751691022,0.017234075153082846,True,True,False
2.335,0.007916487186336422,0.110570959824092,0.0009646595098252884,-0.010289638902328372,0.0,5.672680792499163e-06,0.217095274791299,0.0,0.3895686199513704,0.225,0.0,0.38999999999999996,0.3765881041396877,129.88442799183738,0.017073504678181296,True,True,False
2.34,0.007920970011584929,0.110829814066372,0.0008543154254654582,-0.010289638902328372,0.0,5.672680792499163e-06,0.21709084024779357,0.0,0.38956761366984416,0.225,0.0,0.38999999999999996,0.35750246571213085,129.88442848108798,0.016906865247655258,True,True,False
2.345,0.007924906076926698,0.11106484899246258,0.000744832352115018,-0.010289638902328372,0.0,5.672680792499163e-06,0.21708694827126382,0.0,0.3895667002579565,0.225,0.0,0.38999999999999996,0.3903758747545188,129.88442898378582,0.01675435358797635,True,True,False
2.35,0.007928294702752152,0.11127762270966403,0.0006348168898521905,-0.009532788449405694,0.0,4.4913354641522165e-06,0.2170835998607092,0.0,0.38956587360328565,0.225,0.0,0.38999999999999996,0.37066345894923636,129.8844168003882,0.015411795474236985,True,True,False
2.355,0.007931135099760078,0.11146938832845413,0.0005256920462652223,-0.009532788449405694,0.0,4.4913354641522165e-06,0.21708079606351538,0.0,0.38956512877421845,0.225,0.0,0.38999999999999996,0.33029301308032155,129.8844172938789,0.015311710313634732,True,True,False
2.36,0.00793343351294726,0.11163825524226381,0.0004179464572595973,-0.009532788449405694,0.0,4.4913354641522165e-06,0.21707853020816278,0.0,0.38956447314507014,0.225,0.0,0.38999999999999996,0.3510210055636087,129.88441779207395,0.015218310686575993,True,True,False
2.365,0.00793519256119409,0.11178401756047947,0.00031057167647895536,-0.009532788449405694,0.0,4.4913354641522165e-06,0.21707679961589843,0.0,0.3895639075137053,0.225,0.0,0.38999999999999996,0.33104620168380006,129.88441829428453,0.015128091986478923,True,True,False
2.37,0.007936412922662648,0.11190724957436513,0.0002051439634213223,-0.009532788449405694,0.0,4.4913354641522165e-06,0.2170756037209306,0.0,0.38956342962620255,0.225,0.0,0.38999999999999996,0.4847100186842105,129.88441879991925,0.015043277213942566,True,True,False
2.375,0.007937080305402364,0.11201464405856627,0.00010764716873653761,-0.009532788449405694,0.0,4.4913354641522165e-06,0.21707495827249934,0.0,0.3895630132819188,0.225,0.0,0.38999999999999996,0.5047399913882928,129.88441931019815,0.014928649668109768,True,True,False
2.38,0.00793717489414571,0.1121140336730351,8.572427340010471e-05,-0.009532788449405694,0.0,4.4913354641522165e-06,0.21707488480357756,0.0,0.38956262782016793,0.225,0.0,0.38999999999999996,0.5681043314153088,129.88441982773313,0.014798732504910119,True,True,False
2.3850000000000002,0.007936683844304775,0.11220941837956935,0.00017805133386028326,-0.009532788449405694,0.0,4.4913354641522165e-06,0.21707539704337964,0.0,0.38956225758216484,0.225,0.0,0.38999999999999996,0.5280038724533143,129.88442035537352,0.01463135900189011,True,True,False
2.39,0.007935602519887003,0.11230092026289647,0.00028724005757632925,-0.009532788449405694,0.0,4.4913354641522165e-06,0.21707649966379464,0.0,0.38956190209337366,0.225,0.0,0.38999999999999996,0.5057504032593124,129.88442089436754,0.01447743934923852,True,True,False
2.395,0.007933939024521667,0.11238395613570655,0.0003992247585980745,-0.009532788449405694,0.0,4.4913354641522165e-06,0.21707818355843844,0.0,0.3895615792990372,0.225,0.0,0.38999999999999996,0.38580111198413486,129.8844214432058,0.014331690522978363,True,True,False
2.4,0.007931710632052563,0.11245096016215606,0.0005057496408200238,-0.008428384850103804,0.0,3.187694399174688e-06,0.217080429786165,0.0,0.38956131881878375,0.225,0.0,0.38999999999999996,0.3500389298879666,129.88440856381877,0.012495282907072164,True,True,False
2.4050000000000002,0.007928936086901223,0.11249492340174129,0.0006119012511750676,-0.008428384850103804,0.0,3.187694399174688e-06,0.21708321804937314,0.0,0.3895611480700815,0.225,0.0,0.38999999999999996,0.23651432830620506,129.8844090674753,0.012470953533605821,True,True,False
2.41,0.007925629258341286,0.11251140813155253,0.0007147097981607238,-0.008428384850103804,0.0,3.187694399174688e-06,0.2170865334877883,0.0,0.3895610844035814,0.225,0.0,0.38999999999999996,0.15554592802076117,129.88440956478442,0.012481370207666452,True,True,False
2.415,0.007921805421156131,0.11249610403017984,0.0008161441850132764,-0.008428384850103804,0.0,3.187694399174688e-06,0.21709035985995948,0.0,0.3895611446870342,0.225,0.0,0.38999999999999996,0.12895490067146748,129.8844100534227,0.01250266287338537,True,True,False
2.42,0.00791747218640155,0.11244802793522964,0.0009173206123191381,-0.008428384850103804,0.0,3.187694399174688e-06,0.21709468932442147,0.0,0.3895613327627618,0.225,0.0,0.38999999999999996,-0.030846058194727577,129.8844105328682,0.012526775144448492,True,True,False
2.4250000000000003,0.007912635375532542,0.11236696599904551,0.0010175089195488076,-0.008428384850103804,0.0,3.187694399174688e-06,0.21709951600258057,0.0,0.38956164946372973,0.225,0.0,0.38999999999999996,-0.1937339745300189,129.88441100294054,0.012554623463088178,True,True,False
2.43,0.007907304871074475,0.1122510373640939,0.0011156108494643983,-0.008428384850103804,0.0,3.187694399174688e-06,0.21710482959045854,0.0,0.38956210214841924,0.225,0.0,0.38999999999999996,-0.3126524190124245,129.88441146332593,0.01258801308023053,True,True,False
2.435,0.007901496634334988,0.11209601107738064,0.0012104374831370481,-0.008428384850103804,0.0,3.187694399174688e-06,0.2171106131910217,0.0,0.38956270737403154,0.225,0.0,0.38999999999999996,-0.23707811554092414,129.88441191350455,0.01262933644264144,True,True,False
2.44,0.007895216766290115,0.11190238027482914,0.0013067619842361197,-0.008428384850103804,0.0,3.187694399174688e-06,0.21711686081435008,0.0,0.3895634632130287,0.225,0.0,0.38999999999999996,-0.21157992748912535,129.88441235326854,0.012670005782818367,True,True,False
2.445,0.00788846172219794,0.11167469431954517,0.0014030428600079836,-0.008428384850103804,0.0,3.187694399174688e-06,0.2171235770145681,0.0,0.3895643518654439,0.225,0.0,0.38999999999999996,-0.07357332610259884,129.88441278276545,0.012711998118144913,True,True,False
2.45,0.007881227987079537,0.11141724533981985,0.0015005046489027735,-0.0040195843394331,0.0,1.581452221011685e-06,0.21713076626059932,0.0,0.38956535653806396,0.225,0.0,0.38999999999999996,-0.019969259160620707,129.88440532048466,0.005802457744772813,True,True,False
2.455,0.007873512520676139,0.11113385940774917,0.0015976058791384111,-0.0040195843394331,0.0,1.581452221011685e-06,0.2171384324450897,0.0,0.3895664622359867,0.225,0.0,0.38999999999999996,-0.08273368214651232,129.88440555332915,0.0060933318420377984,True,True,False
2.46,0.007865318193870652,0.11082560494362964,0.0016938319705407357,-0.0040195843394331,0.0,1.581452221011685e-06,0.21714657294374998,0.0,0.38956766475624494,0.225,0.0,0.38999999999999996,-0.0552346799624645,129.88440576562928,0.00637940937327485,True,True,False
2.465,0.00785664802596084,0.11049331609709401,0.0017896780482564078,-0.0040195843394331,0.0,1.581452221011685e-06,0.21715518493238445,0.0,0.38956896083850034,0.225,0.0,0.38999999999999996,-0.08453677069204091,129.88440595825398,0.006652913020563608,True,True,False
2.47,0.007847504448518781,0.1101376335975952,0.0018848565424114342,-0.0040195843394331,0.0,1.581452221011685e-06,0.21716426613462667,0.0,0.3895703479773544,0.225,0.0,0.38999999999999996,-0.21612117135673842,129.88440613270404,0.006905189909174112,True,True,False
2.475,0.007837895847168333,0.10975665660498618,0.001977684637514649,-0.0040195843394331,0.0,1.581452221011685e-06,0.21717380776738351,0.0,0.38957183361973186,0.225,0.0,0.38999999999999996,-0.23217661088042288,129.88440629003097,0.007155958878559394,True,True,False
2.48,0.00782783146371457,0.10934851086915957,0.0020695630956911234,-0.0040195843394331,0.0,1.581452221011685e-06,0.21718380020155623,0.0,0.3895734251119355,0.225,0.0,0.38999999999999996,-0.22423221139647972,129.88440643095845,0.007394242262672041,True,True,False
2.485,0.007817314837993928,0.1089137480174618,0.002160962341055533,-0.0040195843394331,0.0,1.581452221011685e-06,0.21719424004205343,0.0,0.3895751203049828,0.225,0.0,0.38999999999999996,-0.12303665228340853,129.88440655661864,0.007616331064061995,True,True,False
2.49,0.0078063436789871645,0.10845513856655842,0.002253339536394224,-0.0040195843394331,0.0,1.581452221011685e-06,0.21720513020621096,0.0,0.38957690836413605,0.225,0.0,0.38999999999999996,-0.045002165654549856,129.8844066686304,0.007807691998701678,True,True,False
2.495,0.007794914080100092,0.10797569973468572,0.002345779418108985,-0.0040195843394331,0.0,1.581452221011685e-06,0.21721647527702911,0.0,0.38957877748986597,0.225,0.0,0.38999999999999996,-0.15142108128209308,129.88440676875095,0.00797734846721304,True,True,False
2.5,0.007783029756995731,0.1074752580932896,0.002436711468790147,5.811208015182347e-05,0.0,-4.395749139514932e-08,0.2172282715240619,0.0,0.38958072837614033,0.225,0.0,0.38999999999999996,-0.2349006941420548,129.88439670229417,0.0017135800229249698,True,True,False
2.505,0.007770700571951366,0.10695103036598456,0.002525765849274318,5.811208015182347e-05,0.0,-4.395749139514932e-08,0.21724050851567706,0.0,0.3895827719045355,0.225,0.0,0.38999999999999996,-0.19718505869876157,129.8843967263248,0.002074170624089058,True,True,False
2.5100000000000002,0.007757931458200568,0.10640221158473913,0.002614921896029568,5.811208015182347e-05,0.0,-4.395749139514932e-08,0.2172531811813113,0.0,0.3895849112136562,0.225,0.0,0.38999999999999996,-0.17741858418949535,129.88439674347813,0.0024046573263803673,True,True,False
2.515,0.007744722269506071,0.10583030687919064,0.002703790531691041,5.811208015182347e-05,0.0,-4.395749139514932e-08,0.21726629002301212,0.0,0.38958714043111325,0.225,0.0,0.38999999999999996,-0.1994254589306105,129.88439675441762,0.002709670738920167,True,True,False
2.52,0.007731076279519693,0.10523546871000879,0.0027916424337931438,5.811208015182347e-05,0.0,-4.395749139514932e-08,0.21727983183395919,0.0,0.38958945898158404,0.225,0.0,0.38999999999999996,-0.21172875621341147,129.8843967596504,0.0029975910702928345,True,True,False
2.525,0.007716998673798849,0.10461728119309187,0.0028785676050927097,5.811208015182347e-05,0.0,-4.395749139514932e-08,0.21729380137663337,0.0,0.3895918685155058,0.225,0.0,0.38999999999999996,-0.1263496400509847,129.884396759575,0.003268581210267887,True,True,False
2.5300000000000002,0.007702489648658257,0.10397743483464059,0.002966073752862315,5.811208015182347e-05,0.0,-4.395749139514932e-08,0.21730819884857433,0.0,0.3895943624344143,0.225,0.0,0.38999999999999996,-0.04583143858511261,129.88439675470414,0.0035077348443865487,True,True,False
2.535,0.007687546596507871,0.10331851555943274,0.003053557784655174,5.811208015182347e-05,0.0,-4.395749139514932e-08,0.21732302743532367,0.0,0.3895969306329097,0.225,0.0,0.38999999999999996,-0.08965328088387182,129.88439674562116,0.0037212599036502377,True,True,False
2.54,0.00767217165002253,0.10264112232160472,0.003140114608832077,5.811208015182347e-05,0.0,-4.395749139514932e-08,0.21733828516110223,0.0,0.38959957078675106,0.225,0.0,0.38999999999999996,-0.12865803267063874,129.88439673274624,0.003918821242913661,True,True,False
2.545,0.007656370219375157,0.10194471381016534,0.0032255799284563375,5.811208015182347e-05,0.0,-4.395749139514932e-08,0.21735396653521447,0.0,0.38960228503735156,0.225,0.0,0.38999999999999996,-0.13989286749365143,129.88439671637101,0.004103088390333306,True,True,False
2.5500000000000003,0.007640147495708892,0.10122904041935925,0.0033101562672728105,0.00371765351210682,0.0,-1.5073552463179302e-06,0.21737006634933187,0.0,0.3896050743834734,0.225,0.0,0.38999999999999996,-0.21935544170871074,129.8843875307855,0.0014961259083984511,True,True,False
2.555,0.007623511254154327,0.10049260355146654,0.0033928558785987334,0.00371765351210682,0.0,-1.5073552463179302e-06,0.21738657656012098,0.0,0.3896079446884453,0.225,0.0,0.38999999999999996,-0.26999547002318103,129.88438755069305,0.0011539140206167347,True,True,False
2.56,0.007606472473440757,0.09973269488944979,0.003473623497548456,0.00371765351210682,0.0,-1.5073552463179302e-06,0.21740348568211093,0.0,0.3896109065570865,0.225,0.0,0.38999999999999996,-0.15258736029003858,129.8843875754627,0.0008233690331618188,True,True,False
2.565,0.00758903191348596,0.09895121961703103,0.003555733142796577,0.00371765351210682,0.0,-1.5073552463179302e-06,0.21742079339560486,0.0,0.3896139525523963,0.225,0.0,0.38999999999999996,-0.06322087615042746,129.884387604517,0.0005371032692007721,True,True,False
2.57,0.007571183892545842,0.09815224159849087,0.003637965621954843,0.00371765351210682,0.0,-1.5073552463179302e-06,0.21743850625310412,0.0,0.3896170667807566,0.225,0.0,0.38999999999999996,-0.07858331524531482,129.88438763711665,0.00028278036507865985,True,True,False
2.575,0.007552929707570102,0.09733683408332103,0.003719358827193732,0.00371765351210682,0.0,-1.5073552463179302e-06,0.21745662321270803,0.0,0.3896202450626527,0.225,0.0,0.38999999999999996,-0.06709884051031678,129.88438767271285,4.9213018820243315e-05,True,True,False
2.58,0.007534273234148704,0.0965053533980426,0.0038000148634406493,0.00371765351210682,0.0,-1.5073552463179302e-06,0.21747514050677072,0.0,0.389623486024208,0.225,0.0,0.38999999999999996,0.05130523451496925,129.88438771090355,0.00017014102752849897,True,True,False
2.585,0.00751521711406123,0.09565898545394094,0.0038801699718026806,0.00371765351210682,0.0,-1.5073552463179302e-06,0.21749405576469838,0.0,0.38962678503778503,0.225,0.0,0.38999999999999996,-0.0003425509485794481,129.88438775135583,0.0003753037270396581,True,True,False
2.59,0.007495764481247544,0.09479866028293149,0.00395942494257748,0.00371765351210682,0.0,-1.5073552463179302e-06,0.21751336606927285,0.0,0.38963013847778233,0.225,0.0,0.38999999999999996,-0.07498661301776856,129.88438779376304,0.0005702588101418027,True,True,False
2.595,0.007475920313172192,0.09392458075744416,0.004037595269195494,0.00371765351210682,0.0,-1.5073552463179302e-06,0.21753306651441143,0.0,0.38963354556804886,0.225,0.0,0.38999999999999996,-0.012287237885208933,129.88438783786444,0.0007563937785289303,True,True,False
2.6,0.007455688520641065,0.09303741383980518,0.004115207357672677,0.006711162855147154,0.0,-2.6687502065799963e-06,0.2175531533510388,0.0,0.38963700371396615,0.225,0.0,0.38999999999999996,0.012369726110583124,129.88438153130647,0.00378965217268227,True,True,False
2.605,0.0074350718379688485,0.09213816796706031,0.0041921356681630575,0.006711162855147154,0.0,-2.6687502065799963e-06,0.21757362407173703,0.0,0.38964050895995356,0.225,0.0,0.38999999999999996,-0.09521704635472913,129.88438167606765,0.003474650950452049,True,True,False
2.61,0.007414074962496483,0.09122687748005694,0.004267887606034477,0.006711162855147154,0.0,-2.6687502065799963e-06,0.21759447401608661,0.0,0.3896440611694394,0.225,0.0,0.38999999999999996,-0.06332101907608004,129.8843818313925,0.00317234809136336,True,True,False
2.615,0.007392702192623267,0.09030374737370503,0.004343110429452196,0.006711162855147154,0.0,-2.6687502065799963e-06,0.21761569895494132,0.0,0.3896476595612734,0.225,0.0,0.38999999999999996,-0.11134931358358703,129.88438199632344,0.002887962137759689,True,True,False
2.62,0.007370957719014274,0.08936899786116988,0.004417178704979261,0.006711162855147154,0.0,-2.6687502065799963e-06,0.21763729477002758,0.0,0.3896513032950646,0.225,0.0,0.38999999999999996,-0.12137870815093309,129.88438216991864,0.0026159264719347293,True,True,False
2.625,0.0073488469045322235,0.08842245437993138,0.004490341434809838,0.006711162855147154,0.0,-2.6687502065799963e-06,0.21765925609696188,0.0,0.38965499307795143,0.225,0.0,0.38999999999999996,0.04556670020451255,129.88438235132955,0.0023582499247223445,True,True,False
2.63,0.007326371593092066,0.08746535464939813,0.004563478863859082,0.006711162855147154,0.0,-2.6687502065799963e-06,0.21768158135472304,0.0,0.389658724081528,0.225,0.0,0.38999999999999996,0.049225949631719966,129.88438253953353,0.002121510602290111,True,True,False
2.6350000000000002,0.007303533317862635,0.08649894797215153,0.004635809522142712,0.006711162855147154,0.0,-2.6687502065799963e-06,0.21770426926942413,0.0,0.3896624914340933,0.225,0.0,0.38999999999999996,0.013875482672458361,129.88438273368197,0.0018922358828426227,True,True,False
2.64,0.0072803365190959165,0.08552342115784548,0.004707185097267225,0.006711162855147154,0.0,-2.6687502065799963e-06,0.2177273154596499,0.0,0.3896662944294227,0.225,0.0,0.38999999999999996,-0.07940970049484278,129.88438293326874,0.001668995121058458,True,True,False
2.645,0.007256786818656168,0.08453869658774855,0.0047773307038432525,0.006711162855147154,0.0,-2.6687502065799963e-06,0.2177507143141969,0.0,0.38967013339509404,0.225,0.0,0.38999999999999996,-0.021071914055813573,129.884383137809,0.0014516748049722477,True,True,False
2.65,0.007232888927139549,0.08354525765039295,0.004846783813082446,0.008766804978877411,0.0,-3.5156012347766435e-06,0.2177744612351089,0.0,0.3896740064580487,0.225,0.0,0.38999999999999996,-0.04209901142399504,129.88437919537958,0.004481257158098217,True,True,False
2.6550000000000002,0.007208646943537168,0.08254394400753959,0.0049151761542201204,0.008766804978877411,0.0,-3.5156012347766435e-06,0.21779855229800474,0.0,0.3896779103354734,0.225,0.0,0.38999999999999996,0.011227981646607703,129.8843795173804,0.004159686035119893,True,True,False
2.66,0.0071840656168799056,0.08153546091542394,0.004982649233421974,0.008766804978877411,0.0,-3.5156012347766435e-06,0.21782298290054317,0.0,0.3896818422690862,0.225,0.0,0.38999999999999996,0.14234588257316733,129.88437985227804,0.003847541377068067,True,True,False
2.665,0.007159147030646293,0.08052170591735273,0.005049906095576728,0.008766804978877411,0.0,-3.5156012347766435e-06,0.21784775131013057,0.0,0.38968579483665516,0.225,0.0,0.38999999999999996,0.20418510535865503,129.88438019905163,0.003545547068289469,True,True,False
2.67,0.007133890758296721,0.07950559187892313,0.005117058346475113,0.008766804978877411,0.0,-3.5156012347766435e-06,0.21787285846887283,0.0,0.38968975663328026,0.225,0.0,0.38999999999999996,0.294428071130834,129.8843805566704,0.0032538733206574624,True,True,False
2.6750000000000003,0.007108292891073781,0.0784913684490374,0.005185167057384273,0.008766804978877411,0.0,-3.5156012347766435e-06,0.21789830901268537,0.0,0.3896937110090387,0.225,0.0,0.38999999999999996,0.40260412339403956,129.88438092407003,0.0029749149866766487,True,True,False
2.68,0.007082341592933137,0.0774867909168769,0.005255777023535023,0.008766804978877411,0.0,-3.5156012347766435e-06,0.2179241160733158,0.0,0.38969762755568205,0.225,0.0,0.38999999999999996,0.2745091902291036,129.88438129985798,0.002717385047883987,True,True,False
2.685,0.007056041448047591,0.07649203836593534,0.0053220487509959905,0.008766804978877411,0.0,-3.5156012347766435e-06,0.2179502750415513,0.0,0.38970150556656646,0.225,0.0,0.38999999999999996,0.2470719660723021,129.88438168284267,0.002466792329049977,True,True,False
2.69,0.007029409171896876,0.0755020530524151,0.0053869878649692405,0.008766804978877411,0.0,-3.5156012347766435e-06,0.21797676830442417,0.0,0.38970536487614865,0.225,0.0,0.38999999999999996,0.13628666177553672,129.88438207215975,0.0022277948049823585,True,True,False
2.695,0.007002455728315625,0.07451427667022266,0.0054493594855467955,0.008766804978877411,0.0,-3.5156012347766435e-06,0.21800358444525314,0.0,0.3897092155225662,0.225,0.0,0.38999999999999996,0.18822183400697806,129.88438246692093,0.0019971456357613373,True,True,False
2.7,0.006975188169427429,0.0735279029763298,0.005511695707139731,0.008585044934292674,0.0,-4.118531918316551e-06,0.21803071626183027,0.0,0.38971306067574624,0.225,0.0,0.38999999999999996,0.16659631970213645,129.884374147814,0.0014927574814843523,True,True,False
2.705,0.006947608860347072,0.0725439769586729,0.005572988114704008,0.008585044934292674,0.0,-4.118531918316551e-06,0.21805816154489166,0.0,0.3897168962388944,0.225,0.0,0.38999999999999996,0.20061520639406846,129.88437453772858,0.0012956616686022734,True,True,False
2.71,0.0069197206547830644,0.07156318291662644,0.005634133136904941,0.008585044934292674,0.0,-4.118531918316551e-06,0.21808591753308493,0.0,0.3897207195299902,0.225,0.0,0.38999999999999996,0.20400587297745015,129.88437492967157,0.0011102428114155944,True,True,False
2.715,0.006891525083940407,0.07058660483005548,0.0056946870404732276,0.008585044934292674,0.0,-4.118531918316551e-06,0.21811398284731917,0.0,0.3897245263069453,0.225,0.0,0.38999999999999996,0.14779995421455988,129.88437532284476,0.0009354272737232463,True,True,False
2.72,0.006863027858995453,0.06961340068905743,0.0057537175464041895,0.008585044934292674,0.0,-4.118531918316551e-06,0.21814235161974704,0.0,0.38972831988265305,0.225,0.0,0.38999999999999996,0.09809562700774163,129.88437571655942,0.0007691212806042892,True,True,False
2.725,0.006834236579907804,0.06864196424530188,0.005811523976338819,0.008585044934292674,0.0,-4.118531918316551e-06,0.21817101598042085,0.0,0.3897321065687956,0.225,0.0,0.38999999999999996,0.12805449273494027,129.8843761102011,0.0006115798134310796,True,True,False
2.73,0.006805155476477807,0.06767221533581201,0.005868921286139934,0.008585044934292674,0.0,-4.118531918316551e-06,0.21819997167511462,0.0,0.3897358866913758,0.225,0.0,0.38999999999999996,0.17711226112637965,129.8843765031382,0.0004642075440551615,True,True,False
2.735,0.00677578517720883,0.06670557073608448,0.005926306691982743,0.008585044934292674,0.0,-4.118531918316551e-06,0.21822921828040714,0.0,0.3897396547036913,0.225,0.0,0.38999999999999996,0.13151735443778004,129.88437689471402,0.0003276624161699729,True,True,False
2.74,0.006746128907064815,0.06574218321801108,0.005982415980990459,0.008585044934292674,0.0,-4.118531918316551e-06,0.21825875257748215,0.0,0.38974341001747564,0.225,0.0,0.38999999999999996,-0.014857707823863753,129.88437728434556,0.00019934133062082457,True,True,False
2.745,0.00671619413997571,0.0647803793198879,0.006037087628028607,0.008585044934292674,0.0,-4.118531918316551e-06,0.2182885668251537,0.0,0.38974715920934966,0.225,0.0,0.38999999999999996,-0.20952831565793784,129.8843776715568,7.858894503830899e-05,True,True,False
2.75,0.006685992946319723,0.06381677654915524,0.006088870183017695,0.007787219550251935,0.0,-4.458392588093648e-06,0.21831864844349272,0.0,0.38975091556332286,0.225,0.0,0.38999999999999996,-0.1653192951644224,129.88436974048662,0.0012949360174216223,True,True,False
2.755,0.006655533224268188,0.06285007922917954,0.006140621178547795,0.007787219550251935,0.0,-4.458392588093648e-06,0.21834898935173377,0.0,0.38975468417094095,0.225,0.0,0.38999999999999996,-0.12195423462243157,129.88437006013817,0.0013560125987020707,True,True,False
2.7600000000000002,0.006624814857326077,0.0618822863868355,0.006192190733744235,0.007787219550251935,0.0,-4.458392588093648e-06,0.21837958996985785,0.0,0.38975845719501206,0.225,0.0,0.38999999999999996,-0.19403341498629037,129.88437037429657,0.0014089464643251273,True,True,False
2.765,0.006593843150541415,0.060913043382521743,0.00624187910492982,0.007787219550251935,0.0,-4.458392588093648e-06,0.2184104449472894,0.0,0.38976223603881577,0.225,0.0,0.38999999999999996,-0.1975953048784326,129.88437068276963,0.0014568383972492866,True,True,False
2.77,0.006562625506816437,0.059941235515428376,0.0062906793933875365,0.007787219550251935,0.0,-4.458392588093648e-06,0.21844154673086263,0.0,0.38976602508839825,0.225,0.0,0.38999999999999996,-0.10149070538034255,129.88437098541357,0.0014981815705532447,True,True,False
2.775,0.006531162068104704,0.05896878534261156,0.00634008047400279,0.007787219550251935,0.0,-4.458392588093648e-06,0.21847289546130982,0.0,0.3897698168102146,0.225,0.0,0.38999999999999996,-0.08293564516046179,129.8843712820219,0.0015304258079632893,True,True,False
2.7800000000000002,0.006499452053902417,0.05799778929929962,0.006388914275620928,0.007787219550251935,0.0,-4.458392588093648e-06,0.21850449221434162,0.0,0.38977360298714936,0.225,0.0,0.38999999999999996,0.023323693678762136,129.88437157239414,0.0015556064443819888,True,True,False
2.785,0.006467497517669886,0.05702903523801915,0.006437412824919849,0.007787219550251935,0.0,-4.458392588093648e-06,0.21853633503996117,0.0,0.3897773805367172,0.225,0.0,0.38999999999999996,0.0858702978028545,129.8843718563816,0.0015734783362005116,True,True,False
2.79,0.0064353000927363,0.056063431305523936,0.0064854943448915065,0.007787219550251935,0.0,-4.458392588093648e-06,0.21856842241994226,0.0,0.3897811459041498,0.225,0.0,0.38999999999999996,0.03532742917031316,129.88437213384802,0.0015841384648801367,True,True,False
2.795,0.006402863221286986,0.055101057421763106,0.0065326257967831345,0.007787219550251935,0.0,-4.458392588093648e-06,0.21860075091141856,0.0,0.3897848987847567,0.225,0.0,0.38999999999999996,-0.071294761606495,129.8843724046955,0.0015888361716697354,True,True,False
2.8000000000000003,0.006370192143878222,0.05414123898238448,0.006578725548538092,0.007005134818453792,0.0,-4.477693230720928e-06,0.21863331517380208,0.0,0.3897886418352916,0.225,0.0,0.38999999999999996,-0.003202371790810024,129.8843680960388,0.00282068638335005,True,True,False
2.805,0.006337290599026249,0.05318395449839449,0.006624392816230889,0.007005134818453792,0.0,-4.477693230720928e-06,0.21866611145845832,0.0,0.3897923751463975,0.225,0.0,0.38999999999999996,0.016840562818792218,129.88436829803112,0.0027688981176621575,True,True,False
2.81,0.006304161346002331,0.052229552916875685,0.006669363395567588,0.007005134818453792,0.0,-4.477693230720928e-06,0.21869913704422728,0.0,0.38979609735411014,0.225,0.0,0.38999999999999996,0.11650873897109904,129.8843684927874,0.0027122645567370625,True,True,False
2.815,0.00627080626532393,0.051278794447534,0.006714207866387105,0.007005134818453792,0.0,-4.477693230720928e-06,0.21873239013879164,0.0,0.3897998054823189,0.225,0.0,0.38999999999999996,0.11960766462434555,129.88436868040287,0.002649740521748159,True,True,False
2.82,0.006237227077779199,0.050332421405937286,0.006758412435612107,0.007005134818453792,0.0,-4.477693230720928e-06,0.2187658691028095,0.0,0.38980349662476965,0.225,0.0,0.38999999999999996,0.17290762163055357,129.8843688609777,0.0025824403113962023,True,True,False
2.825,0.006203425053855804,0.04939129199013407,0.006802669410438369,0.007005134818453792,0.0,-4.477693230720928e-06,0.2187995727570837,0.0,0.3898071674194873,0.225,0.0,0.38999999999999996,0.12339039955665959,129.88436903461582,0.0025091675173829157,True,True,False
2.83,0.006169403395847027,0.048455341390458206,0.00684561124886103,0.007005134818453792,0.0,-4.477693230720928e-06,0.2188334978731976,0.0,0.3898108181276379,0.225,0.0,0.38999999999999996,-0.05224962779772607,129.88436920144179,0.0024326017850108553,True,True,False
2.835,0.006135169804329681,0.04752263818811826,0.006887048485677071,0.007005134818453792,0.0,-4.477693230720928e-06,0.21886763650152483,0.0,0.3898144563379472,0.225,0.0,0.38999999999999996,-0.08742246872484266,129.88436936162302,0.002353358525374164,True,True,False
2.84,0.006100730961759832,0.04659185256337657,0.006927505856378273,0.007005134818453792,0.0,-4.477693230720928e-06,0.2189019817949343,0.0,0.38981808727789846,0.225,0.0,0.38999999999999996,-0.23125575274172105,129.88436951532265,0.0022706047323759262,True,True,False
2.845,0.006066097912626494,0.045660023401775496,0.006964890530858245,0.007005134818453792,0.0,-4.477693230720928e-06,0.21893652236359515,0.0,0.3898217225802585,0.225,0.0,0.38999999999999996,-0.29251737025761615,129.88436966273585,0.0021881671975819547,True,True,False
2.85,0.006031285909118513,0.04472279445587441,0.006999812412635711,0.005891084951925243,0.0,-4.2095494764099855e-06,0.21897124247060537,0.0,0.3898253793560342,0.225,0.0,0.38999999999999996,-0.33136342475314906,129.88436649416056,0.003861664167559114,True,True,False
2.855,0.005996307455263316,0.043777265148744325,0.00703258971916063,0.005891084951925243,0.0,-4.2095494764099855e-06,0.21900612932309171,0.0,0.38982906900063075,0.225,0.0,0.38999999999999996,-0.20258540655034232,129.8843665669521,0.0037154288440899453,True,True,False
2.86,0.00596116099185966,0.04282653582933882,0.007067818432736662,0.005891084951925243,0.0,-4.2095494764099855e-06,0.21904118488084942,0.0,0.3898327793474129,0.225,0.0,0.38999999999999996,-0.24736569558225835,129.88436663491774,0.0035623744609686696,True,True,False
2.865,0.005925843977019638,0.04187377637683596,0.007101202825745085,0.005891084951925243,0.0,-4.2095494764099855e-06,0.2190764120736059,0.0,0.3898364979564107,0.225,0.0,0.38999999999999996,-0.14938492375887286,129.8843666982883,0.0034096527253347003,True,True,False
2.87,0.005890357962046715,0.040920383185230565,0.007135680858556018,0.005891084951925243,0.0,-4.2095494764099855e-06,0.21911180952541606,0.0,0.38984021935015134,0.225,0.0,0.38999999999999996,-0.2749149692963953,129.88436675730082,0.0032523168553447498,True,True,False
2.875,0.005854709049642081,0.0399657197835454,0.007166686242761021,0.005891084951925243,0.0,-4.2095494764099855e-06,0.21914737108511376,0.0,0.3898439460330581,0.225,0.0,0.38999999999999996,-0.13080674429961595,129.88436681219667,0.003098201913388046,True,True,False
2.88,0.005818900752894634,0.039010400832677775,0.007199749672340144,0.005891084951925243,0.0,-4.2095494764099855e-06,0.21918309332650807,0.0,0.38984767559643085,0.225,0.0,0.38999999999999996,-0.29031118103485043,129.88436686320082,0.002938053955806263,True,True,False
2.8850000000000002,0.005782938357788713,0.03805411554356748,0.007228647895790629,0.005891084951925243,0.0,-4.2095494764099855e-06,0.21921897095288045,0.0,0.38985140926561845,0.225,0.0,0.38999999999999996,-0.33768800609212957,129.88436691053133,0.0027824543775681583,True,True,False
2.89,0.005746840116924552,0.037091543545376075,0.0072551303876725905,0.005891084951925243,0.0,-4.2095494764099855e-06,0.21925498520424327,0.0,0.38985516793853,0.225,0.0,0.38999999999999996,-0.19323221501491716,129.88436695443755,0.0026289432732763763,True,True,False
2.895,0.0057106040464575,0.03612594986140675,0.007284478732883054,0.005891084951925243,0.0,-4.2095494764099855e-06,0.21929113843985829,0.0,0.38985893879855527,0.225,0.0,0.38999999999999996,-0.06614452629913006,129.88436699509833,0.0024683934410684753,True,True,False
2.9,0.005674218567492586,0.03516405088157708,0.007314734225133082,0.005776045283962724,0.0,-3.6625320093087232e-06,0.2193274429206457,0.0,0.38986269547296215,0.225,0.0,0.38999999999999996,-0.0296068453646953,129.88437351317552,0.0024851868617185354,True,True,False
2.9050000000000002,0.005637681992773283,0.034208060196749775,0.007344478130236514,0.005776045283962724,0.0,-3.6625320093087232e-06,0.21936390054083338,0.0,0.3898664292770784,0.225,0.0,0.38999999999999996,-0.009638946416384318,129.88437354365658,0.0023124518205512095,True,True,False
2.91,0.005600997176416787,0.033258213904242925,0.007373578616080887,0.005776045283962724,0.0,-3.6625320093087232e-06,0.21940050845462553,0.0,0.3898701392918988,0.225,0.0,0.38999999999999996,0.059731888750167716,129.88437357153623,0.0021385309078672575,True,True,False
2.915,0.005564167065856423,0.032314699189045684,0.007402138402101234,0.005776045283962724,0.0,-3.6625320093087232e-06,0.2194372637172274,0.0,0.3898738247841824,0.225,0.0,0.38999999999999996,-0.027985693534156544,129.88437359697483,0.001963261256901907,True,True,False
2.92,0.005527195282519426,0.03137738886062924,0.007429820166840268,0.005776045283962724,0.0,-3.6625320093087232e-06,0.21947416268123732,0.0,0.38987748625516055,0.225,0.0,0.38999999999999996,0.002904132111077231,129.88437362012445,0.0017874164990622993,True,True,False
2.9250000000000003,0.0054900857196146105,0.0304460210251437,0.007456873866635201,0.005776045283962724,0.0,-3.6625320093087232e-06,0.21951120141742653,0.0,0.3898811247348871,0.225,0.0,0.38999999999999996,0.13318410373984554,129.88437364112886,0.0016106828323694485,True,True,False
2.93,0.005452839457931479,0.029521523688973584,0.00748403156996204,0.005776045283962724,0.0,-3.6625320093087232e-06,0.2195483789110087,0.0,0.3898847365797846,0.225,0.0,0.38999999999999996,0.25326016207955315,129.88437366011553,0.0014316270833405712,True,True,False
2.935,0.005415451308318235,0.028607311674771835,0.007512774110539298,0.005776045283962724,0.0,-3.6625320093087232e-06,0.2195857006127867,0.0,0.38988830837816846,0.225,0.0,0.38999999999999996,0.09717536749133779,129.88437367718873,0.0012475812746625672,True,True,False
2.94,0.005377925345235057,0.02770259547032424,0.007538372156092291,0.005776045283962724,0.0,-3.6625320093087232e-06,0.2196231623483327,0.0,0.38989184323167503,0.225,0.0,0.38999999999999996,0.16030237029060268,129.8843736924634,0.0010671484837458142,True,True,False
2.945,0.005340269998959053,0.026804966881964428,0.007564077594885476,0.005776045283962724,0.0,-3.6625320093087232e-06,0.21966075546871977,0.0,0.389895350599733,0.225,0.0,0.38999999999999996,0.129253013737147,129.884373706056,0.0008847557067482121,True,True,False
2.95,0.005302487580313016,0.025914614376842064,0.007588733197928883,0.0045563826136981395,0.0,-3.0204762529662714e-06,0.21969847766029538,0.0,0.3898988297425794,0.225,0.0,0.38999999999999996,0.04668277691863576,129.88437381552188,0.002625232547189638,True,True,False
2.955,0.005264584481105141,0.025030009759335888,0.007612072838565399,0.0045563826136981395,0.0,-3.0204762529662714e-06,0.21973632240133167,0.0,0.3899022866643171,0.225,0.0,0.38999999999999996,-0.04292556091556532,129.8843738069445,0.0023749006636521715,True,True,False
2.96,0.005226566613241441,0.02414995457400371,0.007634522338639936,0.0045563826136981395,0.0,-3.0204762529662714e-06,0.2197742836864758,0.0,0.3899057260735029,0.225,0.0,0.38999999999999996,-0.1290002580232862,129.88437379963318,0.002126569637531598,True,True,False
2.965,0.00518844035210401,0.023273224140265603,0.007655464117814998,0.0045563826136981395,0.0,-3.0204762529662714e-06,0.21981235505550467,0.0,0.38990915278103766,0.225,0.0,0.38999999999999996,-0.2569798127663938,129.8843737936309,0.0018812924318240432,True,True,False
2.97,0.00515021889936214,0.022396005839819006,0.007673082058017215,0.0045563826136981395,0.0,-3.0204762529662714e-06,0.2198505230592375,0.0,0.3899125817644758,0.225,0.0,0.38999999999999996,-0.16990331548789384,129.88437378895352,0.0016423757304348044,True,True,False
2.975,0.005111908165387411,0.0215177616195582,0.007691779424564947,0.0045563826136981395,0.0,-3.0204762529662714e-06,0.21988878178569524,0.0,0.38991601513759216,0.225,0.0,0.38999999999999996,-0.3525826156898452,129.88437378561252,0.00140266637836677,True,True,False
2.98,0.005073520638991286,0.02063525997812678,0.007704759844709245,0.0045563826136981395,0.0,-3.0204762529662714e-06,0.21992711858171285,0.0,0.38991946559575286,0.225,0.0,0.38999999999999996,-0.39580440104507925,129.88437378359566,0.0011735868919156792,True,True,False
2.985,0.005035079523931916,0.019741498535476982,0.007715088508933776,0.0045563826136981395,0.0,-3.0204762529662714e-06,0.21996550988175004,0.0,0.3899229606492637,0.225,0.0,0.38999999999999996,-0.47167203659099244,129.88437378285838,0.0009506149969684635,True,True,False
2.99,0.004996604211940962,0.01883152290490575,0.007720997692705711,0.0045563826136981395,0.0,-3.0204762529662714e-06,0.22000393611873056,0.0,0.38992651976414644,0.225,0.0,0.38999999999999996,-0.3804287854481735,129.88437378334928,0.0007370491284915324,True,True,False
2.995,0.004958098741705287,0.017907054126475672,0.007729648049225864,0.0045563826136981395,0.0,-3.0204762529662714e-06,0.2200423935029766,0.0,0.3899301361812456,0.225,0.0,0.38999999999999996,-0.4323690977491263,129.8843737850316,0.0005207225679912776,True,True,False
3.0,0.2549191265509012,0.016971044459006098,0.007735113532086053,0.2545563826136981,0.0,-2.163018143549697e-06,0.22008088204528495,0.0,0.38993379830451663,0.475,0.0,0.38999999999999996,-0.4434388705885129,129.88611981570307,0.3936573759246821,True,True,False
3.005,0.2548806161189953,0.016026108139280536,0.007739569949743047,0.2545563826136981,0.0,-2.163018143549697e-06,0.2201193915445248,0.0,0.38993749747675754,0.475,0.0,0.38999999999999996,-0.5593416738362191,129.88613481701415,0.3797234076508114,True,True,False
3.0100000000000002,0.25484210252934425,0.015070574939229864,0.007738112973365455,0.2545563826136981,0.0,-2.163018143549697e-06,0.22015790424446818,0.0,0.3899412419778749,0.475,0.0,0.38999999999999996,-0.5973629522259337,129.88618208719637,0.3661475839759244,True,True,False
3.015,0.25480361033931614,0.014095431091404861,0.0077342293033012145,0.2545563826136981,0.0,-2.163018143549697e-06,0.22019639558207674,0.0,0.3899450674547333,0.475,0.0,0.38999999999999996,-0.5521816157022424,129.88626037391435,0.35292847886417,True,True,False
3.02,0.2547651400894529,0.013100806436516012,0.007732643009321893,0.2545563826136981,0.0,-2.163018143549697e-06,0.22023486502050926,0.0,0.38994897372787096,0.475,0.0,0.38999999999999996,-0.6512690049163419,129.88636840644335,0.3400681084213287,True,True,False
3.025,0.25472670346448906,0.012081786577464044,0.007724945740450371,0.2545563826136981,0.0,-2.163018143549697e-06,0.2202733008751241,0.0,0.3899529805284537,0.475,0.0,0.38999999999999996,-0.6108989572604647,129.88650492126533,0.3275460665606021,True,True,False
3.0300000000000002,0.25468831326747576,0.011033333463196552,0.007719284031682579,0.2545563826136981,0.0,-2.163018143549697e-06,0.22031169034421402,0.0,0.38995710815495466,0.475,0.0,0.38999999999999996,-0.617687556396348,129.88666865997,0.3153705248112246,True,True,False
3.035,0.25464996642972604,0.009956630269679002,0.0077127762830038315,0.2545563826136981,0.0,-2.163018143549697e-06,0.22035003650297896,0.0,0.3899613525360597,0.475,0.0,0.38999999999999996,-0.5913072252728493,129.88685835888523,0.303531375185355,True,True,False
3.04,0.2546116630169902,0.008851611343177248,0.007707290884542854,0.2545563826136981,0.0,-2.163018143549697e-06,0.2203883392914085,0.0,0.38996571457378015,0.475,0.0,0.38999999999999996,-0.5548914512066904,129.88707276505014,0.29202669550185034,True,True,False
3.045,0.25457339599703804,0.007720995707617017,0.0077032721361437835,0.2545563826136981,0.0,-2.163018143549697e-06,0.22042660574897457,0.0,0.38997018428759855,0.475,0.0,0.38999999999999996,-0.4912449712144844,129.88731063166006,0.2808523638988211,True,True,False
3.0500000000000003,0.2545351533040353,0.006569355041627719,0.007701900821662186,0.5045563826136981,0.0,-2.0640875452955808e-05,0.2204648479489191,0.0,0.38997474446847985,0.475,0.0,0.38999999999999996,-0.6820483159152477,129.89052784597112,0.6632078656170975,True,True,False
3.055,0.254496959194393,0.005390453181547691,0.007689821062494001,0.5045563826136981,0.0,-2.0640875452955808e-05,0.2205030416374018,0.0,0.38997942383640005,0.475,0.0,0.38999999999999996,-0.5828196474633152,129.89112923491834,0.6385484811285354,True,True,False
3.06,0.2544588274913984,0.00418209567331828,0.007683752714546428,0.5045563826136981,0.0,-2.0640875452955808e-05,0.2205411729968992,0.0,0.38998423601259924,0.475,0.0,0.38999999999999996,-0.6811442778816823,129.89183635118783,0.614581026999945,True,True,False
3.065,0.25442075871362524,0.00294218785015254,0.007672148332506674,0.5045563826136981,0.0,-2.0640875452955808e-05,0.22057924151596225,0.0,0.38998919149971717,0.475,0.0,0.38999999999999996,-0.806568470908988,129.89264418381575,0.5912729738284664,True,True,False
3.0700000000000003,0.25438280033854876,0.0016501527566140314,0.0076519714655746505,0.5045563826136981,0.0,-2.0640875452955808e-05,0.22061719972367133,0.0,0.389994373681105,0.475,0.0,0.38999999999999996,-0.825762649503072,129.89354783269363,0.5686058514710435,True,True,False
3.075,0.25434498856800936,0.00029121692187193254,0.007630113376579803,0.5045563826136981,0.0,-2.0640875452955808e-05,0.22065501143203886,0.0,0.38999984335435567,0.475,0.0,0.38999999999999996,-0.7973420001042033,129.89454244112952,0.5465801422862953,True,True,False
3.08,0.25430732707897513,0.001135723387450344,0.00760990799637413,0.5045563826136981,0.0,-2.0640875452955808e-05,0.2206926729828551,0.0,0.3900056078327071,0.475,0.0,0.38999999999999996,-0.6846958274085193,129.8956231713578,0.5251915378378526,True,True,False
3.085,0.2542697911025675,0.002620477648703842,0.007596536030616434,0.5045563826136981,0.0,-2.0640875452955808e-05,0.22073020916341227,0.0,0.3900116301865623,0.475,0.0,0.38999999999999996,-0.7350261475553082,129.89678521511948,0.5044405167576627,True,True,False
3.09,0.2542323728062269,0.004160121057596982,0.0075796592969037905,0.5045563826136981,0.0,-2.0640875452955808e-05,0.22076762782408133,0.0,0.3900179022211348,0.475,0.0,0.38999999999999996,-0.5877147942164811,129.8980238590726,0.48429729191111764,True,True,False
3.095,0.2541950610462157,0.005749985244860916,0.007570426291475306,0.5045563826136981,0.0,-2.0640875452955808e-05,0.22080494012571836,0.0,0.3900244090087746,0.475,0.0,0.38999999999999996,-0.6115953888330622,129.89933447025373,0.4647736876921013,True,True,False
3.1,0.2541578382436721,0.00738323294809005,0.00755944586593953,0.7545563826136981,0.0,-0.00010200833403596187,0.22084216366243314,0.0,0.39003112720993993,0.475,0.0,0.38999999999999996,-0.5345964645581398,129.9080617378253,0.8375627763333047,True,True,False
3.105,0.25412070106975543,0.009054664847483783,0.007551582915268922,0.7545563826136981,0.0,-0.00010200833403596187,0.2208793017788062,0.0,0.3900380494016322,0.475,0.0,0.38999999999999996,-0.6150808854412169,129.91030404809482,0.8051647037117675,True,True,False
3.11,0.2540836537750588,0.010762702466242008,0.007540075060655242,0.7545563826136981,0.0,-0.00010200833403596187,0.22091635024252745,0.0,0.3900451841340115,0.475,0.0,0.38999999999999996,-0.5916089749370761,129.91273373051038,0.7737011885533146,True,True,False
3.115,0.25404671054749267,0.012513823151574014,0.0075296941006690625,0.7545563826136981,0.0,-0.00010200833403596187,0.22095329489035423,0.0,0.39005256362053675,0.475,0.0,0.38999999999999996,-0.6094232569948095,129.9153402991825,0.7431639230031946,True,True,False
3.12,0.2540098756878072,0.014310739992242305,0.00751868215364706,0.7545563826136981,0.0,-0.00010200833403596187,0.2209901314471829,0.0,0.3900602056131504,0.475,0.0,0.38999999999999996,-0.555434697051982,129.91811342523764,0.7135349343677688,True,True,False
3.125,0.25397314877769955,0.016154423741378994,0.007510223265024829,0.7545563826136981,0.0,-0.00010200833403596187,0.22102686035813038,0.0,0.3900681212953981,0.475,0.0,0.38999999999999996,-0.5231140695118447,129.9210429590446,0.6848041750014079,True,True,False
3.13,0.25393652163874103,0.018042977128197957,0.0075033274779639425,0.7545563826136981,0.0,-0.00010200833403596187,0.22106348982739224,0.0,0.3900763108108008,0.475,0.0,0.38999999999999996,-0.5081424851759951,129.92411893924074,0.6569551322764139,True,True,False
3.1350000000000002,0.25389999288206727,0.019977328510594295,0.007497346692437336,0.7545563826136981,0.0,-0.00010200833403596187,0.221100021274287,0.0,0.3900847855900651,0.475,0.0,0.38999999999999996,-0.5466352612619081,129.92733162580276,0.6299717881632745,True,True,False
3.14,0.25386357256990444,0.02196283263717972,0.007490166949952179,0.7545563826136981,0.0,-0.00010200833403596187,0.22113644467598306,0.0,0.3900935745955591,0.475,0.0,0.38999999999999996,-0.5528985643525265,129.9306715239921,0.6038328784797208,True,True,False
3.145,0.2538272767047627,0.02400632249613404,0.0074825738794718506,0.7545563826136981,0.0,-0.00010200833403596187,0.22117274407688786,0.0,0.39010271270186253,0.475,0.0,0.38999999999999996,-0.5791188902643059,129.93412940317913,0.5785216259046826,True,True,False
3.15,0.25379112188321085,0.026113491674643174,0.007473547368254938,1.004556382613698,0.0,-0.00039704255175493705,0.2212089029317992,0.0,0.39011223037857845,0.475,0.0,0.38999999999999996,-0.6867869632328979,129.95258982531456,0.9436291254579546,True,True,False
3.1550000000000002,0.2537551425554827,0.028291913962039183,0.0074607724213996505,1.004556382613698,0.0,-0.00039704255175493705,0.22124488686119748,0.0,0.3901221853792394,0.475,0.0,0.38999999999999996,-0.8232329268711847,129.95763509953912,0.9059435789489948,True,True,False
3.16,0.25371939782660874,0.03055811503432999,0.007442074438317834,1.004556382613698,0.0,-0.00039704255175493705,0.22128063686175584,0.0,0.39013267336104746,0.475,0.0,0.38999999999999996,-0.8651801400647938,129.96293457842197,0.8693881813720058,True,True,False
3.165,0.2536839410778536,0.032928940551666494,0.007421908146549453,1.004556382613698,0.0,-0.00039704255175493705,0.2213160996634106,0.0,0.3901437734581852,0.475,0.0,0.38999999999999996,-0.9226655828847774,129.96847163393792,0.8339503654954672,True,True,False
3.17,0.2536488128790846,0.03541494948521421,0.007399639050226681,1.004556382613698,0.0,-0.00039704255175493705,0.22135123481050034,0.0,0.39015554038361094,0.475,0.0,0.38999999999999996,-0.9231486229159008,129.97423000633515,0.7996052697925352,True,True,False
3.1750000000000003,0.2536140457367091,0.038022160768891144,0.0073780671559789185,1.004556382613698,0.0,-0.00039704255175493705,0.2213860099143414,0.0,0.39016801122895844,0.475,0.0,0.38999999999999996,-0.8815586853965947,129.98019382675,0.7663396730821762,True,True,False
3.18,0.2535796476920953,0.04074599580082221,0.007358811321715775,1.004556382613698,0.0,-0.00039704255175493705,0.22142041703466528,0.0,0.39018118160533843,0.475,0.0,0.38999999999999996,-0.8179909543648896,129.98634758275915,0.7341395583545062,True,True,False
3.185,0.25354561158724925,0.043575530428699376,0.0073421853051668035,1.004556382613698,0.0,-0.00039704255175493705,0.22145446341641153,0.0,0.39019502228710545,0.475,0.0,0.38999999999999996,-0.9331377020577709,129.99267614777125,0.7029881922845379,True,True,False
3.19,0.2535119700146352,0.046514156275027585,0.007321654076366626,1.004556382613698,0.0,-0.00039704255175493705,0.22148811659971337,0.0,0.3902095603511634,0.475,0.0,0.38999999999999996,-0.9750731035043411,129.99916484604282,0.6728619872950932,True,True,False
3.1950000000000003,0.2534787819269409,0.049572588871967554,0.007299962962123195,1.004556382613698,0.0,-0.00039704255175493705,0.2215213178018958,0.0,0.3902248516803625,0.475,0.0,0.38999999999999996,-1.0520016583417084,130.00579937732925,0.6437551468888023,True,True,False
3.2,0.25344609941493407,0.05275824598134162,0.007276776985581387,0.8162415544059869,0.0,-0.0011930200795187802,0.2215540151098253,0.0,0.3902409391915195,0.475,0.0,0.38999999999999996,-1.037417986708735,129.97565404412396,0.3224101563975471,True,True,False
3.205,0.2534139578937406,0.05607245793456979,0.007247450525227098,0.8162415544059869,0.0,-0.0011930200795187802,0.22158617323622493,0.0,0.3902577989719321,0.475,0.0,0.38999999999999996,-1.0962500683828587,129.9810598979076,0.30583314306096776,True,True,False
3.21,0.25338238840359506,0.05951604590673182,0.0072177689496051144,0.8162415544059869,0.0,-0.0011930200795187802,0.2216177612644502,0.0,0.390275402380465,0.475,0.0,0.38999999999999996,-1.0527569042117242,129.9864715651731,0.2899313710618674,True,True,False
3.215,0.25335141507143843,0.06308704005403336,0.007189774304606587,0.8162415544059869,0.0,-0.0011930200795187802,0.22164875522468808,0.0,0.39029375074516137,0.475,0.0,0.38999999999999996,-1.017393924433862,129.99188291445847,0.274692753905071,True,True,False
3.22,0.2533210343972583,0.06677326378328993,0.007162932000259511,0.8162415544059869,0.0,-0.0011930200795187802,0.2216791587313662,0.0,0.3903128051287542,0.475,0.0,0.38999999999999996,-0.9084117682844542,129.99728812493785,0.2600977440957214,True,True,False
3.225,0.2532912269400768,0.07055676512939107,0.007136960749375332,0.8162415544059869,0.0,-0.0011930200795187802,0.2217089913042624,0.0,0.39033250369205075,0.475,0.0,0.38999999999999996,-0.7952191875347507,130.00268168723287,0.2461325588105283,True,True,False
3.23,0.2532619564218856,0.07441384637269652,0.007110988882200251,0.8162415544059869,0.0,-0.0011930200795187802,0.2217382892543642,0.0,0.39035276172554634,0.475,0.0,0.38999999999999996,-0.905449655796813,130.00805839336925,0.23277851642863034,True,True,False
3.235,0.2532332407070739,0.07834267004051074,0.007086424075765345,0.8162415544059869,0.0,-0.0011930200795187802,0.2217670348536609,0.0,0.3903735802455518,0.475,0.0,0.38999999999999996,-0.9406383008866073,130.0134133921547,0.22000306242417444,True,True,False
3.24,0.25320513220995305,0.0823553942302954,0.0070640126789182555,0.8162415544059869,0.0,-0.0011930200795187802,0.221795175913798,0.0,0.39039501510770525,0.475,0.0,0.38999999999999996,-1.0151079477423655,130.0187421617276,0.20779338021186555,True,True,False
3.245,0.2531776777627089,0.08646217057871713,0.007045209756379718,0.8162415544059869,0.0,-0.0011930200795187802,0.2218226658383687,0.0,0.39041711404648255,0.475,0.0,0.38999999999999996,-1.051638458677708,130.02404045538847,0.19613058299783193,True,True,False
3.25,0.253150926479685,0.09067356314198163,0.007030269291254019,0.5662415544059869,0.0,-0.0022156409382659338,0.2218494557729417,0.0,0.390439926206403,0.475,0.0,0.38999999999999996,-1.0122805459427595,129.96112744966902,0.20650761071647183,True,True,False
3.255,0.253124896306494,0.0949876719766177,0.006995500887513271,0.5662415544059869,0.0,-0.0022156409382659338,0.22187552781872572,0.0,0.3904633714758423,0.475,0.0,0.38999999999999996,-1.0078136665462298,129.96432087624953,0.20301104258267488,True,True,False
3.2600000000000002,0.2530995933745812,0.09939856729079452,0.00696221291194376,0.5662415544059869,0.0,-0.0022156409382659338,0.2219008758293962,0.0,0.3904873504402949,0.475,0.0,0.38999999999999996,-1.0685219813568818,129.96741963056792,0.1993757938101185,True,True,False
3.265,0.2530750524209224,0.1039132938970683,0.006935090918995901,0.5662415544059869,0.0,-0.0022156409382659338,0.22192546527938042,0.0,0.3905118923661422,0.475,0.0,0.38999999999999996,-1.0345687460618627,129.9704258689937,0.1956167545122638,True,True,False
3.27,0.25305130012194477,0.10853561593751535,0.006908999304359416,0.5662415544059869,0.0,-0.0022156409382659338,0.2219492696909129,0.0,0.390537013448831,0.475,0.0,0.38999999999999996,-1.1173978970064142,129.9733417452389,0.19173696861184275,True,True,False
3.275,0.2530283706643409,0.11327298121758465,0.00689313451420605,0.5662415544059869,0.0,-0.0022156409382659338,0.22197225511839452,0.0,0.3905627443294151,0.475,0.0,0.38999999999999996,-1.1972537793612663,129.97616941122237,0.1877538103007257,True,True,False
3.2800000000000002,0.25300633361261937,0.11814862810895276,0.006889793366356733,0.5662415544059869,0.0,-0.0022156409382659338,0.22199435240041587,0.0,0.3905891780843811,0.475,0.0,0.38999999999999996,-1.2989508678385375,129.97891102600363,0.18367656202681992,True,True,False
3.285,0.25298526960908563,0.12319019575105089,0.006904146229850405,0.5662415544059869,0.0,-0.0022156409382659338,0.22201548138478666,0.0,0.39061642534871654,0.475,0.0,0.38999999999999996,-1.2742545224584239,129.9815687412506,0.17951642758242348,True,True,False
3.29,0.25296522656552434,0.1284096192007801,0.006923435240821216,0.5662415544059869,0.0,-0.0022156409382659338,0.22203559454664823,0.0,0.3906445346998543,0.475,0.0,0.38999999999999996,-1.2527389773034183,129.98414467941834,0.17527096113947294,True,True,False
3.295,0.25294621151149965,0.13379946406084614,0.006947245096518502,0.5662415544059869,0.0,-0.0022156409382659338,0.2220546850690403,0.0,0.3906734779119834,0.475,0.0,0.38999999999999996,-1.2396881413085161,129.98664092606123,0.17094766688913388,True,True,False
3.3000000000000003,0.2529282366444106,0.1393534760023509,0.006975825328306112,0.3162415544059869,0.0,-0.0030356574118080145,0.2220727409751967,0.0,0.39070323129271034,0.475,0.0,0.38999999999999996,-1.2087391985064033,129.90503613820118,0.5597718673379775,True,True,False
3.305,0.25291131163216757,0.14506351188578734,0.006971467271042274,0.3162415544059869,0.0,-0.0030356574118080145,0.22208975250745966,0.0,0.39073366529520037,0.475,0.0,0.38999999999999996,-1.1101251525077844,129.90568431446758,0.5411431376566392,True,True,False
3.31,0.25289542048485303,0.1509078100282266,0.006954840568442237,0.3162415544059869,0.0,-0.0030356574118080145,0.22210573533965094,0.0,0.39076459408313235,0.475,0.0,0.38999999999999996,-1.17085709725003,129.9062770589664,0.5228201858085002,True,True,False
3.315,0.25288057780277534,0.1568756962883365,0.006947183031973155,0.3162415544059869,0.0,-0.0030356574118080145,0.22212067491124962,0.0,0.3907959726902651,0.475,0.0,0.38999999999999996,-1.1055515646292675,129.9068184179963,0.5048172265882198,True,True,False
3.3200000000000003,0.25286680995931826,0.16295969622134884,0.006929021358731591,0.3162415544059869,0.0,-0.0030356574118080145,0.22213454491104212,0.0,0.39082776908387196,0.475,0.0,0.38999999999999996,-0.9901137808057455,129.90731219706782,0.4871260519498811,True,True,False
3.325,0.25285409235203166,0.16912757914022014,0.006891523634026756,0.3162415544059869,0.0,-0.0030356574118080145,0.22214736965474702,0.0,0.3908598526947231,0.475,0.0,0.38999999999999996,-0.9762186906489507,129.90776196536484,0.46974364957390036,True,True,False
3.33,0.25284241747299513,0.17535287385748688,0.006847584177196714,0.3162415544059869,0.0,-0.0030356574118080145,0.22215915637922876,0.0,0.39089211586975403,0.475,0.0,0.38999999999999996,-1.101033759294737,129.9081710731712,0.45267689670932776,True,True,False
3.335,0.2528318466396339,0.1816408223678234,0.006825179594814076,0.3162415544059869,0.0,-0.0030356574118080145,0.22216984390398103,0.0,0.3909245775630177,0.475,0.0,0.38999999999999996,-1.2406589368004461,129.90854266639468,0.43593565897598774,True,True,False
3.34,0.25282249013862473,0.18803121109143858,0.006841250586830126,0.3162415544059869,0.0,-0.0030356574118080145,0.22217932260981652,0.0,0.3909573943094673,0.475,0.0,0.38999999999999996,-1.232829464222623,129.90887969424455,0.419522875754653,True,True,False
3.345,0.252814420979766,0.19455033137051447,0.006869665063164353,0.3162415544059869,0.0,-0.0030356574118080145,0.22218752002623404,0.0,0.3909906688894492,0.475,0.0,0.38999999999999996,-1.1630578221987422,129.90918491193736,0.40342678681667654,True,True,False
3.35,0.25280764521081617,0.20119270244520002,0.0068968313714041045,0.06624155440598689,0.0,-0.003207804323224997,0.22219443018677076,0.0,0.3910243771016584,0.475,0.0,0.38999999999999996,-1.2430884665817996,129.81992390018212,0.7816712180027124,True,True,False
3.355,0.25280219695966005,0.20796417404987935,0.006911504418721397,0.06624155440598689,0.0,-0.003207804323224997,0.2222000187847098,0.0,0.39105843525059303,0.475,0.0,0.38999999999999996,-1.2452470751263556,129.81907337377797,0.7520034869503931,True,True,False
3.36,0.2527981340652249,0.21487995141808958,0.006938330309119622,0.06624155440598689,0.0,-0.003207804323224997,0.22220422791544756,0.0,0.39109279597109786,0.475,0.0,0.38999999999999996,-1.2101207029001353,129.81827322637983,0.7232674200530922,True,True,False
3.365,0.2527954773133227,0.2219363727415405,0.006965614354445978,0.06624155440598689,0.0,-0.003207804323224997,0.22220703681655996,0.0,0.39112743736259686,0.475,0.0,0.38999999999999996,-1.1114327348780388,129.81752362205904,0.6955180444599125,True,True,False
3.37,0.2527942132594578,0.2291083326996865,0.0069749868597637835,0.06624155440598689,0.0,-0.003207804323224997,0.2222084585710136,0.0,0.3911622561788358,0.475,0.0,0.38999999999999996,-1.2013832152892974,129.8168250258115,0.6683748004199551,True,True,False
3.375,0.252794367835587,0.23638588354061402,0.007008963889496749,0.06624155440598689,0.0,-0.003207804323224997,0.2222084671258078,0.0,0.39119721197382534,0.475,0.0,0.38999999999999996,-1.1513594177401052,129.81617785190807,0.6418676186310509,True,True,False
3.38,0.2527959821082071,0.24376453970110531,0.007033942189833666,0.06624155440598689,0.0,-0.003207804323224997,0.2222070213774884,0.0,0.3912322861726701,0.475,0.0,0.38999999999999996,-1.173766339729566,129.81558223657632,0.6159799560919945,True,True,False
3.3850000000000002,0.2527990752546051,0.251227649289187,0.0070657257473703,0.06624155440598689,0.0,-0.003207804323224997,0.2222041018572415,0.0,0.3912674114484186,0.475,0.0,0.38999999999999996,-1.214110084913256,129.81503808463773,0.5907220696132383,True,True,False
3.39,0.2528036949287612,0.258768997804327,0.007107512039800609,0.06624155440598689,0.0,-0.003207804323224997,0.22219966080019823,0.0,0.3913025628965098,0.475,0.0,0.38999999999999996,-1.183577092815404,129.81454507253136,0.5660936531532919,True,True,False
3.395,0.2528098704412772,0.2663709547213151,0.007138993248587131,0.06624155440598689,0.0,-0.003207804323224997,0.22219366853080855,0.0,0.391337670222694,0.475,0.0,0.38999999999999996,-1.0893694946747192,129.81410269278655,0.5420789279217264,True,True,False
3.4,0.25281758700775275,0.2739925099313439,0.007141880911120816,-0.1837584455940131,0.0,-0.002426790813334583,0.22218613892067007,0.0,0.3913725693366523,0.475,0.0,0.38999999999999996,-1.1428536001526564,129.72916164896705,0.9125863767419412,True,True,False
3.4050000000000002,0.25282685386496834,0.2816016104185212,0.007113487253797564,-0.1837584455940131,0.0,-0.002426790813334583,0.22217706137482754,0.0,0.3914070324055774,0.475,0.0,0.38999999999999996,-1.2625869731254107,129.72845153696437,0.8756192396345808,True,True,False
3.41,0.252837746901921,0.2891927231688679,0.007109363495817027,-0.1837584455940131,0.0,-0.002426790813334583,0.22216635914480848,0.0,0.39144094078570635,0.475,0.0,0.38999999999999996,-1.2546456957303467,129.72790870264882,0.8396343106018641,True,True,False
3.415,0.25285032117253853,0.2967458043149414,0.007093714417067495,-0.1837584455940131,0.0,-0.002426790813334583,0.2221539765128153,0.0,0.39147421971698804,0.475,0.0,0.38999999999999996,-1.3414248619346119,129.72752794066298,0.8045997742224372,True,True,False
3.42,0.2528646208997999,0.3042326193338467,0.007094099980053496,-0.1837584455940131,0.0,-0.002426790813334583,0.22213986836780403,0.0,0.39150676267144674,0.475,0.0,0.38999999999999996,-1.4276399657780472,129.72730386837029,0.7705190069883286,True,True,False
3.4250000000000003,0.2528807236848163,0.31163718831268755,0.007112329513137752,-0.1837584455940131,0.0,-0.002426790813334583,0.22212395648174532,0.0,0.3915385141891374,0.475,0.0,0.38999999999999996,-1.512105396364636,129.72723091196738,0.7373805112676134,True,True,False
3.43,0.25289870810920706,0.31894125601373785,0.007150182508915103,-0.1837584455940131,0.0,-0.002426790813334583,0.22210616157664106,0.0,0.39156941097420384,0.475,0.0,0.38999999999999996,-1.5783473931138248,129.72730337087722,0.7051723777257205,True,True,False
3.435,0.2529186458942156,0.32612104870911024,0.007203713925921645,-0.1837584455940131,0.0,-0.002426790813334583,0.22208641107851046,0.0,0.39159936856772715,0.475,0.0,0.38999999999999996,-1.5351191098259052,129.7275154545402,0.6738791125929808,True,True,False
3.44,0.25294055371684715,0.33312571073038283,0.007235811657869042,-0.1837584455940131,0.0,-0.002426790813334583,0.2220646867260685,0.0,0.39162819335564786,0.475,0.0,0.38999999999999996,-1.5435237589258926,129.7278613588087,0.6434658101825206,True,True,False
3.4450000000000003,0.25296442126303814,0.3398906578798807,0.007268317450492726,-0.1837584455940131,0.0,-0.002426790813334583,0.2220409968138111,0.0,0.39165563643155554,0.475,0.0,0.38999999999999996,-1.5683113632972283,129.72833526267328,0.6139293035797729,True,True,False
3.45,0.2529902651193072,0.3463626679830629,0.007311219240135346,-0.4337584455940131,0.0,-0.0006058585543041162,0.22201532295855503,0.0,0.39168149557630894,0.475,0.0,0.38999999999999996,-1.5551432542208306,129.65802170383338,0.9781966681675615,True,True,False
3.455,0.2530180896791629,0.352483878086094,0.007336558389804845,-0.4337584455940131,0.0,-0.0006058585543041162,0.22198765821859887,0.0,0.3917054650932847,0.475,0.0,0.38999999999999996,-1.6009784230191493,129.65916490675747,0.9362474779620943,True,True,False
3.46,0.2530479059999841,0.35819892030236683,0.007394748383106743,-0.4337584455940131,0.0,-0.0006058585543041162,0.22195798900073688,0.0,0.3917272522761885,0.475,0.0,0.38999999999999996,-1.6125832547611412,129.66057239533245,0.8955072211466547,True,True,False
3.465,0.25307973402388256,0.36345529991787423,0.00748126898740752,-0.4337584455940131,0.0,-0.0006058585543041162,0.22192629346180873,0.0,0.391746663281966,0.475,0.0,0.38999999999999996,-1.4827046237148607,129.66223156339097,0.8559506623817202,True,True,False
3.47,0.253113515655429,0.36816608691183955,0.007563562961265554,-0.4337584455940131,0.0,-0.0006058585543041162,0.22189262682542168,0.0,0.3917633638637117,0.475,0.0,0.38999999999999996,-1.465494067012883,129.66412998210123,0.8175296992107717,True,True,False
3.475,0.2531491791360629,0.37224148938804924,0.007689288434497359,-0.4337584455940131,0.0,-0.0006058585543041162,0.2218570578892862,0.0,0.3917770078205474,0.475,0.0,0.38999999999999996,-1.4890849650426223,129.666255376954,0.7802359164603139,True,True,False
3.48,0.25318671633033113,0.37562395020765754,0.007876152854311433,-0.4337584455940131,0.0,-0.0006058585543041162,0.22181959278692878,0.0,0.39178738064189167,0.475,0.0,0.38999999999999996,-1.4859284785706461,129.6685955366451,0.7440596772898036,True,True,False
3.485,0.2532261215496457,0.3782579571237511,0.008123446311082602,-0.4337584455940131,0.0,-0.0006058585543041162,0.2217802353542723,0.0,0.39179427641075865,0.475,0.0,0.38999999999999996,-1.4366958244880461,129.67113837238315,0.7089785749457092,True,True,False
3.49,0.2532673565212507,0.3800750821947804,0.008428610026758576,-0.4337584455940131,0.0,-0.0006058585543041162,0.2217390217546432,0.0,0.3917974363597206,0.475,0.0,0.38999999999999996,-1.4058684869145803,129.67387201112118,0.6749646751086437,True,True,False
3.495,0.2533103690539126,0.38100283764889054,0.008801595511348887,-0.4337584455940131,0.0,-0.0006058585543041162,0.22169600209915305,0.0,0.39179658500414843,0.475,0.0,0.38999999999999996,-1.4215552152115545,129.67678478823834,0.6420045144831492,True,True,False
3.5,0.25335512895050294,0.3809797981404785,0.009251504976528576,-0.6312086358078993,0.0,0.002060074924197324,0.2216512050150754,0.0,0.39179149245396805,0.475,0.0,0.38999999999999996,-1.425699691524926,129.6462389039515,0.9191636665528988,True,True,False
3.505,0.2534016104606925,0.3799405888476571,0.009781691153025665,-0.6312086358078993,0.0,0.002060074924197324,0.22160465451364292,0.0,0.3917818725886773,0.475,0.0,0.38999999999999996,-1.4760791757824403,129.65044783958888,0.877182468995302,True,True,False
3.5100000000000002,0.2534497990775545,0.3778294264813153,0.010392083496304182,-0.6312086358078993,0.0,0.002060074924197324,0.2215563639335441,0.0,0.3917674812210121,0.475,0.0,0.38999999999999996,-1.3200605183200933,129.65493917628905,0.8365041877110798,True,True,False
3.515,0.2534996153300468,0.37456435201836646,0.011071974433113446,-0.6312086358078993,0.0,0.002060074924197324,0.22150641146337274,0.0,0.39174801124275643,0.475,0.0,0.38999999999999996,-1.2736682912466775,129.6596952794454,0.7970615280105798,True,True,False
3.52,0.25355094181576204,0.3700544422432104,0.011825186708294792,-0.6312086358078993,0.0,0.002060074924197324,0.2214549133539305,0.0,0.39172311731959375,0.475,0.0,0.38999999999999996,-1.1951757418745803,129.66469881960654,0.7588824776684016,True,True,False
3.525,0.2536036960205124,0.3642372729035244,0.012646790680719168,-0.6312086358078993,0.0,0.002060074924197324,0.22140195220356268,0.0,0.39169256878748504,0.475,0.0,0.38999999999999996,-1.2150366858042236,129.6699326658516,0.721939104686107,True,True,False
3.5300000000000002,0.2536578173973832,0.35706892391608086,0.013526863344273832,-0.6312086358078993,0.0,0.002060074924197324,0.22134758961525197,0.0,0.3916562103766094,0.475,0.0,0.38999999999999996,-1.1634398607589833,129.67538008734408,0.6862152647487516,True,True,False
3.535,0.2537132531334043,0.348516355699366,0.01445931986976727,-0.6312086358078993,0.0,0.002060074924197324,0.2212918802216461,0.0,0.3916139312461613,0.475,0.0,0.38999999999999996,-1.2394079736377235,129.68102478457715,0.6516793964388347,True,True,False
3.54,0.25376996666677415,0.33856109500153925,0.015427158464422781,-0.6312086358078993,0.0,0.002060074924197324,0.22123486325493943,0.0,0.3915656803046578,0.475,0.0,0.38999999999999996,-1.3298484411559341,129.68685089612717,0.6183182418630464,True,True,False
3.545,0.2538279684847636,0.32721415864508746,0.016416937420604936,-0.6312086358078993,0.0,0.002060074924197324,0.22117653207399152,0.0,0.39151152741182255,0.475,0.0,0.38999999999999996,-1.1968993386604116,129.69284297383928,0.5861095476253108,True,True,False
3.5500000000000003,0.2538871928915695,0.3144551573116416,0.017443030481730775,-0.41137814105902604,0.0,0.004939942239096792,0.2211169558396239,0.0,0.3914514138698368,0.475,0.0,0.38999999999999996,-1.1269411945894665,129.800460127268,0.2103123511016335,True,True,False
3.555,0.25394750597466603,0.3002782020920616,0.01839409936666875,-0.41137814105902604,0.0,0.004939942239096792,0.2210562732501332,0.0,0.3913854368055053,0.475,0.0,0.38999999999999996,-1.1639796453976214,129.8050646371335,0.1927117586331878,True,True,False
3.56,0.2540087944409082,0.28481999408978786,0.01927798620025323,-0.41137814105902604,0.0,0.004939942239096792,0.22099460561943943,0.0,0.39131425982950163,0.475,0.0,0.38999999999999996,-1.3391656486865486,129.80967852799924,0.17586064695693293,True,True,False
3.565,0.2540710571153972,0.2681522787112387,0.0201403527456563,-0.41137814105902604,0.0,0.004939942239096792,0.2209319600054726,0.0,0.3912381910493365,0.475,0.0,0.38999999999999996,-1.2945975761437298,129.81429562665613,0.15974700246684304,True,True,False
3.5700000000000003,0.2541342741041259,0.25029839413114563,0.02100519415936803,-0.41137814105902604,0.0,0.004939942239096792,0.22086836122362682,0.0,0.39115734492093146,0.475,0.0,0.38999999999999996,-1.2159228025457285,129.81891012005772,0.1443301888099996,True,True,False
3.575,0.2541983340951403,0.23124294419518332,0.021872558222406937,-0.41137814105902604,0.0,0.004939942239096792,0.22080392496135887,0.0,0.39107167704747725,0.475,0.0,0.38999999999999996,-1.270367485232365,129.82351658580995,0.1295874960995349,True,True,False
3.58,0.2542631591678254,0.21099384891890233,0.022720123742940967,-0.41137814105902604,0.0,0.004939942239096792,0.22073873420879178,0.0,0.3909812381237335,0.475,0.0,0.38999999999999996,-1.2357776865317556,129.8281098858914,0.11551271051736478,True,True,False
3.585,0.25432868415141124,0.18957103781635384,0.023556029238646223,-0.41137814105902604,0.0,0.004939942239096792,0.22067285956892604,0.0,0.3908861277227876,0.475,0.0,0.38999999999999996,-1.3376678922357021,129.83268517113837,0.10207919829226864,True,True,False
3.59,0.25439485790249633,0.16700565963996505,0.024357573932471652,-0.41137814105902604,0.0,0.004939942239096792,0.22060635786473967,0.0,0.3907864911877621,0.475,0.0,0.38999999999999996,-1.403752353498051,129.83723787235755,0.0892827293698144,True,True,False
3.595,0.254461662340786,0.1433488703274509,0.025125482979671175,-0.41137814105902604,0.0,0.004939942239096792,0.22053925308709948,0.0,0.3906825553200838,0.475,0.0,0.38999999999999996,-1.423600075745995,129.84176367254935,0.07710401734204242,True,True,False
3.6,0.2545290476333866,0.11864121634865904,0.02586422371427063,-0.21572159751434317,0.0,0.006569821972882009,0.22047160072892868,0.0,0.3905745029720463,0.475,0.0,0.38999999999999996,-1.3907310951547058,129.9092024806297,0.24212971150488205,True,True,False
3.605,0.2545969232485251,0.09290751595963581,0.026560944818234126,-0.21572159751434317,0.0,0.006569821972882009,0.2204034968613588,0.0,0.39046251182824837,0.475,0.0,0.38999999999999996,-1.353812080267379,129.9120996665659,0.24205104024378155,True,True,False
3.61,0.25466517346439405,0.06616367295310213,0.02723589646860367,-0.21572159751434317,0.0,0.006569821972882009,0.22033506256092944,0.0,0.3903467200660643,0.475,0.0,0.38999999999999996,-1.231562061733489,129.9149193343368,0.24170337891709404,True,True,False
3.615,0.2547336484832697,0.03841233788089552,0.027902074235784034,-0.21572159751434317,0.0,0.006569821972882009,0.2202664527939116,0.0,0.39022715061423396,0.475,0.0,0.38999999999999996,-1.1879181428830863,129.9176624889571,0.24110855934522568,True,True,False
3.62,0.25480219436427204,0.009656470048044222,0.028545865526475096,-0.21572159751434317,0.0,0.006569821972882009,0.22019782679005104,0.0,0.39010382839420443,0.475,0.0,0.38999999999999996,-1.2246982705816551,129.92033020216573,0.24027194403876762,True,True,False
3.625,0.2548707080415255,0.020074400287585087,0.029153662646818464,-0.21572159751434317,0.0,0.006569821972882009,0.22012929300649267,0.0,0.3899768868374315,0.475,0.0,0.38999999999999996,-1.1779696375802866,129.92292357838505,0.23919816656518567,True,True,False
3.63,0.25493908189991726,0.05075056490939829,0.029738085480535238,-0.21572159751434317,0.0,0.006569821972882009,0.22006096433558803,0.0,0.3898464601927151,0.475,0.0,0.38999999999999996,-1.1575920991786848,129.92544377351228,0.2379064497797434,True,True,False
3.6350000000000002,0.2550071863194634,0.08235067409541338,0.03029436594338425,-0.21572159751434317,0.0,0.006569821972882009,0.21999297557917058,0.0,0.38971264898807356,0.475,0.0,0.38999999999999996,-1.158130754035799,129.9278919975632,0.2364056014564272,True,True,False
3.64,0.2550749030528058,0.11484562829429214,0.030818590031094207,-0.21572159751434317,0.0,0.006569821972882009,0.2199254500356613,0.0,0.38957558524014846,0.475,0.0,0.38999999999999996,-1.1507395609693891,129.93026949292286,0.2347043664402153,True,True,False
3.645,0.25514211406850296,0.14820386273853747,0.03131148869812387,-0.21572159751434317,0.0,0.006569821972882009,0.2198585106055855,0.0,0.3894354108176207,0.475,0.0,0.38999999999999996,-1.1543849367582277,129.9325775338416,0.23281357372034073,True,True,False
3.65,0.25520869848865774,0.18239279811104422,0.03177072217352113,-0.08214261539307088,0.0,0.007304119728070078,0.2197922828272384,0.0,0.3892922714204193,0.475,0.0,0.38999999999999996,-1.1529579262393754,129.96286247285065,0.4410632646173411,True,True,False
3.6550000000000002,0.25527453340839834,0.21737832625933673,0.032187951504635305,-0.08214261539307088,0.0,0.007304119728070078,0.2197268939440536,0.0,0.389146342325626,0.475,0.0,0.38999999999999996,-1.3859004352231499,129.96410729190734,0.431238977485719,True,True,False
3.66,0.2553395702813887,0.25308779443338725,0.03252750043172415,-0.08214261539307088,0.0,0.007304119728070078,0.21966239593617332,0.0,0.38899795088507005,0.475,0.0,0.38999999999999996,-1.2915980057976668,129.9652878462786,0.42142672541120946,True,True,False
3.665,0.25540372365340325,0.2894633275838898,0.03285047540207543,-0.08214261539307088,0.0,0.007304119728070078,0.21959887739597414,0.0,0.3888473384593237,0.475,0.0,0.38999999999999996,-1.283739127198025,129.96640701303792,0.411664373898475,True,True,False
3.67,0.2554668231201876,0.3264856557698196,0.0331393816584424,-0.08214261539307088,0.0,0.007304119728070078,0.2195365121538109,0.0,0.3886945910291348,0.475,0.0,0.38999999999999996,-1.2824233445909476,129.9674675894653,0.4019494031886857,True,True,False
3.6750000000000003,0.255528728746812,0.3641181538440404,0.03339232981074057,-0.08214261539307088,0.0,0.007304119728070078,0.21947544302800445,0.0,0.3885398632847381,0.475,0.0,0.38999999999999996,-1.2726046165376375,129.9684722665632,0.3922867875328944,True,True,False
3.68,0.2555892971657811,0.40232307844543347,0.03361033852133707,-0.08214261539307088,0.0,0.007304119728070078,0.21941581592364248,0.0,0.38838331335115234,0.475,0.0,0.38999999999999996,-1.2656302531234875,129.969423638612,0.3826826768055815,True,True,False
3.685,0.25564838047974636,0.4410620338696741,0.033792182886148533,-0.08214261539307088,0.0,0.007304119728070078,0.2193577809226561,0.0,0.38822510081173633,0.475,0.0,0.38999999999999996,-1.3416902271865074,129.97032420515205,0.3731418533790758,True,True,False
3.69,0.2557058580997104,0.4802802822978791,0.03391989297511505,-0.08214261539307088,0.0,0.007304119728070078,0.2193014599624779,0.0,0.38806544858197983,0.475,0.0,0.38999999999999996,-1.2451101212005362,129.97117636621417,0.36366036973824734,True,True,False
3.6950000000000003,0.2557615761364781,0.519936188011713,0.0340282767310013,-0.08214261539307088,0.0,0.007304119728070078,0.21924700819561063,0.0,0.3879045260871534,0.475,0.0,0.38999999999999996,-1.2649001918634104,129.9719824363014,0.3542597831647334,True,True,False
3.7,0.2558153589249943,0.5599958884879588,0.034092878684056686,-0.009729932546961972,0.0,0.007615689142927651,0.2191946024341348,0.0,0.3877424707990058,0.475,0.0,0.38999999999999996,-1.1988703134922984,129.98236141672174,0.4589909386311171,True,True,False
3.705,0.25586704040091196,0.6004177212979047,0.03412779931918449,-0.009729932546961972,0.0,0.007615689142927651,0.2191444092226959,0.0,0.3875794563588679,0.475,0.0,0.38999999999999996,-1.254667917541093,129.98269826145764,0.44563820724090497,True,True,False
3.71,0.25591646434776505,0.6411522088311414,0.03411049824383303,-0.009729932546961972,0.0,0.007615689142927651,0.21909658454720876,0.0,0.3874156850313804,0.475,0.0,0.38999999999999996,-1.3002770809098423,129.98300388466063,0.4324717690814029,True,True,False
3.715,0.25596351008709944,0.6821291713246986,0.034041449337311104,-0.009729932546961972,0.0,0.007615689142927651,0.219051247579515,0.0,0.38725143118951894,0.475,0.0,0.38999999999999996,-1.2905896617341681,129.98328056818914,0.4194942752169155,True,True,False
3.72,0.2560080339369668,0.7232864289311672,0.033931677693943396,-0.009729932546961972,0.0,0.007615689142927651,0.21900854018687224,0.0,0.3870869358031539,0.475,0.0,0.38999999999999996,-1.2534512786574572,129.98353046588988,0.40671276414313295,True,True,False
3.725,0.2560498630990098,0.7645731234074246,0.033786698870861755,-0.009729932546961972,0.0,0.007615689142927651,0.218968633299793,0.0,0.386922394007382,0.475,0.0,0.38999999999999996,-1.0722988006586005,129.98375560896466,0.39413154195772615,True,True,False
3.73,0.25608877140800707,0.8059621711471617,0.033635405237098355,-0.009729932546961972,0.0,0.007615689142927651,0.21893175191458292,0.0,0.38675790750782807,0.475,0.0,0.38999999999999996,-1.190669526831302,129.98395791227415,0.38176545967816383,True,True,False
3.735,0.2561245802025531,0.8474005500954593,0.03341734891048331,-0.009729932546961972,0.0,0.007615689142927651,0.2188980719448432,0.0,0.3865936778829124,0.475,0.0,0.38999999999999996,-1.2784398470840228,129.9841391728362,0.3695893601874,True,True,False
3.74,0.25615719454027414,0.8887907823154866,0.0331361306628771,-0.009729932546961972,0.0,0.007615689142927651,0.21886768270402357,0.0,0.38643007684436737,0.475,0.0,0.38999999999999996,-1.2930254396704948,129.98430107330876,0.3576048965253313,True,True,False
3.745,0.25618648828750773,0.9300481394314775,0.03280753975031826,-0.009729932546961972,0.0,0.007615689142927651,0.21884070452160842,0.0,0.38626742433440087,0.475,0.0,0.38999999999999996,-1.3263180902649325,129.98444519417913,0.34581828803742665,True,True,False
3.75,0.2562123179712697,0.9710943046741731,0.03242738646217183,0.012611491454351587,0.0,0.007684342735414067,0.2188172746847219,0.0,0.3861060135788899,0.475,0.0,0.38999999999999996,-1.1903261664590026,129.98617510652744,0.36941832492674226,True,True,False
3.755,0.2562344901222167,1.0118740920464684,0.0320364333232827,0.012611491454351587,0.0,0.007684342735414067,0.21879758119303094,0.0,0.3859460481439919,0.475,0.0,0.38999999999999996,-1.1954459504685369,129.98620763901053,0.3567688250795724,True,True,False
3.7600000000000002,0.2562528019762516,1.052336023538137,0.031604194556567024,0.012611491454351587,0.0,0.007684342735414067,0.21878182112007408,0.0,0.38578771651781474,0.475,0.0,0.38999999999999996,-1.2663299609169867,129.98622980396343,0.3443496237662563,True,True,False
3.765,0.25626711954660153,1.0923935717219866,0.031116924853283497,0.012611491454351587,0.0,0.007684342735414067,0.21877012007674448,0.0,0.38563133942423805,0.475,0.0,0.38999999999999996,-1.3720897860244738,129.9862428201397,0.3321525447803952,True,True,False
3.77,0.25627734461576385,1.1319416822140522,0.030566248446745103,0.012611491454351587,0.0,0.007684342735414067,0.2187625659568479,0.0,0.38547730630174076,0.475,0.0,0.38999999999999996,-1.4065984090829016,129.98624781453043,0.3201705948515127,True,True,False
3.775,0.2562833695176979,1.1708797171321703,0.02997231254875258,0.012611491454351587,0.0,0.007684342735414067,0.21875925558156334,0.0,0.3853259876732795,0.475,0.0,0.38999999999999996,-1.5339615853102653,129.98624582793042,0.3084071660790269,True,True,False
3.7800000000000002,0.25628510044869013,1.2091005953478922,0.029310829846622935,0.012611491454351587,0.0,0.007684342735414067,0.2187602706966912,0.0,0.3851777765955693,0.475,0.0,0.38999999999999996,-1.5036267651991995,129.98623781985683,0.2968476503008356,True,True,False
3.785,0.2562824206985315,1.246509514699506,0.028632211015114713,0.012611491454351587,0.0,0.007684342735414067,0.2187657160964116,0.0,0.3850330178665161,0.475,0.0,0.38999999999999996,-1.351851076789348,129.9862246732177,0.28550515093971685,True,True,False
3.79,0.25627511009372056,1.283065098996897,0.027977912637178415,0.012611491454351587,0.0,0.007684342735414067,0.21877580345935813,0.0,0.38489185350140437,0.475,0.0,0.38999999999999996,-1.4346221240503167,129.98620719765785,0.27438957699796,True,True,False
3.795,0.2562629937115498,1.3187064021286903,0.02728768126992147,0.012611491454351587,0.0,0.007684342735414067,0.21879069753663039,0.0,0.3847544993337704,0.475,0.0,0.38999999999999996,-1.4032036061933213,129.98618613442343,0.26347284836969564,True,True,False
3.8000000000000003,0.25624594460721123,1.3533515527341058,0.02660226453559886,0.017206547383446846,0.0,0.007447989923880398,0.21881051315449077,0.0,0.3846212494502341,0.475,0.0,0.38999999999999996,-1.3426731025704672,129.98304110642155,0.2600014719236716,True,True,False
3.805,0.25622378728021794,1.386946515068546,0.025940812034751654,0.017206547383446846,0.0,0.007447989923880398,0.21883541561330222,0.0,0.38449228956745407,0.475,0.0,0.38999999999999996,-1.336755842465731,129.9830048744537,0.2492367361356061,True,True,False
3.81,0.25619635949734826,1.4194348836548352,0.025296902724308706,0.017206547383446846,0.0,0.007447989923880398,0.2188655565876829,0.0,0.38436781414040067,0.475,0.0,0.38999999999999996,-1.3445110656351704,129.9829675224294,0.23867588790345814,True,True,False
3.815,0.25616352722635094,1.450750665488264,0.024678099311847192,0.017206547383446846,0.0,0.007447989923880398,0.21890105852166483,0.0,0.38424805643962756,0.475,0.0,0.38999999999999996,-1.3057320494206843,129.98292955199267,0.2283135404642461,True,True,False
3.8200000000000003,0.25612514922425916,1.4808363476589201,0.02411060608656616,0.017206547383446846,0.0,0.007447989923880398,0.2189420516145046,0.0,0.38413321776780285,0.475,0.0,0.38999999999999996,-1.1916183025034948,129.9828914138389,0.21815031745540328,True,True,False
3.825,0.25608104877657345,1.509657516642513,0.02362856212270607,0.017206547383446846,0.0,0.007447989923880398,0.21898870346510854,0.0,0.3840234132622624,0.475,0.0,0.38999999999999996,-1.2137112697337966,129.98285351002568,0.20818966157649474,True,True,False
3.83,0.256031074418609,1.5371730649651287,0.02320873166097559,0.017206547383446846,0.0,0.007447989923880398,0.2190411559029864,0.0,0.3839187833069356,0.475,0.0,0.38999999999999996,-1.2608355564265494,129.98281619872984,0.1984153469343014,True,True,False
3.835,0.25597513218103557,1.563319147353639,0.02285802879324592,0.017206547383446846,0.0,0.007447989923880398,0.21909949126632747,0.0,0.3838195530140431,0.475,0.0,0.38999999999999996,-1.276863590578416,129.98277979872745,0.1888205739190468,True,True,False
3.84,0.2559131316736848,1.5880362427208967,0.02259869085069349,0.017206547383446846,0.0,0.007447989923880398,0.21916378867385933,0.0,0.3837259313584367,0.475,0.0,0.38999999999999996,-1.3433349384549964,129.98274459083098,0.1794035509187423,True,True,False
3.845,0.2558449955855068,1.6112648047232931,0.02242916864083515,0.017206547383446846,0.0,0.007447989923880398,0.21923411418947747,0.0,0.3836381274999616,0.475,0.0,0.38999999999999996,-1.2003668065806024,129.98271082093964,0.17015443259393015,True,True,False
3.85,0.25577059970657223,1.6329753481818818,0.022418975543368018,0.016980228704037037,0.0,0.006849674791132333,0.21931058366823938,0.0,0.3835562394377815,0.475,0.0,0.38999999999999996,-1.1759449466268053,129.9747603368517,0.16073412201106813,True,True,False
3.855,0.2556897961848117,1.653157745382004,0.022544577178417763,0.016980228704037037,0.0,0.006849674791132333,0.21939333887634863,0.0,0.3834802866436188,0.475,0.0,0.38999999999999996,-1.1882277543400115,129.97473028468144,0.15185057559968984,True,True,False
3.86,0.25560249475497804,1.6717810077699444,0.0228004230037046,0.016980228704037037,0.0,0.006849674791132333,0.2194824623329017,0.0,0.38341036651158883,0.475,0.0,0.38999999999999996,-1.1468110240257883,129.97470218967933,0.1431209683485638,True,True,False
3.865,0.25550860564716055,1.6888233078284605,0.02320176549487481,0.016980228704037037,0.0,0.006849674791132333,0.21957803703384485,0.0,0.3833465501976584,0.475,0.0,0.38999999999999996,-1.1591502395910804,129.974676182887,0.13453812273292148,True,True,False
3.87,0.2554080458216435,1.7042658463889002,0.023730831071645978,0.016980228704037037,0.0,0.006849674791132333,0.2196801398440189,0.0,0.3832888987221907,0.475,0.0,0.38999999999999996,-1.063429642739446,129.97465237202343,0.12609258104743581,True,True,False
3.875,0.25530072837076145,1.7180772902230388,0.02439272770604843,0.016980228704037037,0.0,0.006849674791132333,0.21978885044628838,0.0,0.3832375263317067,0.475,0.0,0.38999999999999996,-1.2391127002339366,129.97463084187103,0.11779321546342664,True,True,False
3.88,0.25518662763501293,1.730180519633776,0.025128377606572327,0.016980228704037037,0.0,0.006849674791132333,0.21990418287252406,0.0,0.38319272390775,0.475,0.0,0.38999999999999996,-1.326163104143223,129.974611663486,0.10958007751171646,True,True,False
3.8850000000000002,0.2550657975780137,1.7405109050085767,0.025975657567181273,0.016980228704037037,0.0,0.006849674791132333,0.22002607315269707,0.0,0.3831547299414508,0.475,0.0,0.38999999999999996,-1.2494278674502377,129.97459489432393,0.10147837903118265,True,True,False
3.89,0.2549382694901061,1.749211579433143,0.026966212502054103,0.016980228704037037,0.0,0.006849674791132333,0.22015450195293648,0.0,0.3831229820594864,0.475,0.0,0.38999999999999996,-1.1766203114716554,129.97458056106439,0.09353239390182301,True,True,False
3.895,0.25480398315035285,1.7563964819576035,0.028054792108054834,0.016980228704037037,0.0,0.006849674791132333,0.22028953903884385,0.0,0.3830970364160988,0.475,0.0,0.38999999999999996,-1.1449339987355203,129.97456866826357,0.08573922441726455,True,True,False
3.9,0.2546628761208395,1.7620854601307803,0.029218498640945105,0.022107575110066557,0.0,0.006012040375862596,0.2204312470016901,0.0,0.383076816409806,0.475,0.0,0.38999999999999996,-1.1249811776396887,129.96335963167857,0.08617116159339312,True,True,False
3.9050000000000002,0.25451490883510225,1.7662868302089314,0.030446660072186642,0.022107575110066557,0.0,0.006012040375862596,0.22057966501528647,0.0,0.38306227950933575,0.475,0.0,0.38999999999999996,-1.0538174874216992,129.9633515280055,0.07837350490186062,True,True,False
3.91,0.2543600375454865,1.7690176363307628,0.03173683789941601,0.022107575110066557,0.0,0.006012040375862596,0.22073483766151522,0.0,0.38305335180642575,0.475,0.0,0.38999999999999996,-1.0628633355796333,129.9633462710545,0.0707286818604337,True,True,False
3.915,0.2541982327767658,1.7702942387119494,0.03307045496554094,0.022107575110066557,0.0,0.006012040375862596,0.2208967952209157,0.0,0.38304997353749204,0.475,0.0,0.38999999999999996,-1.0885076922755548,129.96334379952276,0.06322177042326281,True,True,False
3.92,0.2540294989859482,1.7701231047687713,0.03443899942706702,0.022107575110066557,0.0,0.006012040375862596,0.22106553335816517,0.0,0.3830521221672583,0.475,0.0,0.38999999999999996,-1.0523471398021298,129.96334404421196,0.05584700076472192,True,True,False
3.9250000000000003,0.25385383413295703,1.7685210365399708,0.03584313806878929,0.022107575110066557,0.0,0.006012040375862596,0.2212410556057537,0.0,0.3830597374746568,0.475,0.0,0.38999999999999996,-1.126399685695916,129.9633469254056,0.0486100615844343,True,True,False
3.93,0.2536712562417696,1.7655020820241336,0.03726500181502496,0.022107575110066557,0.0,0.006012040375862596,0.22142334546306489,0.0,0.3830727698801475,0.475,0.0,0.38999999999999996,-1.180449504767368,129.9633523563837,0.04149127001500155,True,True,False
3.935,0.25348181590877,1.7610714187398104,0.03870181289464521,0.022107575110066557,0.0,0.006012040375862596,0.22161235325725795,0.0,0.38309120310163,0.475,0.0,0.38999999999999996,-1.058462470466475,129.96336024564096,0.03448949068305415,True,True,False
3.94,0.2532855124096626,1.7552667972667246,0.04016585082259772,0.022107575110066557,0.0,0.006012040375862596,0.22180808425061974,0.0,0.3831149004521298,0.475,0.0,0.38999999999999996,-0.9625306480245773,129.96337048998612,0.02762825444821905,True,True,False
3.9450000000000003,0.25308230857683295,1.7481509000014124,0.0416472465815257,0.022107575110066557,0.0,0.006012040375862596,0.22201058294404064,0.0,0.3831436327209552,0.475,0.0,0.38999999999999996,-0.9212373980944086,129.9633829767657,0.020899218793646264,True,True,False
3.95,0.25287219812363027,1.7397778226920892,0.043135951510379474,0.03338777441257457,0.0,0.005159434492749206,0.22221986230048227,0.0,0.383177202297488,0.475,0.0,0.38999999999999996,-0.937121252564803,129.95188002932497,0.03206693931423151,True,True,False
3.955,0.25265520992226154,1.7301911798973109,0.04462251604462404,0.03338777441257457,0.0,0.005159434492749206,0.22243589956526344,0.0,0.38321543866898156,0.475,0.0,0.38999999999999996,-0.8404126658610174,129.95190186832565,0.024931165974509693,True,True,False
3.96,0.2524313649828245,1.7194445095569786,0.04611144458537087,0.03338777441257457,0.0,0.005159434492749206,0.22265868100503636,0.0,0.3832581341622683,0.475,0.0,0.38999999999999996,-0.7605796150736384,129.951926509016,0.017933673759674675,True,True,False
3.9650000000000003,0.25220066699155363,1.707605084960051,0.04759720059824821,0.03338777441257457,0.0,0.005159434492749206,0.22288821138928272,0.0,0.3833050411136778,0.475,0.0,0.38999999999999996,-0.7728172638640912,129.95195378772854,0.011068771097395097,True,True,False
3.97,0.2519631490821198,1.6947310275556209,0.04907139647083792,0.03338777441257457,0.0,0.005159434492749206,0.22312446519487183,0.0,0.38335594536377016,0.475,0.0,0.38999999999999996,-0.7507754764263131,129.95198354108902,0.0043236489528652305,True,True,False
3.975,0.2517188607713066,1.6808773318091026,0.05053315235383552,0.03338777441257457,0.0,0.005159434492749206,0.22336740025550972,0.0,0.3834106438984066,0.475,0.0,0.38999999999999996,-0.6949975400274592,129.95201560509068,0.0023006061187653554,True,True,False
3.98,0.251467841638184,1.6661082476707132,0.05198153993595438,0.03338777441257457,0.0,0.005159434492749206,0.22361698527499427,0.0,0.38346889856652405,0.475,0.0,0.38999999999999996,-0.8716463872757225,129.95204981261617,0.008802983601470096,True,True,False
3.985,0.2512101762766075,1.6504701099699068,0.05340297719556183,0.03338777441257457,0.0,0.005159434492749206,0.22387314217299595,0.0,0.38353053766840584,0.475,0.0,0.38999999999999996,-0.8873441539353346,129.9520860001,0.015210533148594385,True,True,False
3.99,0.2509459670066035,1.634004277175583,0.05480386993468033,0.03338777441257457,0.0,0.005159434492749206,0.22413577465839807,0.0,0.3835954078477004,0.475,0.0,0.38999999999999996,-1.0043389870082304,129.95212400489396,0.021508311389406717,True,True,False
3.995,0.25067531135374743,1.6167575900990272,0.05617676108913752,0.03338777441257457,0.0,0.005159434492749206,0.22440479174898073,0.0,0.3836633349523169,0.475,0.0,0.38999999999999996,-1.077244964553878,129.95216366304328,0.027711587100338955,True,True,False
4.0,0.25039832612851304,1.598770276035184,0.05752260495605904,0.04595983356050071,0.0,0.004427756309283104,0.22468008250376129,0.0,0.3837341694375437,0.475,0.0,0.38999999999999996,-1.0487760242687898,129.94235121473451,0.014004645237023702,True,True,False
4.005,0.25011509346386895,1.580102060212259,0.058845357727577624,0.04595983356050071,0.0,0.004427756309283104,0.2249615727020456,0.0,0.3838076779149106,0.475,0.0,0.38999999999999996,-1.0102041135969544,129.94240634509805,0.02071316939011497,True,True,False
4.01,0.2498256667378294,1.5608283401071394,0.060145659645084955,0.04595983356050071,0.0,0.004427756309283104,0.22524921819667762,0.0,0.38388356724632133,0.475,0.0,0.38999999999999996,-1.1002208772121078,129.94246355533267,0.027293471777659326,True,True,False
4.015,0.2495301340991663,1.5410088377991265,0.061414841170893325,0.04595983356050071,0.0,0.004427756309283104,0.22554293816070087,0.0,0.3839616126281918,0.475,0.0,0.38999999999999996,-1.0851754772944913,129.94252263113648,0.03375235129376536,True,True,False
4.0200000000000005,0.24922859166345993,1.5207002177345978,0.06265894672956794,0.04595983356050071,0.0,0.004427756309283104,0.22584264335037885,0.0,0.38404160005327365,0.475,0.0,0.38999999999999996,-1.0993331612227986,129.94258335853996,0.0400823313152434,True,True,False
4.025,0.24892111580709558,1.499968613737983,0.06387581981798848,0.04595983356050071,0.0,0.004427756309283104,0.22614826493218596,0.0,0.38412327911263455,0.475,0.0,0.38999999999999996,-0.982220142832251,129.94264552495903,0.04628884006055248,True,True,False
4.03,0.24860775580013655,1.478892760826656,0.06507332822945328,0.04595983356050071,0.0,0.004427756309283104,0.22645976206414528,0.0,0.3842063508244752,0.475,0.0,0.38999999999999996,-0.9594815398590952,129.94270891950652,0.05236439592738479,True,True,False
4.035,0.24828855158970634,1.4575552835999814,0.06624576333265397,0.04595983356050071,0.0,0.004427756309283104,0.22677710326538958,0.0,0.38429050026769407,0.475,0.0,0.38999999999999996,-1.0144428813771391,129.94277333431552,0.05831841591857523,True,True,False
4.04,0.24796359109195582,1.436015070216621,0.06738886166531981,0.04595983356050071,0.0,0.004427756309283104,0.22710020668769887,0.0,0.3843755015390652,0.475,0.0,0.38999999999999996,-0.982159738264974,129.94283856863743,0.06415901948821318,True,True,False
4.045,0.24763295994600665,1.4143309827864012,0.06850806801523564,0.04595983356050071,0.0,0.004427756309283104,0.2274289925095999,0.0,0.3844611281104546,0.475,0.0,0.38999999999999996,-0.8717891752347462,129.94290442582133,0.06988217598484643,True,True,False
4.05,0.24729670144528512,1.3925808010408056,0.06960815566845706,0.06627540586630953,0.0,0.00378989521622427,0.22776342460278962,0.0,0.38454708045373837,0.475,0.0,0.38999999999999996,-0.894543538224852,129.93450231077853,0.04346784055314476,True,True,False
4.055,0.24695487322038703,1.3708343657664226,0.07068134777678989,0.06627540586630953,0.0,0.00378989521622427,0.22810345170161378,0.0,0.3846330785695996,0.475,0.0,0.38999999999999996,-0.9022353376124717,129.9345984023476,0.050112771631707895,True,True,False
4.0600000000000005,0.2466075621698008,1.3491460953243122,0.07173014543606829,0.06627540586630953,0.0,0.00378989521622427,0.22844899167383015,0.0,0.38471890042878426,0.475,0.0,0.38999999999999996,-0.8416659452998557,129.93469595475548,0.0566168071377863,True,True,False
4.065,0.24625483417095653,1.327578495750126,0.07275910980889659,0.06627540586630953,0.0,0.00378989521622427,0.22879998360558063,0.0,0.3848043017838841,0.475,0.0,0.38999999999999996,-0.9116963927405469,129.93479469618708,0.06297659381087434,True,True,False
4.07,0.24589676917054668,1.3061856164688699,0.07376179121683832,0.06627540586630953,0.0,0.00378989521622427,0.229156351551948,0.0,0.38488906992184874,0.475,0.0,0.38999999999999996,-0.8384845707500679,129.9348943617829,0.06920156383407783,True,True,False
4.075,0.24553344300289195,1.2850214731647416,0.07474722261889037,0.06627540586630953,0.0,0.00378989521622427,0.22951802343421246,0.0,0.38497299152491893,0.475,0.0,0.38999999999999996,-0.9326217950290492,129.9349946926052,0.0752832208117105,True,True,False
4.08,0.24516493633546493,1.2641357137902829,0.07570660602844669,0.06627540586630953,0.0,0.00378989521622427,0.22988492175956274,0.0,0.38505586938310626,0.475,0.0,0.38999999999999996,-0.8774474668521989,129.9350954363918,0.08123307054343805,True,True,False
4.085,0.24479133242495799,1.2435744821195356,0.07664984217475818,0.06627540586630953,0.0,0.00378989521622427,0.23025696595998105,0.0,0.38513751922652456,0.475,0.0,0.38999999999999996,-0.8991732440060541,129.935196347871,0.08704182752261311,True,True,False
4.09,0.24441269535030843,1.2233906242912902,0.07757331075719993,0.06627540586630953,0.0,0.00378989521622427,0.230634094961085,0.0,0.385217730359477,0.475,0.0,0.38999999999999996,-0.88667303820913,129.9352971871245,0.09271469460160911,True,True,False
4.095,0.24402909818016968,1.2036301598507757,0.07848023274703136,0.06627540586630953,0.0,0.00378989521622427,0.23101623797189896,0.0,0.3852963179059508,0.475,0.0,0.38999999999999996,-0.9942215108748823,129.93539772206972,0.09824949194243625,True,True,False
4.1,0.24364063480250453,1.184326483599857,0.07936355206133577,0.07501885149019527,0.0,0.00313213455836051,0.23140330227016712,0.0,0.38537314555147667,0.475,0.0,0.38999999999999996,-1.0165107715071047,129.926921527928,0.08986990339071173,True,True,False
4.105,0.24324740701281325,1.1655064169545468,0.08022914604922492,0.07501885149019527,0.0,0.00313213455836051,0.23179518679302807,0.0,0.38544809365000465,0.475,0.0,0.38999999999999996,-1.0734250868251398,129.92703690610668,0.09563679692839386,True,True,False
4.11,0.2428495032152451,1.147200049503969,0.08107600477491943,0.07501885149019527,0.0,0.00313213455836051,0.2321918040119408,0.0,0.3855210299269161,0.475,0.0,0.38999999999999996,-1.151341892054048,129.9271518625829,0.10125864663689713,True,True,False
4.115,0.24244702724695824,1.1294267660117312,0.08190289798024228,0.07501885149019527,0.0,0.00313213455836051,0.23259304994671165,0.0,0.38559187264817635,0.475,0.0,0.38999999999999996,-1.2880418247992849,129.92726615461612,0.10673796224420375,True,True,False
4.12,0.24204011042209242,1.112189483407044,0.08270428834741783,0.07501885149019527,0.0,0.00313213455836051,0.2329987919437829,0.0,0.38566060459623525,0.475,0.0,0.38999999999999996,-1.2811093598785408,129.9273795504925,0.11208154083659924,True,True,False
4.125,0.24162885618566965,1.095500936250177,0.08349448086549453,0.07501885149019527,0.0,0.00313213455836051,0.23340892592674461,0.0,0.3857271707586352,0.475,0.0,0.38999999999999996,-1.3149701740609685,129.9274918256685,0.11727738530815741,True,True,False
4.13,0.2412133325488778,1.0793873589404819,0.08427023331490656,0.07501885149019527,0.0,0.00313213455836051,0.2338233841748275,0.0,0.38579146362108097,0.475,0.0,0.38999999999999996,-1.4288356787096954,129.92760276215486,0.12232668555064805,True,True,False
4.135,0.24079365067987857,1.0638510642046917,0.08502305715302907,0.07501885149019527,0.0,0.00313213455836051,0.2342420541467981,0.0,0.3858534693670371,0.475,0.0,0.38999999999999996,-1.4669841887255595,129.9277121371528,0.12713505720539314,True,True,False
4.14,0.240369923000396,1.0488905058699591,0.08576166774270394,0.07501885149019527,0.0,0.00313213455836051,0.2346648218333611,0.0,0.3859131896512997,0.475,0.0,0.38999999999999996,-1.4718306108755466,129.92781966628974,0.13159426885578218,True,True,False
4.1450000000000005,0.23994221968342835,1.0345201688010766,0.08649082010833355,0.07501885149019527,0.0,0.00313213455836051,0.23509161658499378,0.0,0.3859705640830283,0.475,0.0,0.38999999999999996,-1.4587406058407548,129.9279250794275,0.13573578753900814,True,True,False
4.15,0.23951058899879615,1.0207608054727848,0.08721358927192668,0.0837183553972316,0.0,0.0023913621554526175,0.2355223900682575,0.0,0.3860255083431389,0.475,0.0,0.38999999999999996,-1.3730802190880906,129.91852255428182,0.12597668138193563,True,True,False
4.155,0.2390750426337547,1.0076470098647206,0.08793929796749508,0.0837183553972316,0.0,0.0023913621554526175,0.2359571315840747,0.0,0.38607787432401075,0.475,0.0,0.38999999999999996,-1.411158061096674,129.9186413457979,0.13030485588684187,True,True,False
4.16,0.23863560974384707,0.9952022253777801,0.08865413224984948,0.0837183553972316,0.0,0.0023913621554526175,0.23639581221577569,0.0,0.3861275576636545,0.475,0.0,0.38999999999999996,-1.4680683816420077,129.91875789675865,0.1345065850046313,True,True,False
4.165,0.23819237253912234,0.9834216520919731,0.08935589662935431,0.0837183553972316,0.0,0.0023913621554526175,0.23683834804971243,0.0,0.3861745750397977,0.475,0.0,0.38999999999999996,-1.5271997734868896,129.91887205247352,0.1385833493733325,True,True,False
4.17,0.23774542080803227,0.9722940542390098,0.09004426438171882,0.0837183553972316,0.0,0.0023913621554526175,0.23728464727967857,0.0,0.3862189688917542,0.475,0.0,0.38999999999999996,-1.4109710564428406,129.91898366735117,0.14253477354196334,True,True,False
4.175,0.2372947729482597,0.9618395557077682,0.09074384979028834,0.0837183553972316,0.0,0.0023913621554526175,0.23773469155671056,0.0,0.38626065809575194,0.475,0.0,0.38999999999999996,-1.4906669843613596,129.9190925996882,0.14634003246890362,True,True,False
4.18,0.23684045249155644,0.9520731399699602,0.09142862012392129,0.0837183553972316,0.0,0.0023913621554526175,0.238188457119113,0.0,0.3862995818102513,0.475,0.0,0.38999999999999996,-1.6385098181213313,129.9191987164779,0.15001722990820224,True,True,False
4.1850000000000005,0.23638259097653627,0.9429550750208512,0.09208747460174842,0.0837183553972316,0.0,0.0023913621554526175,0.23864580888409023,0.0,0.3863358959179004,0.475,0.0,0.38999999999999996,-1.7215720915774093,129.91930189998132,0.15357354252537042,True,True,False
4.19,0.23592132003474392,0.9344270476603778,0.09273411994617671,0.0837183553972316,0.0,0.0023913621554526175,0.2391066106992626,0.0,0.38636983042450884,0.475,0.0,0.38999999999999996,-1.8026974019476363,129.91940204118106,0.15700089988111773,True,True,False
4.195,0.2354567188738823,0.9263779797127686,0.09337349358981088,0.0837183553972316,0.0,0.0023913621554526175,0.2395707758301344,0.0,0.3864018241246965,0.475,0.0,0.38999999999999996,-1.8695049133718264,129.91949903770134,0.16029830627975675,True,True,False
4.2,0.23498886021175536,0.9187009680844398,0.09400329568144841,0.08788791748282798,0.0,0.001618800058782185,0.24003822451444365,0.0,0.38643229985916444,0.475,0.0,0.38999999999999996,-1.7174734585244658,129.90959815666506,0.15688390236337796,True,True,False
4.205,0.23451770901498523,0.9113637268726239,0.09466092362889511,0.08788791748282798,0.0,0.001618800058782185,0.24050898955922448,0.0,0.38646137539411113,0.475,0.0,0.38999999999999996,-1.6422229864209517,129.9096977702981,0.1601281551431321,True,True,False
4.21,0.23404317527848573,0.9044057603500905,0.09532680077822227,0.08788791748282798,0.0,0.001618800058782185,0.24098316308220039,0.0,0.38648888430495526,0.475,0.0,0.38999999999999996,-1.705262853707945,129.9097940779089,0.16321550105348215,True,True,False
4.215,0.23356528120653555,0.8978320136914257,0.09597768332071345,0.08788791748282798,0.0,0.001618800058782185,0.24146072275259867,0.0,0.3865148073439979,0.475,0.0,0.38999999999999996,-1.6346847793332082,129.90988699012578,0.16616070750546344,True,True,False
4.22,0.2330840504550277,0.8916437140666155,0.09663660454936884,0.08788791748282798,0.0,0.001618800058782185,0.24194164459109396,0.0,0.38653914019094204,0.475,0.0,0.38999999999999996,-1.6517457064760162,129.90997642714277,0.16894486585211438,True,True,False
4.225,0.23259948404429,0.8858514061543881,0.09728892656324808,0.08788791748282798,0.0,0.001618800058782185,0.24242592783003064,0.0,0.38656184177970043,0.475,0.0,0.38999999999999996,-1.578274856263941,129.91006231735147,0.17157610601870482,True,True,False
4.23,0.23211158032663612,0.8804681565062623,0.09795053510673918,0.08788791748282798,0.0,0.001618800058782185,0.24291357453301587,0.0,0.3865828614768366,0.475,0.0,0.38999999999999996,-1.388339999820024,129.9101445992111,0.17404318801155708,True,True,False
4.235,0.2316202479164236,0.875555761479932,0.09863972527498424,0.08788791748282798,0.0,0.001618800058782185,0.2434046793675747,0.0,0.38660195555802157,0.475,0.0,0.38999999999999996,-1.3546463491387983,129.9102232167277,0.17632104189389597,True,True,False
4.24,0.23112541081424925,0.8711739258578715,0.0993330724670127,0.08788791748282798,0.0,0.001618800058782185,0.24389932146360355,0.0,0.38661889011230854,0.475,0.0,0.38999999999999996,-1.366740257708247,129.9102981100906,0.17834274050219434,True,True,False
4.245,0.23062707623475578,0.8673325591866461,0.10002292661384629,0.08788791748282798,0.0,0.001618800058782185,0.24439749384191997,0.0,0.3866336301147194,0.475,0.0,0.38999999999999996,-1.2667682281560604,129.91036922477477,0.1801337504866212,True,True,False
4.25,0.2301252324588145,0.8640289730838989,0.10072551871266637,0.06369704420818956,0.0,0.0008737439204941654,0.24489920780089758,0.0,0.3866461896939607,0.475,0.0,0.38999999999999996,-1.2365793019998044,129.89868311258348,0.21982423223499747,True,True,False
4.255,0.2296198497379917,0.8612719890347886,0.10143115251073662,0.06369704420818956,0.0,0.0008737439204941654,0.24540449353273802,0.0,0.38665652819073326,0.475,0.0,0.38999999999999996,-1.2953383769073072,129.8986940089568,0.21985476956848277,True,True,False
4.26,0.22911095276206464,0.8590474069127879,0.10212793456979871,0.06369704420818956,0.0,0.0008737439204941654,0.24591332550978645,0.0,0.38666469693191796,0.475,0.0,0.38999999999999996,-1.3087101709152134,129.8987013626848,0.21976775817608138,True,True,False
4.265,0.2285985790793812,0.8573336826790992,0.10282236679388344,0.06369704420818956,0.0,0.0008737439204941654,0.24642566484416684,0.0,0.38667078610165223,0.475,0.0,0.38999999999999996,-1.3049905204080747,129.89870528814265,0.21955975617099704,True,True,False
4.2700000000000005,0.22808274210675153,0.8561191985345492,0.10351717887508557,0.06369704420818956,0.0,0.0008737439204941654,0.24694149741208782,0.0,0.3866748467262116,0.475,0.0,0.38999999999999996,-1.2473075082017446,129.8987059037527,0.2192299031229452,True,True,False
4.275,0.22756342785289907,0.8554038249688484,0.1042205286965664,0.06369704420818956,0.0,0.0008737439204941654,0.24746083721857873,0.0,0.3866768844601061,0.475,0.0,0.38999999999999996,-1.1795392794897797,129.8987033319082,0.21877383120707186,True,True,False
4.28,0.22704059861188267,0.8551971581031413,0.10493387389225595,0.06369704420818956,0.0,0.0008737439204941654,0.24798372260393742,0.0,0.38667686664787637,0.475,0.0,0.38999999999999996,-1.1192473784846069,129.89869769890558,0.21819129280364574,True,True,False
4.285,0.22651421581164674,0.8555074865054152,0.10565616560111368,0.06369704420818956,0.0,0.0008737439204941654,0.24851019275648942,0.0,0.38667476623938923,0.475,0.0,0.38999999999999996,-1.0486739893979473,129.8986891347207,0.21748361826722734,True,True,False
4.29,0.22598424036596187,0.8563415267146329,0.10638869460577773,0.06369704420818956,0.0,0.0008737439204941654,0.24904028734775863,0.0,0.38667056282573886,0.475,0.0,0.38999999999999996,-1.2923251303764076,129.89867777270695,0.21665070195036468,True,True,False
4.295,0.2254507319390083,0.8576564922268918,0.10708847693837463,0.06369704420818956,0.0,0.0008737439204941654,0.24957394444321854,0.0,0.38666443288997693,0.475,0.0,0.38999999999999996,-1.3882077710463703,129.89866374830797,0.21572082032481268,True,True,False
4.3,0.22491380663813043,0.8593800564122372,0.10777397312127829,0.008847295181234949,0.0,0.0002774978365200102,0.25011104393386013,0.0,0.38665666993311193,0.475,0.0,0.38999999999999996,-1.285118215118888,129.88534697779633,0.3011404853046013,True,True,False
4.305,0.22437345988178972,0.8614960368864806,0.10847690355211671,0.008847295181234949,0.0,0.0002774978365200102,0.25065158984970254,0.0,0.3866473350362703,0.475,0.0,0.38999999999999996,-1.272495281041993,129.88522555543767,0.2968652603221834,True,True,False
4.3100000000000005,0.22382964510839023,0.8640067948537817,0.1091830071314293,0.008847295181234949,0.0,0.0002774978365200102,0.2511956293392774,0.0,0.386636415229873,0.475,0.0,0.38999999999999996,-1.3764636567084187,129.88510563867638,0.29255959080955984,True,True,False
4.315,0.2232823916706775,0.866876320185823,0.10987376985103492,0.008847295181234949,0.0,0.0002774978365200102,0.25174313123897696,0.0,0.3866240584718959,0.475,0.0,0.38999999999999996,-1.4464332534657487,129.88498744348377,0.2882362513857958,True,True,False
4.32,0.22273175999602948,0.8700518842308262,0.1105538154585275,0.008847295181234949,0.0,0.0002774978365200102,0.25229403228688096,0.0,0.3866104785157676,0.475,0.0,0.38999999999999996,-1.407104243466411,129.88487117150282,0.283894647678272,True,True,False
4.325,0.22217775499538492,0.8735059868153447,0.11124184889475966,0.008847295181234949,0.0,0.0002774978365200102,0.2528483262256732,0.0,0.3865957887764716,0.475,0.0,0.38999999999999996,-1.4322208624720068,129.88475701742868,0.2795252643741457,True,True,False
4.33,0.22162036292403023,0.8772189088751022,0.11192683434581993,0.008847295181234949,0.0,0.0002774978365200102,0.2534060259115745,0.0,0.3865800715976648,0.475,0.0,0.38999999999999996,-1.284579926593308,129.8846451667835,0.2751360500257336,True,True,False
4.335,0.22105952838620097,0.8811899234997214,0.11263771080267494,0.008847295181234949,0.0,0.0002774978365200102,0.25396718701123683,0.0,0.38656333408605825,0.475,0.0,0.38999999999999996,-1.4251149905532605,129.8845357982649,0.27071061130292046,True,True,False
4.34,0.22049523866918028,0.8853967739856105,0.11332672703865432,0.008847295181234949,0.0,0.0002774978365200102,0.2545318211898053,0.0,0.38654566824193337,0.475,0.0,0.38999999999999996,-1.5361886608531934,129.88442907717211,0.26627821948398483,True,True,False
4.345,0.21992758277122068,0.8897667937537893,0.11399705368848992,0.008847295181234949,0.0,0.0002774978365200102,0.2550998352310496,0.0,0.3865273643754902,0.475,0.0,0.38999999999999996,-1.4387094821943347,129.88432514875188,0.26183961169973047,True,True,False
4.3500000000000005,0.21935655495567283,0.8942718499862925,0.11468647840551342,-0.034968501682655195,0.0,-4.802899607839108e-05,0.25567123334118325,0.0,0.3865085364181432,0.475,0.0,0.38999999999999996,-1.2952099927151566,129.87489410703253,0.3264418214659994,True,True,False
4.355,0.21878204792463296,0.8989322723270005,0.11540160287177606,-0.034968501682655195,0.0,-4.802899607839108e-05,0.2562461244264048,0.0,0.3864891004530969,0.475,0.0,0.38999999999999996,-1.2389120057114427,129.8747415567346,0.3194555282744105,True,True,False
4.36,0.21820397420346516,0.903758165251371,0.11612716027192699,-0.034968501682655195,0.0,-4.802899607839108e-05,0.25682459697209176,0.0,0.3864690126315298,0.475,0.0,0.38999999999999996,-1.2528017316609774,129.87459753907146,0.3125134455450957,True,True,False
4.365,0.21762230574338742,0.9087299121512643,0.11685215444690175,-0.034968501682655195,0.0,-4.802899607839108e-05,0.25740667805025663,0.0,0.3864483525028892,0.475,0.0,0.38999999999999996,-1.3269870993463893,129.8744621017916,0.3056223006049324,True,True,False
4.37,0.21703706139746548,0.9138041134431713,0.11756679134606968,-0.034968501682655195,0.0,-4.802899607839108e-05,0.2579923462581377,0.0,0.38642729269331744,0.475,0.0,0.38999999999999996,-1.409742638723024,129.87433526834067,0.298788884725541,True,True,False
4.375,0.21644828681254835,0.9189231783031139,0.11826886976954111,-0.034968501682655195,0.0,-4.802899607839108e-05,0.25858155239064473,0.0,0.38640606087364443,0.475,0.0,0.38999999999999996,-1.404998616073415,129.87421704058988,0.2920163012960496,True,True,False
4.38,0.21585599865123017,0.9240423735750983,0.11897318326086223,-0.034968501682655195,0.0,-4.802899607839108e-05,0.2591742769607937,0.0,0.3863848335690167,0.475,0.0,0.38999999999999996,-1.426987015166192,129.8741074074831,0.28529773846907186,True,True,False
4.385,0.21526019058830137,0.9291271670547604,0.11967497762254341,-0.034968501682655195,0.0,-4.802899607839108e-05,0.25977052405657425,0.0,0.38636374681434993,0.475,0.0,0.38999999999999996,-1.40413810281214,129.87400634534563,0.27863762814438964,True,True,False
4.39,0.21466084940918417,0.9341455608537834,0.1203820138708692,-0.034968501682655195,0.0,-4.802899607839108e-05,0.26037030475422646,0.0,0.3863429263366959,0.475,0.0,0.38999999999999996,-1.2235448660490365,129.87391381610863,0.27203311369491817,True,True,False
4.3950000000000005,0.21405788635743103,0.939101577186527,0.1211196836574393,-0.034968501682655195,0.0,-4.802899607839108e-05,0.2609737080347188,0.0,0.3863223568140618,0.475,0.0,0.38999999999999996,-1.2292717062634302,129.8738297790779,0.2654700314341756,True,True,False
4.4,0.21345122418571794,0.9439933999011118,0.12185753531116764,-0.06443467414644932,0.0,-0.0001694795084027194,0.2615808109801496,0.0,0.3863020459046923,0.475,0.0,0.38999999999999996,-1.19505986408047,129.86849769128622,0.305412550979916,True,True,False
4.405,0.21284084158035635,0.9487917615765632,0.12260157558050579,-0.06443467414644932,0.0,-0.0001694795084027194,0.2621916329242672,0.0,0.3862821044669692,0.475,0.0,0.38999999999999996,-1.0294497037712924,129.86841608418052,0.29729144674320374,True,True,False
4.41,0.21222666271343069,0.953493463226442,0.12336968849352105,-0.06443467414644932,0.0,-0.0001694795084027194,0.2628062494579025,0.0,0.386262541323523,0.475,0.0,0.38999999999999996,-1.0805352762264757,129.86834716805038,0.28926157781775685,True,True,False
4.415,0.21160863959106485,0.9580816448347662,0.12413177202736546,-0.06443467414644932,0.0,-0.0001694795084027194,0.26342470731474854,0.0,0.38624342247100285,0.475,0.0,0.38999999999999996,-1.014622587357236,129.8682907320118,0.2813406284501088,True,True,False
4.42,0.2109867578283696,0.9625229683554529,0.12490329806064712,-0.06443467414644932,0.0,-0.0001694795084027194,0.26404701843154826,0.0,0.3862248779744817,0.475,0.0,0.38999999999999996,-1.0916573228036777,129.86824654441605,0.2735204277399751,True,True,False
4.425,0.210361011650915,0.9667799299297284,0.1256652188105184,-0.06443467414644932,0.0,-0.0001694795084027194,0.26467318577433135,0.0,0.3862070538525467,0.475,0.0,0.38999999999999996,-1.206351474555957,129.8682143588712,0.2658129842944503,True,True,False
4.43,0.2097314540526605,0.9707865891676887,0.12641128656890044,-0.06443467414644932,0.0,-0.0001694795084027194,0.26530315145175043,0.0,0.3861902063079832,0.475,0.0,0.38999999999999996,-0.9609817013959457,129.8681939046076,0.25822398005592356,True,True,False
4.4350000000000005,0.20909803870379837,0.9745254905544932,0.12719111310253287,-0.06443467414644932,0.0,-0.0001694795084027194,0.26593696023605384,0.0,0.3861744027350174,0.475,0.0,0.38999999999999996,-0.9757592539917739,129.8681849170736,0.25072527899156655,True,True,False
4.44,0.2084606866739509,0.9779959791237485,0.1279694393736127,-0.06443467414644932,0.0,-0.0001694795084027194,0.266574690680632,0.0,0.38615964536781966,0.475,0.0,0.38999999999999996,-0.9448440221663924,129.86818712892241,0.24333750603276552,True,True,False
4.445,0.20781938831272548,0.9811647901459685,0.1287517412113257,-0.06443467414644932,0.0,-0.0001694795084027194,0.26721634970848496,0.0,0.38614606302480614,0.475,0.0,0.38999999999999996,-1.0622876779628534,129.86820025058407,0.23605832964033807,True,True,False
4.45,0.2071741653916543,0.983984551095026,0.12951945717035548,-0.08064863462833127,0.0,-0.0001820319297124247,0.2678619117477691,0.0,0.3861338389920314,0.475,0.0,0.38999999999999996,-1.0168073425332873,129.8660218517212,0.25445526814232267,True,True,False
4.455,0.20652503608940523,0.9864109407289819,0.1302931519402756,-0.08064863462833127,0.0,-0.0001820319297124247,0.26851135501091966,0.0,0.3861231427284859,0.475,0.0,0.38999999999999996,-0.9774246964289727,129.8660601347276,0.2464855096801531,True,True,False
4.46,0.20587197421038,0.9884228444160716,0.131071682767704,-0.08064863462833127,0.0,-0.0001820319297124247,0.2691647037417661,0.0,0.3861140535818855,0.475,0.0,0.38999999999999996,-1.0110888982596882,129.86611091677523,0.23865139854629158,True,True,False
4.465,0.205214978612152,0.9899889558742262,0.13184590021511466,-0.08064863462833127,0.0,-0.0001820319297124247,0.2698219563421357,0.0,0.3861066919570205,0.475,0.0,0.38999999999999996,-0.9447039821442721,129.86617378558293,0.23095904729094804,True,True,False
4.47,0.20455404226594265,0.9910829834284001,0.13262782819471763,-0.08064863462833127,0.0,-0.0001820319297124247,0.27048311745849185,0.0,0.3861011587824051,0.475,0.0,0.38999999999999996,-0.9396699898907812,129.86624832421552,0.22340180273006366,True,True,False
4.4750000000000005,0.20388914867806598,0.9916856847918084,0.13340984702407996,-0.08064863462833127,0.0,-0.0001820319297124247,0.27114820172807796,0.0,0.38609752771052697,0.475,0.0,0.38999999999999996,-0.9260596876575289,129.8663341136085,0.21598438424905853,True,True,False
4.48,0.20322029843314496,0.9917721558650694,0.13419275915400936,-0.08064863462833127,0.0,-0.0001820319297124247,0.27181720630506057,0.0,0.3860958942667765,0.475,0.0,0.38999999999999996,-0.9058573178607291,129.86643072798978,0.20870656527838832,True,True,False
4.485,0.20254748990867408,0.9913213246426802,0.13497706668655896,-0.08064863462833127,0.0,-0.0001820319297124247,0.2724901308568578,0.0,0.38609633916280384,0.475,0.0,0.38999999999999996,-0.9022473312642894,129.8665377399404,0.20156812673359448,True,True,False
4.49,0.20187072620149313,0.9903127466296417,0.13576066875855206,-0.08064863462833127,0.0,-0.0001820319297124247,0.273166970410042,0.0,0.38609894070060974,0.475,0.0,0.38999999999999996,-1.0637808954706067,129.86665472005677,0.1945703435450132,True,True,False
4.495,0.20119006454037033,0.9887027928309495,0.1365238894710195,-0.08064863462833127,0.0,-0.0001820319297124247,0.2738476641586821,0.0,0.38610386661675256,0.475,0.0,0.38999999999999996,-0.9832951277311703,129.86678122749873,0.18772598650633973,True,True,False
4.5,0.20050554131611129,0.9864608998597336,0.13729542321300217,-0.07475298348995785,0.0,-0.0001621212188583276,0.27453217315712974,0.0,0.3861112342107279,0.475,0.0,0.38999999999999996,-0.9047489792828627,129.8678900115048,0.17172551772671396,True,True,False
4.505,0.19981712668355966,0.983591823069695,0.13807390476178208,-0.07475298348995785,0.0,-0.0001621212188583276,0.2752205273983759,0.0,0.38612102551043875,0.475,0.0,0.38999999999999996,-0.9857885547271772,129.86802900113548,0.16548899108129173,True,True,False
4.51,0.1991248397567793,0.9800800815186901,0.1388410058447702,-0.07475298348995785,0.0,-0.0001621212188583276,0.27591270647076516,0.0,0.3861333007141323,0.475,0.0,0.38999999999999996,-0.9765107974811499,129.86817541886103,0.15939239462526852,True,True,False
4.515,0.19842872130762323,0.9759030011173518,0.13960656354953294,-0.07475298348995785,0.0,-0.0001621212188583276,0.27660866785997346,0.0,0.3861481470064273,0.475,0.0,0.38999999999999996,-1.1724919541287369,129.86832886839218,0.15343045889473697,True,True,False
4.5200000000000005,0.1977288531767421,0.9710218181283052,0.14034495391086943,-0.07475298348995785,0.0,-0.0001621212188583276,0.2773083268684331,0.0,0.3861657134912284,0.475,0.0,0.38999999999999996,-1.0798921047573158,129.86848893689157,0.1476374102107515,True,True,False
4.525,0.1970252918943748,0.9654148337491727,0.14109201220566206,-0.07475298348995785,0.0,-0.0001621212188583276,0.27801162550110303,0.0,0.38618608359479173,0.475,0.0,0.38999999999999996,-1.000364164474226,129.86865521883118,0.14197088924060855,True,True,False
4.53,0.1963180133832878,0.9590954395901974,0.1418439238335542,-0.07475298348995785,0.0,-0.0001621212188583276,0.2787185890993167,0.0,0.386209206732372,0.475,0.0,0.38999999999999996,-1.047357110596297,129.86882734497217,0.13643550250935113,True,True,False
4.535,0.1956070483603482,0.9520471488391232,0.1425816454078773,-0.07475298348995785,0.0,-0.0001621212188583276,0.279429186066281,0.0,0.38623514866823794,0.475,0.0,0.38999999999999996,-0.9978390983715372,129.86900492737715,0.13105540153222484,True,True,False
4.54,0.19489247486946268,0.9443245879089,0.14330607933982997,-0.07475298348995785,0.0,-0.0001621212188583276,0.2801433429316598,0.0,0.3862636974298892,0.475,0.0,0.38999999999999996,-0.863016933162515,129.86918757810406,0.1258148012002182,True,True,False
4.545,0.19417433217381913,0.9360373813027829,0.14402992374872844,-0.07475298348995785,0.0,-0.0001621212188583276,0.2808610291308494,0.0,0.3862944278423205,0.475,0.0,0.38999999999999996,-0.9044487754353738,129.86937493711835,0.1206975305901127,True,True,False
4.55,0.19345264919471067,0.9272319126242896,0.1447422176187613,-0.047181029233962835,0.0,-0.00016306013219004084,0.28158221970975666,0.0,0.3863271607648912,0.475,0.0,0.38999999999999996,-1.0017864472900484,129.87258384620947,0.07226377812273033,True,True,False
4.555,0.19272750437777988,0.9178924100285093,0.14543707242425322,-0.047181029233962835,0.0,-0.00016306013219004084,0.2823068355801923,0.0,0.3863619607522543,0.475,0.0,0.38999999999999996,-1.0416268390105223,129.87274394985673,0.06899879262138767,True,True,False
4.5600000000000005,0.19199897926590295,0.9080014459758713,0.1461199414194449,-0.047181029233962835,0.0,-0.00016306013219004084,0.283034794528382,0.0,0.38639889914219094,0.475,0.0,0.38999999999999996,-0.9435115515300256,129.87290500254306,0.06583249424107995,True,True,False
4.565,0.19126710174101513,0.897568581152198,0.14680557210219958,-0.047181029233962835,0.0,-0.00016306013219004084,0.28376607009900345,0.0,0.3864379411812015,0.475,0.0,0.38999999999999996,-0.8630168846169791,129.87306683102028,0.0627410358993856,True,True,False
4.57,0.19053186833100558,0.8866196569725628,0.1474907467073521,-0.047181029233962835,0.0,-0.00016306013219004084,0.28450066841094634,0.0,0.3864789896581457,0.475,0.0,0.38999999999999996,-0.8623919353632743,129.87322927970138,0.05972659207104064,True,True,False
4.575,0.18979330613316137,0.87516784072896,0.14816695365912638,-0.047181029233962835,0.0,-0.00016306013219004084,0.28523856413160237,0.0,0.38652199624498057,0.475,0.0,0.38999999999999996,-0.9087326638499891,129.87339218958076,0.05679996039365828,True,True,False
4.58,0.1890514782068987,0.8632112880995159,0.1488291734984137,-0.047181029233962835,0.0,-0.00016306013219004084,0.28597969495092884,0.0,0.38656697052596595,0.475,0.0,0.38999999999999996,-0.8153318046796291,129.873555396038,0.05396762586140805,True,True,False
4.585,0.18830642557926464,0.8507604386401798,0.14949038149118832,-0.047181029233962835,0.0,-0.00016306013219004084,0.2867240215239033,0.0,0.386613874883069,0.475,0.0,0.38999999999999996,-0.9241200905920123,129.87371874730354,0.051209023656801855,True,True,False
4.59,0.18755820745100993,0.8378187848436426,0.15013082308846348,-0.047181029233962835,0.0,-0.00016306013219004084,0.2874714858976175,0.0,0.3866626985769005,0.475,0.0,0.38999999999999996,-0.9375483620140896,129.87388209404344,0.04854835038298022,True,True,False
4.595,0.18680691319705206,0.8243769323920853,0.15075913713453265,-0.047181029233962835,0.0,-0.00016306013219004084,0.2882219991294518,0.0,0.38671348071473133,0.475,0.0,0.38999999999999996,-0.9789777143346585,129.8740452873003,0.04597026881488331,True,True,False
4.6000000000000005,0.18605261747126553,0.810434788125347,0.15137198021980347,-0.011093126785675644,0.0,-0.0001851045776316263,0.2889754877315923,0.0,0.38676622461971977,0.475,0.0,0.38999999999999996,-0.8822845696577475,129.87740793679993,0.0133836322597084,True,True,False
4.605,0.18529536585000259,0.7960091119436785,0.15198292201794603,-0.011093126785675644,0.0,-0.0001851045776316263,0.2897319084535208,0.0,0.3868208711552191,0.475,0.0,0.38999999999999996,-0.7957095159103097,129.87752007151948,0.013763407739451256,True,True,False
4.61,0.1845351715907205,0.781134558685446,0.15258958475053183,-0.011093126785675644,0.0,-0.0001851045776316263,0.2904912515676799,0.0,0.3868772918875621,0.475,0.0,0.38999999999999996,-0.8843162010042168,129.87762989742077,0.01412668485805929,True,True,False
4.615,0.183772098914818,0.7658241302162985,0.1531756115047998,-0.011093126785675644,0.0,-0.0001851045776316263,0.2912534549803035,0.0,0.3869354392023797,0.475,0.0,0.38999999999999996,-0.7579638839875631,129.87773741259795,0.014363449833591502,True,True,False
4.62,0.1830062037392098,0.7500974786400932,0.15375986099588573,-0.011093126785675644,0.0,-0.0001851045776316263,0.2920184653515471,0.0,0.38699523965444754,0.475,0.0,0.38999999999999996,-0.6427891285231334,129.8778425984663,0.014578873165928055,True,True,False
4.625,0.18223749522859867,0.7339986485189093,0.15433959310058817,-0.011093126785675644,0.0,-0.0001851045776316263,0.292786277620979,0.0,0.38705652518703004,0.475,0.0,0.38999999999999996,-0.6118701840830616,129.8779454954537,0.014792157707654505,True,True,False
4.63,0.18146600887155503,0.7175613448000514,0.15490770268450849,-0.011093126785675644,0.0,-0.0001851045776316263,0.2935568596519444,0.0,0.3871191674107826,0.475,0.0,0.38999999999999996,-0.5834183700329618,129.87804613948393,0.014972679101315875,True,True,False
4.635,0.18069180068549132,0.700811664210043,0.1554636159238127,-0.011093126785675644,0.0,-0.0001851045776316263,0.2943301582327477,0.0,0.38718306713581013,0.475,0.0,0.38999999999999996,-0.5456905930356516,129.8781445593098,0.015133784302664058,True,True,False
4.64,0.1799149265697702,0.6837777034978471,0.15600755272457528,-0.011093126785675644,0.0,-0.0001851045776316263,0.2951061203275676,0.0,0.3872481171888631,0.475,0.0,0.38999999999999996,-0.490375680770575,129.878240794327,0.01529212440923372,True,True,False
4.6450000000000005,0.17913543885841465,0.6664910171223817,0.15654015119902598,-0.011093126785675644,0.0,-0.0001851045776316263,0.29588469658951627,0.0,0.38731419673706713,0.475,0.0,0.38999999999999996,-0.4184521695480513,129.87833489553609,0.015465878326222121,True,True,False
4.65,0.1783533859365015,0.6489865992787206,0.15706177283586503,0.017870165975373498,0.0,-0.00021274665048357888,0.2966658417145524,0.0,0.38738117132374483,0.475,0.0,0.38999999999999996,-0.5107901343353098,129.88048455722617,0.06132596775610796,True,True,False
4.655,0.17756884055737518,0.6312895690375391,0.1575632995917544,0.017870165975373498,0.0,-0.00021274665048357888,0.29744948532441373,0.0,0.38744894623244375,0.475,0.0,0.38999999999999996,-0.2654629795722968,129.88053833448987,0.05986141060120212,True,True,False
4.66,0.17678185260482282,0.6134370075225097,0.15806147821167224,0.017870165975373498,0.0,-0.00021274665048357888,0.29823558047967225,0.0,0.38751738000594466,0.475,0.0,0.38999999999999996,-0.21418894995003152,129.88058983287243,0.05842967174853689,True,True,False
4.665,0.17599245202237004,0.5954759923236934,0.15854616424505566,0.017870165975373498,0.0,-0.00021274665048357888,0.2990241005860175,0.0,0.38758629034758674,0.475,0.0,0.38999999999999996,-0.2137838585930945,129.88063914854425,0.057019008614264094,True,True,False
4.67,0.1752007028067044,0.5774381219022855,0.15901553643467098,0.017870165975373498,0.0,-0.00021274665048357888,0.29981498397071915,0.0,0.38765555490919884,0.475,0.0,0.38999999999999996,-0.16922530690625945,129.88068637129803,0.055627851044791024,True,True,False
4.675,0.17440666999296614,0.5593547101344754,0.1594709447480607,0.017870165975373498,0.0,-0.00021274665048357888,0.300608167763726,0.0,0.3877250522400116,0.475,0.0,0.38999999999999996,-0.06854416319028153,129.8807315875721,0.05425819665621541,True,True,False
4.68,0.17361041133705812,0.5412602644815291,0.15991349743419306,0.017870165975373498,0.0,-0.00021274665048357888,0.3014035963849005,0.0,0.3877946482081089,0.475,0.0,0.38999999999999996,-0.030445389925919338,129.88077488114723,0.052911627672355424,True,True,False
4.6850000000000005,0.17281198619972377,0.5231881541162947,0.1603415197222426,0.017870165975373498,0.0,-0.00021274665048357888,0.3022012124240184,0.0,0.38786421289349715,0.475,0.0,0.38999999999999996,-0.08837141955541471,129.8808163326174,0.051586966321197095,True,True,False
4.69,0.17201146373781592,0.5051667748564529,0.16075332652416877,0.017870165975373498,0.0,-0.00021274665048357888,0.3030009482716104,0.0,0.3879336356176305,0.475,0.0,0.38999999999999996,-0.09147847548753348,129.88085601905664,0.05028333200261543,True,True,False
4.695,0.1712089148653703,0.4872229403014519,0.16115007560261077,0.017870165975373498,0.0,-0.00021274665048357888,0.3038027343431511,0.0,0.3880028117274734,0.475,0.0,0.38999999999999996,0.030832464570771947,129.88089401465734,0.049002362559887123,True,True,False
4.7,0.17040440107080426,0.46938653029634647,0.16153401236629597,0.03240059999942779,0.0,-0.00023891414172724562,0.30460651047705506,0.0,0.38807162438991233,0.475,0.0,0.38999999999999996,-0.03619405208356684,129.88163787512806,0.0706527402581987,True,True,False
4.705,0.16959798574789262,0.45168543914513953,0.1619023868700886,0.03240059999942779,0.0,-0.00023891414172724562,0.3054122143574609,0.0,0.388139964892105,0.475,0.0,0.38999999999999996,-0.09573373299816992,129.88165837015683,0.06859676580445984,True,True,False
4.71,0.1687897409233235,0.4341423847608102,0.1622551349805101,0.03240059999942779,0.0,-0.00023891414172724562,0.30621977467194694,0.0,0.38820774466821484,0.475,0.0,0.38999999999999996,-0.13385636148177474,129.88167756029696,0.06658608657293594,True,True,False
4.715,0.16797973806755495,0.41677868755679187,0.1625927203357519,0.03240059999942779,0.0,-0.00023891414172724562,0.3070291204934224,0.0,0.38827487999513927,0.475,0.0,0.38999999999999996,-0.07714218198728733,129.88169552344172,0.06462135550383769,True,True,False
4.72,0.16716804080660028,0.39961752914360826,0.16291764079959975,0.03240059999942779,0.0,-0.00023891414172724562,0.3078401886989287,0.0,0.3883412797380447,0.475,0.0,0.38999999999999996,-0.01041589393431365,129.8817123336096,0.06270530224528711,True,True,False
4.7250000000000005,0.16635470595555063,0.38268337445535106,0.16323002302779513,0.03240059999942779,0.0,-0.00023891414172724562,0.3086529229021812,0.0,0.388406847599866,0.475,0.0,0.38999999999999996,-0.11496829971503211,129.88172806105035,0.06083816191876412,True,True,False
4.73,0.1655397993500834,0.36599489084708275,0.1635268451319766,0.03240059999942779,0.0,-0.00023891414172724562,0.3094672573567232,0.0,0.38847150994096574,0.475,0.0,0.38999999999999996,-0.13542288072354147,129.88174277196936,0.0590175678032898,True,True,False
4.735,0.16472339104246864,0.34956706481215377,0.16380991428105682,0.03240059999942779,0.0,-0.00023891414172724562,0.310283121874225,0.0,0.3885352075134557,0.475,0.0,0.38999999999999996,0.001215408714515448,129.88175652885658,0.05724522987186733,True,True,False
4.74,0.16390553641888975,0.33341950529307113,0.16408283330463005,0.03240059999942779,0.0,-0.00023891414172724562,0.3111004610131344,0.0,0.3885978628252138,0.475,0.0,0.38999999999999996,0.058361419506038265,129.88176939111298,0.055524548763426496,True,True,False
4.745,0.16308628659790436,0.31757176826241695,0.16434377442405837,0.03240059999942779,0.0,-0.00023891414172724562,0.31191922349980117,0.0,0.3886593984984337,0.475,0.0,0.38999999999999996,0.11026168690819792,129.8817814148966,0.05385378812643833,True,True,False
4.75,0.16226569876573557,0.30203874513149415,0.16459271578962967,0.03603803909563552,0.0,-0.00026407221155978007,0.31273935175222994,0.0,0.38871975543512705,0.475,0.0,0.38999999999999996,0.10792164012265935,129.8816924454192,0.05796730936662786,True,True,False
4.755,0.16144383105711674,0.28683307924403356,0.16482959389039503,0.03603803909563552,0.0,-0.00026407221155978007,0.3135607871048413,0.0,0.38877888321996384,0.475,0.0,0.38999999999999996,-0.032204632656822135,129.88170035105458,0.056190527659713094,True,True,False
4.76,0.1606207459543629,0.27196380570488643,0.16505315410567098,0.03603803909563552,0.0,-0.00026407221155978007,0.31438346638585984,0.0,0.38883674563668125,0.475,0.0,0.38999999999999996,0.009601469435789253,129.88170763062496,0.054468752567749246,True,True,False
4.765,0.15979650311428575,0.2574393216710657,0.16526589669330613,0.03603803909563552,0.0,-0.00026407221155978007,0.31520732919561506,0.0,0.38889330909671643,0.475,0.0,0.38999999999999996,-0.06424369993452884,129.8817143291692,0.05280340056111199,True,True,False
4.7700000000000005,0.1589711604197927,0.24326687223002808,0.16546617175713962,0.03603803909563552,0.0,-0.00026407221155978007,0.3160323168482596,0.0,0.38894854454048267,0.475,0.0,0.38999999999999996,-0.2253420935734441,129.88172048882078,0.05119317279936467,True,True,False
4.775,0.1581447894676558,0.22944572193049428,0.16565093020249133,0.03603803909563552,0.0,-0.00026407221155978007,0.31685835672248,0.0,0.38900245438460773,0.475,0.0,0.38999999999999996,0.009947547127493933,129.88172614875614,0.049634574286237174,True,True,False
4.78,0.15731744077402998,0.21598286723191598,0.16583095673233114,0.03603803909563552,0.0,-0.00026407221155978007,0.31768539747788993,0.0,0.389055010581564,0.475,0.0,0.38999999999999996,0.12692203047727688,129.88173134585023,0.04813768574801992,True,True,False
4.785,0.15648914808900422,0.20289102389458014,0.16600166218038814,0.03603803909563552,0.0,-0.00026407221155978007,0.31851340465018707,0.0,0.38910616251689395,0.475,0.0,0.38999999999999996,0.22429280614026056,129.8817361147025,0.046697583796017156,True,True,False
4.79,0.15565995977813366,0.19017469937296136,0.16616259459752591,0.03603803909563552,0.0,-0.00026407221155978007,0.3193423289401483,0.0,0.3891558919777628,0.475,0.0,0.38999999999999996,0.30220301557331186,129.88174048738324,0.0453151403363774,True,True,False
4.795,0.15482992354490513,0.17783554456998638,0.16631497243545135,0.03603803909563552,0.0,-0.00026407221155978007,0.32017212164920483,0.0,0.38920419203789836,0.475,0.0,0.38999999999999996,0.27803967901339166,129.88174449381034,0.04399139271131876,True,True,False
4.8,0.15399908512009003,0.16585279513559426,0.16646037937724925,0.029200450874803274,0.0,-0.0002836420680945068,0.32100273563335724,0.0,0.38925114392899623,0.475,0.0,0.38999999999999996,0.17036264020482406,129.8810929733628,0.03194319341319901,True,True,False
4.805,0.15316748075975833,0.1541842119216303,0.16660138217928316,0.029200450874803274,0.0,-0.0002836420680945068,0.3218341329443014,0.0,0.3892969129733744,0.475,0.0,0.38999999999999996,0.21985575806204072,129.88109977812803,0.031107828198133763,True,True,False
4.8100000000000005,0.15233514178328006,0.14279214816233796,0.16673743354119927,0.029200450874803274,0.0,-0.0002836420680945068,0.32266628084084353,0.0,0.38934164654532166,0.475,0.0,0.38999999999999996,0.34361522397897415,129.88110622340892,0.030314572556256615,True,True,False
4.815,0.15150209827543967,0.13165284628729876,0.1668685694540083,0.029200450874803274,0.0,-0.0002836420680945068,0.32349914820260983,0.0,0.3893854379394991,0.475,0.0,0.38999999999999996,0.39887481589524926,129.88111233104547,0.02957263424292161,True,True,False
4.82,0.15066837846485723,0.12075153672701736,0.1669952247615707,0.029200450874803274,0.0,-0.0002836420680945068,0.3243327060045526,0.0,0.3894283451050805,0.475,0.0,0.38999999999999996,0.3397805865913105,129.8811181222105,0.02888281988522618,True,True,False
4.825,0.14983401032419896,0.11007496168859528,0.1671160054470384,0.029200450874803274,0.0,-0.0002836420680945068,0.32516692556345905,0.0,0.3894704202362756,0.475,0.0,0.38999999999999996,0.2633623866608215,129.88112361758115,0.028259415256938883,True,True,False
4.83,0.14899902621890357,0.09961063227722483,0.1672304149893745,0.029200450874803274,0.0,-0.0002836420680945068,0.32600177387078183,0.0,0.38951171265848517,0.475,0.0,0.38999999999999996,0.21554196951244028,129.88112883760874,0.027704272813100204,True,True,False
4.835,0.14816346221180746,0.0893627528628246,0.16733685416506938,0.029200450874803274,0.0,-0.0002836420680945068,0.32683721447284536,0.0,0.38955220604729385,0.475,0.0,0.38999999999999996,0.20961284918053513,129.88113380128547,0.02721626270927058,True,True,False
4.84,0.1473273573418023,0.07934226952015831,0.16743510670488423,0.029200450874803274,0.0,-0.0002836420680945068,0.32767320799994226,0.0,0.3895918575115995,0.475,0.0,0.38999999999999996,0.1886078319362126,129.88113852603414,0.026790545381562406,True,True,False
4.845,0.14649075391292196,0.06954809073568398,0.16752500934783934,0.029200450874803274,0.0,-0.0002836420680945068,0.3285097116585015,0.0,0.3896306714187811,0.475,0.0,0.38999999999999996,0.22257066962733643,129.88114302746246,0.02642136433262495,True,True,False
4.8500000000000005,0.14565369353061894,0.05997767117223277,0.16760698113952782,0.011964404730495648,0.0,-0.0002824636392432054,0.3293466833487726,0.0,0.3896686578675246,0.475,0.0,0.38999999999999996,0.17838335496863553,129.88024222304932,0.0010642307327477576,True,True,False
4.855,0.14481621686129634,0.05062904177535546,0.16768091169294302,0.011964404730495648,0.0,-0.0002824636392432054,0.33018408193006554,0.0,0.38970582389620795,0.475,0.0,0.38999999999999996,0.18579772511501128,129.88025334784496,0.0003507889492840935,True,True,False
4.86,0.14397836389433283,0.041500329657479865,0.16774716646414733,0.011964404730495648,0.0,-0.0002824636392432054,0.3310218669500179,0.0,0.3897421761636755,0.475,0.0,0.38999999999999996,0.21898274612628552,129.88026441579953,0.0003886952183270523,True,True,False
4.865,0.14314017293628872,0.03258998912617083,0.1678060402126897,0.011964404730495648,0.0,-0.0002824636392432054,0.3318599996499175,0.0,0.38977772087583445,0.475,0.0,0.38999999999999996,0.18829827142146643,129.88027543059778,0.0011541224301625866,True,True,False
4.87,0.14230168178014255,0.023896194849053875,0.16785745553602216,0.011964404730495648,0.0,-0.0002824636392432054,0.33269844179273306,0.0,0.3898124653611277,0.475,0.0,0.38999999999999996,0.172927767088024,129.8802863953617,0.001943812333411954,True,True,False
4.875,0.14146292779702385,0.015416705246513918,0.16790167793656063,0.011964404730495648,0.0,-0.0002824636392432054,0.33353715557199887,0.0,0.38984641860419705,0.475,0.0,0.38999999999999996,0.22544003194496054,129.88029731266525,0.002757711316076057,True,True,False
4.88,0.14062394670593636,0.007149473704056167,0.16793908280505138,0.011964404730495648,0.0,-0.0002824636392432054,0.3343761048459307,0.0,0.38987958882375273,0.475,0.0,0.38999999999999996,0.0973071113746713,129.880308184865,0.003596716603591933,True,True,False
4.885,0.13978477448801077,0.0009083449452591197,0.16796923068651287,0.011964404730495648,0.0,-0.0002824636392432054,0.335215253219659,0.0,0.389911987387373,0.475,0.0,0.38999999999999996,0.04368090251202264,129.880319013768,0.0044580277665521376,True,True,False
4.89,0.13894544823913585,0.008760863148636893,0.16799218054557513,0.011964404730495648,0.0,-0.0002824636392432054,0.3360545631952169,0.0,0.38994363066063337,0.475,0.0,0.38999999999999996,0.13620994602085068,129.88032980066092,0.005342758996213184,True,True,False
4.8950000000000005,0.13810600147800245,0.016411437179389213,0.1680092493287839,0.011964404730495648,0.0,-0.0002824636392432054,0.3368940008702611,0.0,0.3899745320086819,0.475,0.0,0.38999999999999996,0.08088712322424793,129.8803405466576,0.0062508767550870925,True,True,False
4.9,0.13726646656777744,0.02386373505057856,0.16801958650060755,-0.008554173605882398,0.0,-0.0002519996281886359,0.33773353351289204,0.0,0.3900047059996656,0.475,0.0,0.38999999999999996,-0.002732001172111989,129.87974438402333,0.0251645506185037,True,True,False
4.905,0.13642687978383755,0.031123769290558528,0.1680225907493709,-0.008554173605882398,0.0,-0.0002519996281886359,0.338573124496782,0.0,0.3900341757681405,0.475,0.0,0.38999999999999996,-0.17427714158200863,129.87976428258165,0.023050488461070835,True,True,False
4.91,0.13558728764396133,0.03820306545147281,0.16801504936948308,-0.008554173605882398,0.0,-0.0002519996281886359,0.3394127269859345,0.0,0.3900629861538772,0.475,0.0,0.38999999999999996,-0.23777663881614464,129.8797847026817,0.02094924165384323,True,True,False
4.915,0.1347477398639783,0.04511575548622897,0.16799902485709808,-0.008554173605882398,0.0,-0.0002519996281886359,0.3402522909942165,0.0,0.390091192889359,0.475,0.0,0.38999999999999996,-0.26264960734620024,129.87980561664054,0.018859385612194274,True,True,False
4.92,0.13390827700589852,0.051872826342580156,0.16797591512625715,-0.008554173605882398,0.0,-0.0002519996281886359,0.341091775727072,0.0,0.39011883921773516,0.475,0.0,0.38999999999999996,-0.2617410347980771,129.87982699738166,0.01677960197865668,True,True,False
4.925,0.13306893294429892,0.05848317923502479,0.1679468646240755,-0.008554173605882398,0.0,-0.0002519996281886359,0.34193114710576267,0.0,0.3901459600841034,0.475,0.0,0.38999999999999996,-0.23116120519327107,129.87984881836005,0.014708794271773379,True,True,False
4.93,0.13222973516077183,0.06495373442404381,0.16791316642687415,-0.008554173605882398,0.0,-0.0002519996281886359,0.34277037746424166,0.0,0.39017258255628184,0.475,0.0,0.38999999999999996,-0.21081187609359517,129.87987105354378,0.012645697647253255,True,True,False
4.9350000000000005,0.13139070889436877,0.07129126768863918,0.16787440449962865,-0.008554173605882398,0.0,-0.0002519996281886359,0.3436094414011196,0.0,0.39019873308465036,0.475,0.0,0.38999999999999996,-0.29070331605874283,129.87989367702176,0.010591160637516597,True,True,False
4.94,0.1305518914621203,0.07750880929966136,0.1678264729497106,-0.008554173605882398,0.0,-0.0002519996281886359,0.34444830150165506,0.0,0.39022446276859263,0.475,0.0,0.38999999999999996,-0.30913011881918506,129.87991666168472,0.008550636397813415,True,True,False
4.945,0.12971332445418393,0.0836220620708188,0.1677718939655959,-0.008554173605882398,0.0,-0.0002519996281886359,0.3452869161405425,0.0,0.3902498331958588,0.475,0.0,0.38999999999999996,-0.2745170296459778,129.87993997991487,0.006521754352819258,True,True,False
4.95,0.1288750362079453,0.08964145413216953,0.16771316598049768,-0.025026551989067114,0.0,-0.00019858095512345826,0.34612525695157076,0.0,0.3902748850679124,0.475,0.0,0.38999999999999996,-0.2560950463213135,129.87994355141478,0.0304690646955399,True,True,False
4.955,0.12803705047347788,0.09557583529454733,0.16764953661297555,-0.025026551989067114,0.0,-0.00019858095512345826,0.34696330017428173,0.0,0.39029965261027916,0.475,0.0,0.38999999999999996,-0.18625523368942304,129.8799773030499,0.027527297976232948,True,True,False
4.96,0.12719938792793922,0.1014332480647663,0.16758294254281206,-0.025026551989067114,0.0,-0.00019858095512345826,0.3478010251411913,0.0,0.3903241667943058,0.475,0.0,0.38999999999999996,-0.0697508213222809,129.88001200463867,0.02461836229026171,True,True,False
4.965,0.12636206223121751,0.10721927417982348,0.16751413218137987,-0.025026551989067114,0.0,-0.00019858095512345826,0.34863841820161234,0.0,0.39034844904287147,0.475,0.0,0.38999999999999996,-0.019489100494903662,129.88004759698327,0.02174167625078141,True,True,False
4.97,0.12552509138376916,0.11294182481505077,0.16744073967075523,-0.025026551989067114,0.0,-0.00019858095512345826,0.3494754614095486,0.0,0.3903725299422567,0.475,0.0,0.38999999999999996,0.07524470528305105,129.88008402055422,0.018900700715511254,True,True,False
4.9750000000000005,0.1246884989629034,0.11861151860046795,0.16736303184487858,-0.025026551989067114,0.0,-0.00019858095512345826,0.3503121313020144,0.0,0.3903964507231271,0.475,0.0,0.38999999999999996,0.08575839714480131,129.8801212151034,0.016096172372184525,True,True,False
4.98,0.12385231115955028,0.12424047062051546,0.167279780104037,-0.025026551989067114,0.0,-0.00019858095512345826,0.3511484018578126,0.0,0.3904202584778333,0.475,0.0,0.38999999999999996,0.16072140231641052,129.88015912065376,0.013328768068993191,True,True,False
4.985,0.12301655690943789,0.12984232659293657,0.167191202233354,-0.025026551989067114,0.0,-0.00019858095512345826,0.3519842443738696,0.0,0.3904440062895285,0.475,0.0,0.38999999999999996,0.09173973298961233,129.880197677809,0.010598157914541856,True,True,False
4.99,0.12218126618321061,0.1354313163826305,0.16709671135134668,-0.025026551989067114,0.0,-0.00019858095512345826,0.35281962916844695,0.0,0.39046774950213803,0.475,0.0,0.38999999999999996,0.24037570983580914,129.88023682784691,0.007904910356056422,True,True,False
4.995,0.12134646837293184,0.14102137111634547,0.1669971307585292,-0.025026551989067114,0.0,-0.00019858095512345826,0.35365452718449697,0.0,0.39049154223111127,0.475,0.0,0.38999999999999996,0.29375900960955115,129.88027651314192,0.005247232240138913,True,True,False
5.0,0.1205121907859294,0.14662539030735153,0.16689244261340988,-0.036934387180607375,0.0,-0.0001395405737893373,0.35448891148395334,0.0,0.39051543447868464,0.475,0.0,0.38999999999999996,0.27808084257611676,129.88065303136173,0.021396361484924964,True,True,False
5.005,0.1196784629395623,0.1522571778490595,0.16678185868119588,-0.036934387180607375,0.0,-0.0001395405737893373,0.35532275298541177,0.0,0.39053947992124494,0.475,0.0,0.38999999999999996,0.09236696638951603,129.88070303781177,0.018136670866641794,True,True,False
5.01,0.11884531852682223,0.15793223243958374,0.16666462279284128,-0.036934387180607375,0.0,-0.0001395405737893373,0.35615601851928147,0.0,0.39056373890452234,0.475,0.0,0.38999999999999996,0.09373334615382063,129.88075399260376,0.014933588047471968,True,True,False
5.015,0.11801279084317744,0.16366536429527764,0.16654165692226686,-0.036934387180607375,0.0,-0.0001395405737893373,0.3569886753642427,0.0,0.3905882689091372,0.475,0.0,0.38999999999999996,0.07626753910052761,129.88080580846628,0.011784701853306892,True,True,False
5.0200000000000005,0.11718091124366183,0.16946987129998461,0.16641278161040485,-0.036934387180607375,0.0,-0.0001395405737893373,0.3578206927737474,0.0,0.39061312141575777,0.475,0.0,0.38999999999999996,0.03589733338932448,129.88085840026133,0.00868983783415321,True,True,False
5.025,0.11634971249565171,0.17535902522007857,0.16627766107561445,-0.036934387180607375,0.0,-0.0001395405737893373,0.35865203865159007,0.0,0.39063834778116957,0.475,0.0,0.38999999999999996,-0.05510583514709385,129.88091168431075,0.005649010120158587,True,True,False
5.03,0.11551923151480914,0.1813472118161082,0.1661350934074691,-0.036934387180607375,0.0,-0.0001395405737893373,0.35948267684534096,0.0,0.3906640037305272,0.475,0.0,0.38999999999999996,-0.06002358521406437,129.88096557817892,0.0026630657297953553,True,True,False
5.035,0.11468950459690898,0.18744772991139583,0.16598653029241797,-0.036934387180607375,0.0,-0.0001395405737893373,0.36031257187251253,0.0,0.39069014070073393,0.475,0.0,0.38999999999999996,-0.10793348692241977,129.88102000109214,0.0002691618443693006,True,True,False
5.04,0.11386056726166728,0.19367264889272637,0.16583082612679745,-0.036934387180607375,0.0,-0.0001395405737893373,0.36114168907221333,0.0,0.3907168052874508,0.475,0.0,0.38999999999999996,-0.05071177780407034,129.88107487400902,0.003146818215908481,True,True,False
5.045,0.1130324512389559,0.20003137355409256,0.16567054275048332,-0.036934387180607375,0.0,-0.0001395405737893373,0.3619699975798873,0.0,0.3907440335988824,0.475,0.0,0.38999999999999996,-0.015911057070403967,129.88113012000997,0.005972308254984515,True,True,False
5.05,0.11220518345708842,0.20653015693474389,0.16550489871906937,-0.04200968658341564,0.0,-8.918603358728779e-05,0.3627974713153804,0.0,0.3907718493479918,0.475,0.0,0.38999999999999996,-0.003682647360159901,129.88170655162668,0.0007448823524810605,True,True,False
5.055,0.11137879437638029,0.21317580508917508,0.16533335159484014,-0.04200968658341564,0.0,-8.918603358728779e-05,0.3636240807421444,0.0,0.39080027882868346,0.475,0.0,0.38999999999999996,0.012908782604432099,129.88176729830454,0.0037524356038687173,True,True,False
5.0600000000000005,0.11055331591716462,0.2199746859413361,0.16515588265292616,-0.04200968658341564,0.0,-8.918603358728779e-05,0.3644497949144712,0.0,0.3908293466271312,0.475,0.0,0.38999999999999996,0.06163775323951837,129.88182843748288,0.006699718082422437,True,True,False
5.065,0.10972877918400127,0.2269316312490571,0.16497277592097698,-0.04200968658341564,0.0,-8.918603358728779e-05,0.3652745837175059,0.0,0.39085907091947564,0.475,0.0,0.38999999999999996,0.11901440986611726,129.88188988423192,0.009586539705628894,True,True,False
5.07,0.10890521517235302,0.23405028025616853,0.16478374714484056,-0.04200968658341564,0.0,-8.918603358728779e-05,0.3660984171677387,0.0,0.3908894652127267,0.475,0.0,0.38999999999999996,0.2289049840755753,129.88195155560524,0.012412813611127754,True,True,False
5.075,0.10808265605803691,0.241333784111365,0.16458860853571278,-0.04200968658341564,0.0,-8.918603358728779e-05,0.3669212641420736,0.0,0.3909205410976602,0.475,0.0,0.38999999999999996,0.2484523161748794,129.88201337139637,0.015180363704463212,True,True,False
5.08,0.10726113577022789,0.2487861616343034,0.16438692977327346,-0.04200968658341564,0.0,-8.918603358728779e-05,0.3677430918515862,0.0,0.39095231358385435,0.475,0.0,0.38999999999999996,0.2507057607655389,129.88207525373983,0.017887641861580775,True,True,False
5.085,0.10644069068017575,0.2564133240703406,0.1641783455581777,-0.04200968658341564,0.0,-8.918603358728779e-05,0.36856386519941575,0.0,0.3909848051506341,0.475,0.0,0.38999999999999996,0.35023211259434206,129.8821371263084,0.020534055569530904,True,True,False
5.09,0.10562135750841921,0.26420505198213845,0.1639613536360402,-0.04200968658341564,0.0,-8.918603358728779e-05,0.36938354820901736,0.0,0.3910179749527122,0.475,0.0,0.38999999999999996,0.31411306643395853,129.88219891592925,0.023122865213549115,True,True,False
5.095,0.10480318280482065,0.2721273148580465,0.16373285568695098,-0.04200968658341564,0.0,-8.918603358728779e-05,0.37020209412011573,0.0,0.3910516887427269,0.475,0.0,0.38999999999999996,0.318739142132432,129.88226055093403,0.02564778279043009,True,True,False
5.1000000000000005,0.10398621695817112,0.2801539268746189,0.16349412153614823,-0.04078133453792665,0.0,-5.6307280583998704e-05,0.3710194524826328,0.0,0.3910858431103894,0.475,0.0,0.38999999999999996,0.3574553125286255,129.88277985018067,0.030045768978641627,True,True,False
5.105,0.1031705052834652,0.28826405405350636,0.16324624616031014,-0.04078133453792665,0.0,-5.6307280583998704e-05,0.37183557801871514,0.0,0.391120356065239,0.475,0.0,0.38999999999999996,0.453831913855653,129.88283958901883,0.03237520014058225,True,True,False
5.11,0.10235608505869231,0.29643874070169846,0.16299142496151284,-0.04078133453792665,0.0,-5.6307280583998704e-05,0.37265043346311655,0.0,0.3911551529138288,0.475,0.0,0.38999999999999996,0.5395064163840729,129.88289892407482,0.034647673592791334,True,True,False
5.115,0.1015429856949274,0.3046597626153281,0.16273057752232567,-0.04078133453792665,0.0,-5.6307280583998704e-05,0.37346398934412717,0.0,0.39119016130449286,0.475,0.0,0.38999999999999996,0.5092224108237348,129.88295779860206,0.036864772611765226,True,True,False
5.12,0.10073124588264341,0.31291574519522153,0.16245957381393078,-0.04078133453792665,0.0,-5.6307280583998704e-05,0.3742762071351065,0.0,0.391225335863998,0.475,0.0,0.38999999999999996,0.5018978836204717,129.8830161568131,0.03901913061075238,True,True,False
5.125,0.09992091321624866,0.32120077854066975,0.16217946709367173,-0.04078133453792665,0.0,-5.6307280583998704e-05,0.3750870396164435,0.0,0.3912606527527329,0.475,0.0,0.38999999999999996,0.318880215093869,129.88307394399467,0.041112753138492844,True,True,False
5.13,0.09911204560952475,0.3295144764767591,0.1618855216495302,-0.04078133453792665,0.0,-5.6307280583998704e-05,0.37589642950953556,0.0,0.3912961099282325,0.475,0.0,0.38999999999999996,0.39135032908869244,129.88313110635622,0.04313651946079236,True,True,False
5.135,0.09830469579639513,0.33785491914102106,0.16158466792581616,-0.04078133453792665,0.0,-5.6307280583998704e-05,0.3767043246492261,0.0,0.39133169927425376,0.475,0.0,0.38999999999999996,0.3523459720277592,129.88318759361866,0.045104189973246056,True,True,False
5.14,0.0974989007581373,0.34621843518285544,0.16127576567682678,-0.04078133453792665,0.0,-5.6307280583998704e-05,0.37751068853069253,0.0,0.39136740567698963,0.475,0.0,0.38999999999999996,0.36240899477354455,129.88324336103182,0.04701433197088194,True,True,False
5.1450000000000005,0.09669469848756194,0.35460506771976386,0.16095991619214833,-0.04078133453792665,0.0,-5.6307280583998704e-05,0.37831548384077396,0.0,0.3914032286545239,0.475,0.0,0.38999999999999996,0.2913576153207599,129.88329836669357,0.04887077035546844,True,True,False
5.15,0.09589212824025092,0.363015452585889,0.1606356722243399,-0.035280380975843184,0.0,-3.978360992357914e-05,0.3791186720580151,0.0,0.39143917008246937,0.475,0.0,0.38999999999999996,0.2067217383772476,129.88360964771582,0.059343421256705164,True,True,False
5.155,0.09509123235852072,0.37145151046351693,0.16030338862280913,-0.035280380975843184,0.0,-3.978360992357914e-05,0.37992021168355045,0.0,0.3914752373237298,0.475,0.0,0.38999999999999996,0.16419868672357557,129.88365650497403,0.06077918912447451,True,True,False
5.16,0.09429205038052842,0.3799133852782172,0.15996368012211779,-0.035280380975843184,0.0,-3.978360992357914e-05,0.38072006394735003,0.0,0.3915114307368664,0.475,0.0,0.38999999999999996,0.14650890989670892,129.88370236261693,0.06217149590629908,True,True,False
5.165,0.09349461980962448,0.3883998291569329,0.15961660861364155,-0.035280380975843184,0.0,-3.978360992357914e-05,0.38151819204038084,0.0,0.3915477447939224,0.475,0.0,0.38999999999999996,0.24522993444683874,129.88374720398443,0.06352152153417517,True,True,False
5.17,0.09269897674271932,0.39690811470311654,0.15926253064905208,-0.035280380975843184,0.0,-3.978360992357914e-05,0.38231456047171464,0.0,0.39158416810843416,0.475,0.0,0.38999999999999996,0.2927141092738436,129.88379101464986,0.06483177487354526,True,True,False
5.175,0.09190515581933881,0.40543452076664593,0.1589015904545395,-0.035280380975843184,0.0,-3.978360992357914e-05,0.3831091351376258,0.0,0.3916206853555916,0.475,0.0,0.38999999999999996,0.2669066363331266,129.8838337821809,0.0661025282138635,True,True,False
5.18,0.09111319396813114,0.4139783502150569,0.15853299078069696,-0.035280380975843184,0.0,-3.978360992357914e-05,0.38390187985162316,0.0,0.3916572931262122,0.475,0.0,0.38999999999999996,0.36639921371482975,129.88387549531134,0.06733200994685948,True,True,False
5.1850000000000005,0.09032312517724866,0.4225384046372675,0.15815867184309412,-0.035280380975843184,0.0,-3.978360992357914e-05,0.384692761346243,0.0,0.39169398598527533,0.475,0.0,0.38999999999999996,0.39230923159692044,129.8839161446666,0.06852486002150529,True,True,False
5.19,0.08953498086039219,0.4311121526004562,0.1577775881364363,-0.035280380975843184,0.0,-3.978360992357914e-05,0.38548174883851105,0.0,0.3917307532057982,0.475,0.0,0.38999999999999996,0.5635074477110404,129.88395572272464,0.06967943254361386,True,True,False
5.195,0.0887487811760344,0.43969191762783444,0.1573947395852619,-0.035280380975843184,0.0,-3.978360992357914e-05,0.38626882239690385,0.0,0.39176756369035126,0.475,0.0,0.38999999999999996,0.6914489336674029,129.88399422446383,0.07080541091810807,True,True,False
5.2,0.08796453045133444,0.44826285470957117,0.1570106640795766,-0.02737338072117146,0.0,-3.686854790485567e-05,0.38705397729326774,0.0,0.3918043579441676,0.475,0.0,0.38999999999999996,0.7155259134983266,129.88403289401887,0.08436875410216443,True,True,False
5.205,0.08718224474503963,0.4568151088554253,0.1566206206753632,-0.02737338072117146,0.0,-3.686854790485567e-05,0.38783719736708305,0.0,0.39184109640137643,0.475,0.0,0.38999999999999996,0.5963515878304578,129.8840600219359,0.08498556978631697,True,True,False
5.21,0.08640197419908882,0.465353381918966,0.15621727466668023,-0.02737338072117146,0.0,-3.686854790485567e-05,0.3886184335430554,0.0,0.3918777970988586,0.475,0.0,0.38999999999999996,0.6371353768349871,129.88408600016527,0.08556739125356015,True,True,False
5.215,0.08562376703827672,0.47388105987245777,0.15580860544572028,-0.02737338072117146,0.0,-3.686854790485567e-05,0.38939763860594667,0.0,0.39191447266550716,0.475,0.0,0.38999999999999996,0.5150021624002852,129.88411084286628,0.08612787274553216,True,True,False
5.22,0.08484766893539042,0.48240005207756287,0.1553875112998453,-0.02737338072117146,0.0,-3.686854790485567e-05,0.39017476781146365,0.0,0.39195112991123515,0.475,0.0,0.38999999999999996,0.5904028628532544,129.8841345649854,0.086655252972315,True,True,False
5.2250000000000005,0.0840737220832711,0.4909103921261092,0.15496229351861845,-0.02737338072117146,0.0,-3.686854790485567e-05,0.3909497797599921,0.0,0.39198776823127834,0.475,0.0,0.38999999999999996,0.55960094655832,129.88415718221722,0.08716426053621679,True,True,False
5.23,0.08330195726996217,0.4994068282200321,0.1545286175544227,-0.02737338072117146,0.0,-3.686854790485567e-05,0.39172264397239676,0.0,0.3920243660880433,0.475,0.0,0.38999999999999996,0.6988964642755662,129.88417871144452,0.08764817101517286,True,True,False
5.235,0.08253239443638247,0.5078791341680667,0.1540945708090659,-0.02737338072117146,0.0,-3.686854790485567e-05,0.39249334029401606,0.0,0.3920608822294309,0.475,0.0,0.38999999999999996,0.7313593760294487,129.88419917047608,0.08812147035535751,True,True,False
5.24,0.08176504397351865,0.5163127021873457,0.1536553379266954,-0.02737338072117146,0.0,-3.686854790485567e-05,0.39326185758910465,0.0,0.39209725802123446,0.475,0.0,0.38999999999999996,0.7452244442093444,129.88421857789496,0.08857694310403615,True,True,False
5.245,0.08099993257345227,0.5246997437980381,0.15320996025621353,-0.02737338072117146,0.0,-3.686854790485567e-05,0.39402816898816617,0.0,0.3921334618568986,0.475,0.0,0.38999999999999996,0.8422222414319591,129.88423695166335,0.08901357300166131,True,True,False
5.25,0.08023707357443116,0.5330265089072144,0.15276401223304242,-0.024928104029160014,0.0,-4.408077839794945e-05,0.3947922602711884,0.0,0.3921694384950726,0.475,0.0,0.38999999999999996,0.820305255547443,129.884119803981,0.09329592371085453,True,True,False
5.255,0.07947648631866962,0.5412816777618145,0.15230975595688825,-0.024928104029160014,0.0,-4.408077839794945e-05,0.39555411133887397,0.0,0.3922051422642655,0.475,0.0,0.38999999999999996,0.9574887268034871,129.88413351772576,0.09356426331318964,True,True,False
5.26,0.07871817547215121,0.5494440032105026,0.15185967618350493,-0.024928104029160014,0.0,-4.408077839794945e-05,0.39631371554291134,0.0,0.3922404883401883,0.475,0.0,0.38999999999999996,1.0618722823207094,129.88414626058662,0.09383898734971333,True,True,False
5.265,0.07796210971767858,0.5574709464065851,0.15141292267872183,-0.024928104029160014,0.0,-4.408077839794945e-05,0.3970710995476405,0.0,0.3922753078731472,0.475,0.0,0.38999999999999996,1.114969836823316,129.8841580566769,0.09412134922230322,True,True,False
5.2700000000000005,0.0772082721627456,0.5653276839990827,0.15096549152519448,-0.024928104029160014,0.0,-4.408077839794945e-05,0.397826276018231,0.0,0.3923094625223923,0.475,0.0,0.38999999999999996,1.0788189368535972,129.88416892912846,0.09440550587462719,True,True,False
5.275,0.07645668358492229,0.5729996562442792,0.15050867536222073,-0.024928104029160014,0.0,-4.408077839794945e-05,0.3985792219870544,0.0,0.3923428940865991,0.475,0.0,0.38999999999999996,1.0552171664946017,129.88417889951177,0.09467634320869715,True,True,False
5.28,0.07570738697772328,0.5804852790591158,0.15004384811749344,-0.024928104029160014,0.0,-4.408077839794945e-05,0.39932989369472077,0.0,0.39237559566056335,0.475,0.0,0.38999999999999996,1.1071835808915693,129.88418798849648,0.09493508638359496,True,True,False
5.285,0.07496039996353172,0.5877723016315001,0.1495785297009292,-0.024928104029160014,0.0,-4.408077839794945e-05,0.4000782713791574,0.0,0.3924075180492501,0.475,0.0,0.38999999999999996,1.214246065257533,129.88419621712367,0.09519414965339533,True,True,False
5.29,0.07421569926463156,0.5948295989316866,0.1491193239009775,-0.024928104029160014,0.0,-4.408077839794945e-05,0.4008243735906345,0.0,0.3924385372903598,0.475,0.0,0.38999999999999996,1.2320186046655728,129.8842036069184,0.0954654260655086,True,True,False
5.295,0.0734732692556466,0.6016306118054937,0.1486570674545169,-0.024928104029160014,0.0,-4.408077839794945e-05,0.40156821145871385,0.0,0.39246854749611637,0.475,0.0,0.38999999999999996,1.2653929529706265,129.88421017868245,0.09573418376713803,True,True,False
5.3,0.07273311465510719,0.6081656483803161,0.1481953824395616,-0.03591578847015664,0.0,-6.076662875041143e-05,0.40230977772574517,0.0,0.39249750938985195,0.475,0.0,0.38999999999999996,1.1676981977419403,129.884284455618,0.07868280232239327,True,True,False
5.305,0.07199527424501878,0.6144650977816649,0.14772028370691914,-0.03591578847015664,0.0,-6.076662875041143e-05,0.40304903646548546,0.0,0.3925255415400317,0.475,0.0,0.38999999999999996,1.0673954804508308,129.88430037481228,0.07955055377014394,True,True,False
5.3100000000000005,0.0712598288932067,0.6205767636688008,0.1472317029792389,-0.03591578847015664,0.0,-6.076662875041143e-05,0.4037859124579736,0.0,0.3925528316524393,0.475,0.0,0.38999999999999996,0.9769915551133201,129.8843155193338,0.08037839520275364,True,True,False
5.315,0.07052685335806481,0.626538067005421,0.1467310018167839,-0.03591578847015664,0.0,-6.076662875041143e-05,0.4045203356566279,0.0,0.39257952682397135,0.475,0.0,0.38999999999999996,0.9730330798884411,129.8843298909367,0.08116874271219193,True,True,False
5.32,0.0697963940988179,0.6323703480908852,0.14622636627164098,-0.03591578847015664,0.0,-6.076662875041143e-05,0.4052522623891295,0.0,0.39260571052933035,0.475,0.0,0.38999999999999996,1.0647127355627761,129.88434349338453,0.08193524636652726,True,True,False
5.325,0.06906844718279787,0.6380731018291266,0.14572727218752776,-0.03591578847015664,0.0,-6.076662875041143e-05,0.40598169635909126,0.0,0.39263137963324635,0.475,0.0,0.38999999999999996,1.1862690558138416,129.88435633302265,0.08269460334792189,True,True,False
5.33,0.06834296826554884,0.6436300591177427,0.14523853934945108,-0.03591578847015664,0.0,-6.076662875041143e-05,0.4067086792733951,0.0,0.39265646847558977,0.475,0.0,0.38999999999999996,1.2862880453300685,129.88436841802726,0.08345677073633394,True,True,False
5.335,0.06761990154245638,0.6490214229424776,0.1447593474844549,-0.03591578847015664,0.0,-6.076662875041143e-05,0.40743326355658693,0.0,0.39268089742397105,0.475,0.0,0.38999999999999996,1.3580506596528659,129.88437975706114,0.0842212606173335,True,True,False
5.34,0.06689920418530233,0.6542327144721938,0.14428601797603793,-0.03591578847015664,0.0,-6.076662875041143e-05,0.40815548925360357,0.0,0.3927046078646761,0.475,0.0,0.38999999999999996,1.2983919512286823,129.88439035779186,0.08497471580759978,True,True,False
5.345,0.06618089096596787,0.6592697445286394,0.14380159181973962,-0.03591578847015664,0.0,-6.076662875041143e-05,0.40887534190416186,0.0,0.3927276218135653,0.475,0.0,0.38999999999999996,1.3509953062506745,129.8844002263319,0.08569784908038261,True,True,False
5.3500000000000005,0.06546498390724628,0.6641383257761977,0.1433200377637109,-0.0501837808771457,0.0,-8.993267811812565e-05,0.4095927998608923,0.0,0.3927499614431348,0.475,0.0,0.38999999999999996,1.4352455268298019,129.8845385285039,0.06391733580406944,True,True,False
5.355,0.06475145248827048,0.6688207024608571,0.14284584014832652,-0.0501837808771457,0.0,-8.993267811812565e-05,0.41030789011394697,0.0,0.3927715551287305,0.475,0.0,0.38999999999999996,1.386928268713213,129.88456069980796,0.0654334086680426,True,True,False
5.36,0.06404030251674897,0.6733130796995699,0.1423614720867246,-0.0501837808771457,0.0,-8.993267811812565e-05,0.41102060548668745,0.0,0.39279238681894874,0.475,0.0,0.38999999999999996,1.3718451015233557,129.88458226369184,0.0669032579887302,True,True,False
5.365,0.06333157624205214,0.6776264659417239,0.14187160934539217,-0.0501837808771457,0.0,-8.993267811812565e-05,0.4117309048972161,0.0,0.3928124996316003,0.475,0.0,0.38999999999999996,1.470942427039772,129.8846032031704,0.06833344748901882,True,True,False
5.37,0.06262525844681505,0.6817492570352677,0.14139198807821726,-0.0501837808771457,0.0,-8.993267811812565e-05,0.4124388008522101,0.0,0.3928318468745592,0.475,0.0,0.38999999999999996,1.5130025591349998,129.88462350521505,0.06974426513858697,True,True,False
5.375,0.061921310080454116,0.6856609969086178,0.14091536949658728,-0.0501837808771457,0.0,-8.993267811812565e-05,0.41314432794327177,0.0,0.3928503467315822,0.475,0.0,0.38999999999999996,1.6402247557543168,129.88464315893117,0.07112780067364402,True,True,False
5.38,0.06121967398926375,0.6893348449158767,0.14045554541121008,-0.0501837808771457,0.0,-8.993267811812565e-05,0.4138475374304115,0.0,0.3928678920877223,0.475,0.0,0.38999999999999996,1.5791834402736846,129.88466215506216,0.07250186110431733,True,True,False
5.385,0.06052033602713244,0.6927619053907335,0.13998351027207917,-0.0501837808771457,0.0,-8.993267811812565e-05,0.4145484405716764,0.0,0.39288444717769055,0.475,0.0,0.38999999999999996,1.4724156315439116,129.88468048355998,0.07383210320301753,True,True,False
5.39,0.05982338120720227,0.6959731511074857,0.13949309830452886,-0.0501837808771457,0.0,-8.993267811812565e-05,0.41524695691177904,0.0,0.3929001346105748,0.475,0.0,0.38999999999999996,1.609505217689609,129.88469813175954,0.07511165755138671,True,True,False
5.3950000000000005,0.05912880839855014,0.6989661050148488,0.13902124620852122,-0.0501837808771457,0.0,-8.993267811812565e-05,0.41594308606746155,0.0,0.39291494414992856,0.475,0.0,0.38999999999999996,1.7370483352382389,129.88471509150025,0.07638599630004027,True,True,False
5.4,0.05843651096430889,0.7016977642514615,0.13856872070586773,-0.07700722920994219,0.0,-0.000130890205039784,0.416636925180705,0.0,0.3929287047169642,0.475,0.0,0.38999999999999996,1.7898377942785018,129.88541884620466,0.035373546474638695,True,True,False
5.405,0.05774641300293007,0.7041383110918461,0.13812395818356893,-0.07700722920994219,0.0,-0.000130890205039784,0.41732854273280096,0.0,0.3929412975678444,0.475,0.0,0.38999999999999996,1.7747171299128355,129.88546107276397,0.03814895452162373,True,True,False
5.41,0.057058504255417135,0.7062849285915582,0.13767523857457348,-0.07700722920994219,0.0,-0.000130890205039784,0.4180179466495355,0.0,0.39295271126767856,0.475,0.0,0.38999999999999996,1.7221637639768828,129.8855031970459,0.04085513017325122,True,True,False
5.415,0.0563728252542903,0.7081559664251645,0.1372162433572357,-0.07700722920994219,0.0,-0.000130890205039784,0.41870509838424735,0.0,0.3929630185999217,0.475,0.0,0.38999999999999996,1.804941290863811,129.88554515097454,0.04348685311293632,True,True,False
5.42,0.05568936686906305,0.7097508242949033,0.13677117089570076,-0.07700722920994219,0.0,-0.000130890205039784,0.41939000532741877,0.0,0.3929722171509811,0.475,0.0,0.38999999999999996,1.7809911641758873,129.885586871952,0.04606433249455173,True,True,False
5.425,0.05500810504302627,0.7110643171731195,0.1363212630785094,-0.07700722920994219,0.0,-0.000130890205039784,0.4200726888181442,0.0,0.3929802863547304,0.475,0.0,0.38999999999999996,1.7014725141863074,129.88562830113014,0.04857603875838553,True,True,False
5.43,0.054329094884899086,0.712124333037656,0.13585702236073463,-0.07700722920994219,0.0,-0.000130890205039784,0.4207530980632443,0.0,0.3929873368200422,0.475,0.0,0.38999999999999996,1.6979099760171052,129.88566937889738,0.05101708452736341,True,True,False
5.4350000000000005,0.05365238013669617,0.7129540373947634,0.13539199280438022,-0.07700722920994219,0.0,-0.000130890205039784,0.42143119294502973,0.0,0.39299346037887906,0.475,0.0,0.38999999999999996,1.8015469972986398,129.88571004891156,0.05339723890913711,True,True,False
5.44,0.052977911412560974,0.7135329132514083,0.1349454805786178,-0.07700722920994219,0.0,-0.000130890205039784,0.4221070171015088,0.0,0.3929985759515269,0.475,0.0,0.38999999999999996,1.8447591586403023,129.88575026142087,0.05573081072583766,True,True,False
5.445,0.05230561309759312,0.7138276834380956,0.1345074034248565,-0.07700722920994219,0.0,-0.000130890205039784,0.422780637284911,0.0,0.39300255210530644,0.475,0.0,0.38999999999999996,1.714769005821304,129.8857899704914,0.05801368923493972,True,True,False
5.45,0.05163552585115293,0.7138534848194121,0.1340461046148315,-0.11070944481296063,0.0,-0.00018537920493580482,0.4234520145391475,0.0,0.3930054491931861,0.475,0.0,0.38999999999999996,1.7750450199383647,129.88700596310923,0.007102608033121738,True,True,False
5.455,0.05096768266525229,0.7136236897482033,0.13359621045448805,-0.11070944481296063,0.0,-0.00018537920493580482,0.4241211173483629,0.0,0.3930073204662624,0.475,0.0,0.38999999999999996,1.834359065380925,129.8870824178861,0.011184514554063232,True,True,False
5.46,0.050302019631767864,0.7131137421230612,0.13315817683135575,-0.11070944481296063,0.0,-0.00018537920493580482,0.4247880024316324,0.0,0.39300806901998725,0.475,0.0,0.38999999999999996,1.878622613761549,129.88715969109174,0.015171526450280512,True,True,False
5.465,0.04963847859217395,0.7123029508997109,0.13272968616245712,-0.11070944481296063,0.0,-0.00018537920493580482,0.4254527213759943,0.0,0.3930076133230293,0.475,0.0,0.38999999999999996,1.7574431407864566,129.88723763885847,0.01906460496702876,True,True,False
5.47,0.04897709471545213,0.7112099848787353,0.13227935407568267,-0.11070944481296063,0.0,-0.00018537920493580482,0.4261152415836168,0.0,0.3930060275012418,0.475,0.0,0.38999999999999996,1.675818966550833,129.88731611564822,0.022845583313630846,True,True,False
5.4750000000000005,0.04831796714178095,0.7098810757749945,0.1318154803187755,-0.11070944481296063,0.0,-0.00018537920493580482,0.4267754733555346,0.0,0.39300349440343635,0.475,0.0,0.38999999999999996,1.591126927333123,129.88739497595967,0.02652008122302671,True,True,False
5.48,0.04766117190353703,0.7083547204084952,0.13133820708360194,-0.11070944481296063,0.0,-0.00018537920493580482,0.4274333487482468,0.0,0.39300016598084075,0.475,0.0,0.38999999999999996,1.5983872131965993,129.8874740805462,0.03008849688605726,True,True,False
5.485,0.047006742410857894,0.706653724588024,0.13086302309669162,-0.11070944481296063,0.0,-0.00018537920493580482,0.42808883901072614,0.0,0.3929961319595736,0.475,0.0,0.38999999999999996,1.600130876724535,129.88755329766235,0.03356102087995043,True,True,False
5.49,0.04635467234174822,0.7047862136876603,0.1303890049582071,-0.11070944481296063,0.0,-0.00018537920493580482,0.42874195172232843,0.0,0.3929914239838989,0.475,0.0,0.38999999999999996,1.6002403817841588,129.887632503039,0.03693808329747389,True,True,False
5.495,0.04570495900708952,0.7027629850782611,0.12991586287798312,-0.11070944481296063,0.0,-0.00018537920493580482,0.42939269160580484,0.0,0.3929860842045246,0.475,0.0,0.38999999999999996,1.4729010565636584,129.88771157696445,0.040220548884281046,True,True,False
5.5,0.045057656711511525,0.700618805394625,0.12942318626182314,-0.1298818492061089,0.0,-0.00026474237677412437,0.4300410126592503,0.0,0.3929802492558059,0.475,0.0,0.38999999999999996,1.475795885063126,129.88805280689823,0.013175843910292931,True,True,False
5.505,0.044412819451845824,0.6983892957198877,0.1289316546658961,-0.1298818492061089,0.0,-0.00026474237677412437,0.43068686981074067,0.0,0.3929740585892026,0.475,0.0,0.38999999999999996,1.5203958881033603,129.88815696302458,0.017340640384483824,True,True,False
5.51,0.04377042722140354,0.6960812463567758,0.12844769847921703,-0.1298818492061089,0.0,-0.00026474237677412437,0.4313302848893721,0.0,0.3929675379190133,0.475,0.0,0.38999999999999996,1.60475152817809,129.88826166459958,0.02130519030306413,True,True,False
5.515,0.04313042376138419,0.693687449548133,0.1279781916653254,-0.1298818492061089,0.0,-0.00026474237677412437,0.4319713124021438,0.0,0.3929606582786051,0.475,0.0,0.38999999999999996,1.6391705222155992,129.88836667950557,0.02510845043104014,True,True,False
5.5200000000000005,0.042492755492669225,0.6912019188413413,0.12751526670003677,-0.1298818492061089,0.0,-0.00026474237677412437,0.4326100044443472,0.0,0.3929533956984308,0.475,0.0,0.38999999999999996,1.5887727804312686,129.88847180986974,0.02875002630736448,True,True,False
5.525,0.041857429712944996,0.6886429969439979,0.12704469410285837,-0.1298818492061089,0.0,-0.00026474237677412437,0.43324635879494444,0.0,0.3929458221761707,0.475,0.0,0.38999999999999996,1.5651727426870217,129.88857684261103,0.03215845720026668,True,True,False
5.53,0.041224479055655766,0.6860377263035699,0.12657124083217167,-0.1298818492061089,0.0,-0.00026474237677412437,0.43388035056034613,0.0,0.3929380441402701,0.475,0.0,0.38999999999999996,1.5277532568658088,129.88868154726643,0.035347394032264265,True,True,False
5.535,0.04059393087969074,0.6834123731458441,0.12609228625358432,-0.1298818492061089,0.0,-0.00026474237677412437,0.43451196031486655,0.0,0.3929301649646683,0.475,0.0,0.38999999999999996,1.5345885753831006,129.88878571667973,0.03833179047641826,True,True,False
5.54,0.039965807765527495,0.6807993868724469,0.1256132069244168,-0.1298818492061089,0.0,-0.00026474237677412437,0.4351411756171212,0.0,0.3929223122978087,0.475,0.0,0.38999999999999996,1.5227800374215659,129.88888919249618,0.04121212961538426,True,True,False
5.545,0.03934012821250398,0.6782355116913426,0.12513123412549443,-0.1298818492061089,0.0,-0.00026474237677412437,0.43576798990140964,0.0,0.3929146305769955,0.475,0.0,0.38999999999999996,1.4250151874279022,129.8889918679732,0.0440051640996289,True,True,False
5.55,0.03871695243225545,0.6757698244585051,0.12463356941312949,-0.13043463404398192,0.0,-0.00036720394439758214,0.4363923590528609,0.0,0.3929073125284909,0.475,0.0,0.38999999999999996,1.4558527345708796,129.88778272051727,0.04582828851054914,True,True,False
5.555,0.03809631901550822,0.6734376348431977,0.12414071495024391,-0.13043463404398192,0.0,-0.00036720394439758214,0.4370142572862288,0.0,0.3929004953050387,0.475,0.0,0.38999999999999996,1.5001385237657934,129.88788432009227,0.04847135808164067,True,True,False
5.5600000000000005,0.03747820215466106,0.6712434208833875,0.12365516909638226,-0.13043463404398192,0.0,-0.00036720394439758214,0.4376337147548399,0.0,0.39289419483155064,0.475,0.0,0.38999999999999996,1.3941836079898926,129.88798485370384,0.051030055138502214,True,True,False
5.565,0.03686263354339795,0.6692131963372528,0.12315388602940536,-0.13043463404398192,0.0,-0.00036720394439758214,0.43825071095480816,0.0,0.392888512840164,0.475,0.0,0.38999999999999996,1.2983783268050926,129.8880842309065,0.05348988598444286,True,True,False
5.57,0.03624970249359154,0.6673950498410152,0.12263966785145274,-0.13043463404398192,0.0,-0.00036720394439758214,0.4388651751781227,0.0,0.3928836376273965,0.475,0.0,0.38999999999999996,1.3892754307386115,129.88818236181132,0.055851717329195,True,True,False
5.575,0.0356394168683173,0.6658007319498996,0.1221388817121901,-0.13043463404398192,0.0,-0.00036720394439758214,0.4394771080358453,0.0,0.39287961476880034,0.475,0.0,0.38999999999999996,1.375468227281051,129.8882791666497,0.058131568799581604,True,True,False
5.58,0.035031752067793256,0.6644265937566646,0.12163667418911157,-0.13043463404398192,0.0,-0.00036720394439758214,0.4400865383193576,0.0,0.3928764294557062,0.475,0.0,0.38999999999999996,1.338462516704963,129.88837457253567,0.060320492016637944,True,True,False
5.585,0.03442673530852722,0.6632892702443794,0.12112974692659324,-0.13043463404398192,0.0,-0.00036720394439758214,0.440693449812791,0.0,0.3928741465265201,0.475,0.0,0.38999999999999996,1.2286566153277068,129.88846850782258,0.06241639449691806,True,True,False
5.59,0.033824431208966256,0.6624195921384338,0.12060867566665384,-0.13043463404398192,0.0,-0.00036720394439758214,0.4412977942912736,0.0,0.39287288652347774,0.475,0.0,0.38999999999999996,1.1569698978602292,129.88856090321352,0.06441303275090857,True,True,False
5.595,0.033224916760816146,0.6618522642007073,0.1200790683092038,-0.13043463404398192,0.0,-0.00036720394439758214,0.44189951361515056,0.0,0.39287278520769653,0.475,0.0,0.38999999999999996,1.1459236113377673,129.88865169244474,0.06630637588900191,True,True,False
5.6000000000000005,0.032628236322934205,0.6616098303652078,0.11954772305866428,-0.11391105854956218,0.0,-0.00047857731196391173,0.4424985796101325,0.0,0.3928739307901113,0.475,0.0,0.38999999999999996,0.9362010912646253,129.8856532568203,0.09412242632664361,True,True,False
5.605,0.032034478907787024,0.661735196094846,0.11899359456136104,-0.11391105854956218,0.0,-0.00047857731196391173,0.44309492752983803,0.0,0.39287648910430156,0.475,0.0,0.38999999999999996,0.9378204089713605,129.88571535750992,0.09481610085247903,True,True,False
5.61,0.03144373232839014,0.6622605615643943,0.11843686786991373,-0.11391105854956218,0.0,-0.00047857731196391173,0.44368849191877324,0.0,0.39288058404125265,0.475,0.0,0.38999999999999996,0.9676095762312528,129.88577534469343,0.09542686160165059,True,True,False
5.615,0.030856010168603454,0.6631354928044562,0.11787676523395144,-0.11391105854956218,0.0,-0.00047857731196391173,0.4442792535228497,0.0,0.3928860179160251,0.475,0.0,0.38999999999999996,0.9100297792108814,129.88583322946275,0.09596165600638784,True,True,False
5.62,0.03027134448988776,0.6643094141162695,0.11730558086970873,-0.11391105854956218,0.0,-0.00047857731196391173,0.44486717396238973,0.0,0.3928925926454611,0.475,0.0,0.38999999999999996,0.8164680329512097,129.8858890250674,0.0964113806051565,True,True,False
5.625,0.02968979200552487,0.6657626393640578,0.11672515249339581,-0.11391105854956218,0.0,-0.00047857731196391173,0.44545220130067487,0.0,0.392900231258967,0.475,0.0,0.38999999999999996,0.6931670431080602,129.88594274803427,0.09678735375044065,True,True,False
5.63,0.029111413811328247,0.6674944017248042,0.11613491116828761,-0.11391105854956218,0.0,-0.00047857731196391173,0.44603428691104513,0.0,0.39290893096218227,0.475,0.0,0.38999999999999996,0.8355227503171546,129.88599442004772,0.0970921889861914,True,True,False
5.635,0.02853622225621791,0.669490326111473,0.11555327023157734,-0.11391105854956218,0.0,-0.00047857731196391173,0.44661342666035286,0.0,0.39291863575820996,0.475,0.0,0.38999999999999996,0.8659535767889788,129.88604406897443,0.09734956222940194,True,True,False
5.64,0.02796419963049667,0.6717270981454805,0.11497232190917718,-0.11391105854956218,0.0,-0.00047857731196391173,0.44718964351589074,0.0,0.3929292547176771,0.475,0.0,0.38999999999999996,0.7623061031221552,129.88609172675552,0.0975518773876371,True,True,False
5.6450000000000005,0.0273953845504649,0.6742027816575533,0.11438153713538207,-0.11391105854956218,0.0,-0.00047857731196391173,0.44776291309992816,0.0,0.392940780825867,0.475,0.0,0.38999999999999996,0.8147163394212632,129.88613742362358,0.09768787562517814,True,True,False
5.65,0.026829813897454837,0.676914491431256,0.11379236368187412,-0.07634860095328566,0.0,-0.0005686687154970479,0.4483332134834762,0.0,0.3929532034562838,0.475,0.0,0.38999999999999996,0.8115214835059791,129.88077348132086,0.15698184233840864,True,True,False
5.655,0.026267503141982843,0.6798513099885376,0.11320050111920374,-0.07634860095328566,0.0,-0.0005686687154970479,0.44890054141622154,0.0,0.3929664765206744,0.475,0.0,0.38999999999999996,0.7318645473433602,129.88076345190532,0.15488101037999705,True,True,False
5.66,0.025708500390725055,0.683015844898678,0.11260040906379389,-0.07634860095328566,0.0,-0.0005686687154970479,0.44946486783240247,0.0,0.3929806069051851,0.475,0.0,0.38999999999999996,0.7909386090608347,129.88075233317224,0.1527738771020187,True,True,False
5.665,0.025152846302772893,0.6864119037984536,0.11200171535307786,-0.07634860095328566,0.0,-0.0005686687154970479,0.450026173767967,0.0,0.3929956101987971,0.475,0.0,0.38999999999999996,0.7300145799265613,129.88074022578772,0.15067210186058425,True,True,False
5.67,0.024600580111409944,0.6900421906058779,0.11139592711444818,-0.07634860095328566,0.0,-0.0005686687154970479,0.45058444300363865,0.0,0.39301149769638455,0.475,0.0,0.38999999999999996,0.827879088306295,129.88072722620126,0.14856558738930076,True,True,False
5.675,0.024051734158887533,0.6939051906169642,0.11079406934541094,-0.07634860095328566,0.0,-0.0005686687154970479,0.4511396661322121,0.0,0.39302826415087805,0.475,0.0,0.38999999999999996,0.8503580409865122,129.88071342665737,0.1464675664253945,True,True,False
5.68,0.02350632361867629,0.6979912657416707,0.11019076043191467,-0.07634860095328566,0.0,-0.0005686687154970479,0.45169184882088265,0.0,0.393045872400044,0.475,0.0,0.38999999999999996,0.9051723420090492,129.88069891500717,0.14437173481073365,True,True,False
5.6850000000000005,0.022964373275230866,0.7022926366911305,0.1095885775087891,-0.07634860095328566,0.0,-0.0005686687154970479,0.4522409896706609,0.0,0.3930642925371404,0.475,0.0,0.38999999999999996,0.9019673596410985,129.88068377533392,0.14228131021205073,True,True,False
5.69,0.02242591611665651,0.7068026866893872,0.10898267193943363,-0.07634860095328566,0.0,-0.0005686687154970479,0.45278708154082803,0.0,0.39308349918071855,0.475,0.0,0.38999999999999996,0.7465939283202012,129.88066808808745,0.14019058755352246,True,True,False
5.695,0.021891040549276968,0.7115330913179392,0.1083615209953817,-0.07634860095328566,0.0,-0.0005686687154970479,0.45333007376684264,0.0,0.39310353884776844,0.475,0.0,0.38999999999999996,0.6649926466123115,129.88065193147267,0.13808553672147267,True,True,False
5.7,0.021359854435655946,0.7165000296640762,0.10773162727793671,-0.04188473455028685,0.0,-0.0005803721407436512,0.45386990222109835,0.0,0.39312447585467825,0.475,0.0,0.38999999999999996,0.574559582076543,129.87619250440767,0.1903035286818577,True,True,False
5.705,0.020832445776981012,0.7217097592653512,0.10709312354594525,-0.04188473455028685,0.0,-0.0005803721407436512,0.45440652067737697,0.0,0.3931463322201497,0.475,0.0,0.38999999999999996,0.5767300893045856,129.87614025619328,0.18623140557938817,True,True,False
5.71,0.020308888257199013,0.7271607231162248,0.10645084659302205,-0.04188473455028685,0.0,-0.0005803721407436512,0.4549398964894409,0.0,0.3931690991447177,0.475,0.0,0.38999999999999996,0.6743664385782828,129.87608979419406,0.1822093005237463,True,True,False
5.715,0.019789224449644573,0.7328375272941837,0.10580980722125147,-0.04188473455028685,0.0,-0.0005803721407436512,0.45547002394517794,0.0,0.39319271665145655,0.475,0.0,0.38999999999999996,0.6724416814682316,129.87604117166697,0.17824313952784385,True,True,False
5.72,0.019273500070245534,0.738723591019104,0.10516446045707852,-0.04188473455028685,0.0,-0.0005803721407436512,0.4559968964747534,0.0,0.3932171200422917,0.475,0.0,0.38999999999999996,0.7082481431707663,129.87599443448087,0.1743259825791081,True,True,False
5.7250000000000005,0.018761774299463522,0.744804795082233,0.10451694859591731,-0.04188473455028685,0.0,-0.0005803721407436512,0.45652049886775653,0.0,0.3932422542724812,0.475,0.0,0.38999999999999996,0.6453984758496293,129.87594962243284,0.17046038443007888,True,True,False
5.73,0.01825412232019366,0.7510702281278371,0.10386126586871389,-0.04188473455028685,0.0,-0.0005803721407436512,0.45704080583792683,0.0,0.39326807691610066,0.475,0.0,0.38999999999999996,0.6003275706295358,129.87590676977936,0.16663887811946332,True,True,False
5.735,0.017750639726482848,0.7575135176597169,0.10319859795013879,-0.04188473455028685,0.0,-0.0005803721407436512,0.4575577793164916,0.0,0.3932945634501681,0.475,0.0,0.38999999999999996,0.5404465650349115,129.875865905985,0.1628628839120928,True,True,False
5.74,0.0172514240069523,0.7641261849125135,0.10252835737942326,-0.04188473455028685,0.0,-0.0005803721407436512,0.4580713832466693,0.0,0.3933216810633325,0.475,0.0,0.38999999999999996,0.5946583603316351,129.8758270543255,0.1591317147175974,True,True,False
5.745,0.01675655946825827,0.7708924674781967,0.10185587624231802,-0.04188473455028685,0.0,-0.0005803721407436512,0.45858159514547003,0.0,0.39334936818609467,0.475,0.0,0.38999999999999996,0.3818166079143433,129.87579023078885,0.15545221991377833,True,True,False
5.75,0.016266156602943616,0.7778028448286353,0.10117003223887731,-0.014017241341137465,0.0,-0.0005090802439720384,0.4590883768641805,0.0,0.3933775878693442,0.475,0.0,0.38999999999999996,0.37952137371678063,129.8730037254483,0.19574229983825914,True,True,False
5.755,0.01578034211165565,0.7848503353760461,0.10047904618253233,-0.014017241341137465,0.0,-0.0005090802439720384,0.4595916827139575,0.0,0.3934063111386861,0.475,0.0,0.38999999999999996,0.39787293431418574,129.87295550267345,0.19056914823688936,True,True,False
5.76,0.015299216200335754,0.7920159885688168,0.09978342779176835,-0.014017241341137465,0.0,-0.0005090802439720384,0.46009149169395425,0.0,0.39343546160409065,0.475,0.0,0.38999999999999996,0.4381065713393789,129.87291170167674,0.18548618327485103,True,True,False
5.765,0.014822881763368132,0.7992787258264181,0.0990838404545023,-0.014017241341137465,0.0,-0.0005090802439720384,0.4605877863940042,0.0,0.3934649563844213,0.475,0.0,0.38999999999999996,0.4868894412744239,129.87287226049523,0.1804941504162153,True,True,False
5.7700000000000005,0.014351444811032482,0.8066154355602919,0.09838069902027384,-0.014017241341137465,0.0,-0.0005090802439720384,0.4610805528515647,0.0,0.3934947044576083,0.475,0.0,0.38999999999999996,0.44359700668038926,129.87283710960193,0.17559352696275377,True,True,False
5.775,0.0138850320069784,0.814006455600416,0.09767052726883567,-0.014017241341137465,0.0,-0.0005090802439720384,0.4615697688488283,0.0,0.3935246283578431,0.475,0.0,0.38999999999999996,0.38395919172708914,129.87280617458538,0.17077984063629603,True,True,False
5.78,0.013423795882771278,0.8214367053601299,0.09695297765617636,-0.014017241341137465,0.0,-0.0005090802439720384,0.46205540165318415,0.0,0.393554668696506,0.475,0.0,0.38999999999999996,0.25240002582553606,129.87277937716973,0.16605250429695304,True,True,False
5.785,0.012967907608774394,0.8288927445970988,0.0962269638195735,-0.014017241341137465,0.0,-0.0005090802439720384,0.46253741464992304,0.0,0.3935847725369619,0.475,0.0,0.38999999999999996,0.41564826503683994,129.8727566342255,0.16141111951713905,True,True,False
5.79,0.0125175287553324,0.8363533770639291,0.09549939353401303,-0.014017241341137465,0.0,-0.0005090802439720384,0.4630157878292942,0.0,0.39361485612273583,0.475,0.0,0.38999999999999996,0.4927089341767213,129.8727378542874,0.15686359181009416,True,True,False
5.795,0.012072812162795486,0.8437898927308676,0.09476913217380367,-0.014017241341137465,0.0,-0.0005090802439720384,0.46349051763152005,0.0,0.3936448057736719,0.475,0.0,0.38999999999999996,0.4335380407069269,129.8727229389468,0.15240851928697702,True,True,False
5.8,0.011633953853606434,0.8511815639217384,0.09403121764945928,0.0019020434326717517,0.0,-0.0003724829779210931,0.4639615833130112,0.0,0.3936745393333384,0.475,0.0,0.38999999999999996,0.35976842019515454,129.87235479061025,0.1731369629200505,True,True,False
5.805,0.011201192847459563,0.8585143375138228,0.09328563466619716,0.0019020434326717517,0.0,-0.0003724829779210931,0.4644289500084955,0.0,0.3937040009831386,0.475,0.0,0.38999999999999996,0.42105162157163256,129.8723463693556,0.1679524033276498,True,True,False
5.8100000000000005,0.010774775787072453,0.8657691748908629,0.09253657052729608,0.0019020434326717517,0.0,-0.0003724829779210931,0.4648925945260779,0.0,0.3937331150327056,0.475,0.0,0.38999999999999996,0.38938157994029016,129.87234302293461,0.16288076537772267,True,True,False
5.815,0.010354971808286508,0.8729255598664941,0.09178127266669135,0.0019020434326717517,0.0,-0.0003724829779210931,0.46535249759440644,0.0,0.3937617998995793,0.475,0.0,0.38999999999999996,0.40000561047907285,129.8723445904502,0.1579191112385388,True,True,False
5.82,0.009942089216721446,0.8799651133482482,0.09102119305094845,0.0019020434326717517,0.0,-0.0003724829779210931,0.4658086360510022,0.0,0.3937899824208448,0.475,0.0,0.38999999999999996,0.2649918789897729,129.87235090918492,0.15306737279298827,True,True,False
5.825,0.009536484897527162,0.8868726344202947,0.09025280496500414,0.0019020434326717517,0.0,-0.0003724829779210931,0.46626098065832977,0.0,0.3938176020152286,0.475,0.0,0.38999999999999996,0.1312557466143476,129.87236181536244,0.14832195709052318,True,True,False
5.83,0.009138569245164384,0.8936355863230369,0.08947807239549392,0.0019020434326717517,0.0,-0.0003724829779210931,0.4667094974789574,0.0,0.39384460866633403,0.475,0.0,0.38999999999999996,0.23945808388017664,129.8723771446088,0.14368296543670783,True,True,False
5.835,0.008748784028846525,0.9002359775891873,0.08869976019029353,0.0019020434326717517,0.0,-0.0003724829779210931,0.4671541655610718,0.0,0.3938709306297489,0.475,0.0,0.38999999999999996,0.08794972918329338,129.8723967302239,0.13915122802874536,True,True,False
5.84,0.008367628897777276,0.9066556596121941,0.087915774241075,0.0019020434326717517,0.0,-0.0003724829779210931,0.4675949654760524,0.0,0.39389649548569755,0.475,0.0,0.38999999999999996,0.09896067242847886,129.87242040485603,0.1347242090897362,True,True,False
5.845,0.00799567781325371,0.9128781834053118,0.0871275389288745,0.0019020434326717517,0.0,-0.0003724829779210931,0.46803187544127317,0.0,0.39392123753774566,0.475,0.0,0.38999999999999996,0.1315347698180473,129.87244800140726,0.13040181609773324,True,True,False
5.8500000000000005,0.00763357814853934,0.9188856362997002,0.08633538958815574,0.004075957563734134,0.0,-0.00021145888222830883,0.4684648781252885,0.0,0.3939450852250014,0.475,0.0,0.38999999999999996,0.15779066057604949,129.87431813895392,0.12961004531536582,True,True,False
5.855,0.007282069519926012,0.9246602600355791,0.08553967474079484,0.004075957563734134,0.0,-0.00021145888222830883,0.46889395742980533,0.0,0.3939679693325435,0.475,0.0,0.38999999999999996,0.15093901860411382,129.87435388607994,0.12537093582277858,True,True,False
5.86,0.006941998281406784,0.9301849434426616,0.08474042800688923,0.004075957563734134,0.0,-0.00021145888222830883,0.46931909769036373,0.0,0.39398982318999526,0.475,0.0,0.38999999999999996,-0.02227931052505877,129.87439324857885,0.1212370821471133,True,True,False
5.865,0.00661433532408239,0.9354442756418686,0.08393718093190972,0.004075957563734134,0.0,-0.00021145888222830883,0.4697402814879752,0.0,0.39401058511362963,0.475,0.0,0.38999999999999996,-0.05564583374218712,129.8744360534174,0.1172070801665216,True,True,False
5.87,0.00630018909381,0.9404238860178066,0.08313062355154874,0.004075957563734134,0.0,-0.00021145888222830883,0.4701574913225717,0.0,0.3940301975543134,0.475,0.0,0.38999999999999996,-0.1052609968589163,129.87448212915183,0.11328024967081389,True,True,False
5.875,0.006000817722053798,0.9451101118538876,0.08232065410185845,0.004075957563734134,0.0,-0.00021145888222830883,0.4705707105868505,0.0,0.39404860576345446,0.475,0.0,0.38999999999999996,-0.1968229359654859,129.8745313000493,0.10948232429159038,True,True,False
5.88,0.005717648635327529,0.9494920790980016,0.08150619706343588,0.004075957563734134,0.0,-0.00021145888222830883,0.4709799188294582,0.0,0.3940657660163022,0.475,0.0,0.38999999999999996,-0.3450535188306685,129.87458334318953,0.10585844182833429,True,True,False
5.885,0.005452300517562351,0.9535657037393006,0.08068421937789054,0.004075957563734134,0.0,-0.00021145888222830883,0.47138508388289335,0.0,0.3940816617204385,0.475,0.0,0.38999999999999996,-0.38724790009618915,129.87463804208306,0.10237028306959009,True,True,False
5.89,0.005206554851516707,0.9573287394149502,0.07985841790340883,0.004075957563734134,0.0,-0.00021145888222830883,0.4717861746132595,0.0,0.39409628365782867,0.475,0.0,0.38999999999999996,-0.31236986160161795,129.87469519809207,0.09902454613545938,True,True,False
5.8950000000000005,0.004982282028928867,0.960769409519776,0.07903453609853345,0.004075957563734134,0.0,-0.00021145888222830883,0.47218318461822006,0.0,0.39410958456790407,0.475,0.0,0.38999999999999996,-0.3754947527539352,129.8747546055603,0.0958378491949429,True,True,False
5.9,0.0047814331604416685,0.9638742222906824,0.07820725300835542,-0.002700121781853193,0.0,-6.660905090819416e-05,0.47257610792797783,0.0,0.39412151068067997,0.475,0.0,0.38999999999999996,-0.42370874608747683,129.87761423825313,0.08209118961240595,True,True,False
5.905,0.004605981215968552,0.9666304040635665,0.07737735256488004,-0.002700121781853193,0.0,-6.660905090819416e-05,0.4729649273772838,0.0,0.3941320143250146,0.475,0.0,0.38999999999999996,-0.3122595235192629,129.8776731526001,0.07949576309575138,True,True,False
5.91,0.0044577679435265525,0.9690178488646847,0.0765532096471903,-0.002700121781853193,0.0,-6.660905090819416e-05,0.4733496480528644,0.0,0.39414101841204774,0.475,0.0,0.38999999999999996,-0.4039137027202136,129.8777333313739,0.07705724394159573,True,True,False
5.915,0.0043384331594710735,0.971022729690057,0.07572489972961725,-0.002700121781853193,0.0,-6.660905090819416e-05,0.47373027002430423,0.0,0.3941484681592146,0.475,0.0,0.38999999999999996,-0.3730753278718655,129.87779462791354,0.07470235662555547,True,True,False
5.92,0.004249289407016697,0.9726416075140534,0.0748991655422179,-0.002700121781853193,0.0,-6.660905090819416e-05,0.4741067829331922,0.0,0.39415434997757137,0.475,0.0,0.38999999999999996,-0.5098708405373822,129.8778569159729,0.07246896040033829,True,True,False
5.925,0.004191280322452086,0.9739076029293484,0.07406951431037527,-0.002700121781853193,0.0,-6.660905090819416e-05,0.47447917586095023,0.0,0.3941587946520064,0.475,0.0,0.38999999999999996,-0.6396274182962661,129.8779200751033,0.07031100384294285,True,True,False
5.93,0.004164896192576499,0.9748960832148375,0.07323388210028223,-0.002700121781853193,0.0,-6.660905090819416e-05,0.4748474178783016,0.0,0.39416210031006893,0.475,0.0,0.38999999999999996,-0.6759237829674607,129.87798400911254,0.06821959327858608,True,True,False
5.9350000000000005,0.004169854184619175,0.9756627867855088,0.0723981926886296,-0.002700121781853193,0.0,-6.660905090819416e-05,0.4752114890512894,0.0,0.394164487519752,0.475,0.0,0.38999999999999996,-0.7001320993682432,129.87804861344102,0.06622626817287605,True,True,False
5.94,0.004205101950406708,0.976244401421737,0.07156247791600832,-0.002700121781853193,0.0,-6.660905090819416e-05,0.4755713863177514,0.0,0.3941661013056814,0.475,0.0,0.38999999999999996,-0.720426063634775,129.87811379040986,0.06429568430208983,True,True,False
5.945,0.004268937430466545,0.976668170684044,0.07072638105836693,-0.002700121781853193,0.0,-6.660905090819416e-05,0.47592710663931365,0.0,0.3941670493235116,0.475,0.0,0.38999999999999996,-0.836359390883356,129.87817946636315,0.0624183186859424,True,True,False
5.95,0.004359185555387554,0.9769635532563898,0.06987954127949238,-0.008686025962818533,0.0,4.704957516104522e-05,0.47627862090791756,0.0,0.39416744853359165,0.475,0.0,0.38999999999999996,-0.8315927534472972,129.88048659697947,0.051152662144662284,True,True,False
5.955,0.004473328222659649,0.977151844560325,0.06903360888663143,-0.008686025962818533,0.0,4.704957516104522e-05,0.4766259037437789,0.0,0.3941673855597495,0.475,0.0,0.38999999999999996,-0.7737564502167343,129.88054842297984,0.04971740610227157,True,True,False
5.96,0.004608628166618873,0.9772290378672377,0.06819353381634623,-0.008686025962818533,0.0,4.704957516104522e-05,0.47696897114889536,0.0,0.39416684607262736,0.475,0.0,0.38999999999999996,-0.9347810269059382,129.88061023885123,0.0483312784448519,True,True,False
5.965,0.004762411525530136,0.9772105354503593,0.0673360718644509,-0.008686025962818533,0.0,4.704957516104522e-05,0.47730779385472955,0.0,0.39416589138871555,0.475,0.0,0.38999999999999996,-0.9324818847203975,129.88067199939664,0.046980154947416475,True,True,False
5.97,0.004932129752871835,0.9771193696140171,0.0664787666150988,-0.008686025962818533,0.0,4.704957516104522e-05,0.4776423285407713,0.0,0.3941646132811809,0.475,0.0,0.38999999999999996,-0.9723205293534354,129.88073366244237,0.04567419304164479,True,True,False
5.9750000000000005,0.005115377256476841,0.9769642000481341,0.06561660653727382,-0.008686025962818533,0.0,4.704957516104522e-05,0.4779725632879919,0.0,0.3941630459972192,0.475,0.0,0.38999999999999996,-0.9427126052336176,129.88079518447296,0.04441010196325633,True,True,False
5.98,0.00530996489897648,0.9767500326350573,0.06475792946072803,-0.008686025962818533,0.0,4.704957516104522e-05,0.47829849445836603,0.0,0.39416120914356517,0.475,0.0,0.38999999999999996,-0.9258840798786048,129.8808565228787,0.043192652893539685,True,True,False
5.985,0.005513929015781703,0.9764739067653279,0.06390122303061117,-0.008686025962818533,0.0,4.704957516104522e-05,0.47862013533829173,0.0,0.39415909044425945,0.475,0.0,0.38999999999999996,-0.9121894302697706,129.88091763503277,0.042020879668417485,True,True,False
5.99,0.005725546644276941,0.9761344283982554,0.06304607546628438,-0.008686025962818533,0.0,4.704957516104522e-05,0.4789374945088424,0.0,0.3941566839389863,0.475,0.0,0.38999999999999996,-0.8208080480384268,129.8809784802121,0.040894613638693,True,True,False
5.995,0.005943301730338612,0.9757196866903052,0.06220112621146801,-0.008686025962818533,0.0,4.704957516104522e-05,0.4792506004575281,0.0,0.39415394164719575,0.475,0.0,0.38999999999999996,-0.8246031641054281,129.88103901729227,0.039819109924321305,True,True,False
6.0,0.006165885865233938,0.9752191609565117,0.06135587831879582,-0.011319137883082697,0.0,0.00013618160409575224,0.4795594771213345,0.0,0.3941508212299638,0.475,0.0,0.38999999999999996,-0.8203414958555246,129.88258287039687,0.03463808537818047,True,True,False
6.005,0.006392179025261726,0.9746312414793089,0.06051129216860741,-0.011319137883082697,0.0,0.00013618160409575224,0.479864124761665,0.0,0.39414731756608445,0.475,0.0,0.38999999999999996,-0.8698157696675687,129.88264056508322,0.033802930805015105,True,True,False
6.01,0.006621216764745838,0.9739587409289977,0.059661568511139434,-0.011319137883082697,0.0,0.00013618160409575224,0.480164531776382,0.0,0.3941434433719421,0.475,0.0,0.38999999999999996,-0.9149576600696064,129.8826977404291,0.03300620090162874,True,True,False
6.015000000000001,0.006852164788882848,0.9732090128467047,0.05880710945614057,-0.011319137883082697,0.0,0.00013618160409575224,0.480460673108282,0.0,0.394139228369937,0.475,0.0,0.38999999999999996,-0.8679484008533471,129.88275437172703,0.032252490538368955,True,True,False
6.0200000000000005,0.007084295087972945,0.9723775584003159,0.05795938237382311,-0.011319137883082697,0.0,0.00013618160409575224,0.48075255288628793,0.0,0.39413465502598916,0.475,0.0,0.38999999999999996,-0.9143663908887474,129.8828104245026,0.031564474435846604,True,True,False
6.025,0.007316982910107553,0.9714607075214434,0.05710761439608988,-0.011319137883082697,0.0,0.00013618160409575224,0.481040177228662,0.0,0.39412970918505874,0.475,0.0,0.38999999999999996,-0.8789779879252253,129.88286586519638,0.030922550655401698,True,True,False
6.03,0.007549691953470787,0.9704573891009874,0.05626165129436442,-0.011319137883082697,0.0,0.00013618160409575224,0.4813235496652542,0.0,0.3941243870118315,0.475,0.0,0.38999999999999996,-0.91764887684569,129.88292066618627,0.03033500101971251,True,True,False
6.035,0.007781961095944567,0.9693669803321505,0.05541277877390368,-0.011319137883082697,0.0,0.00013618160409575224,0.48160267680348834,0.0,0.3941186863837237,0.475,0.0,0.38999999999999996,-0.8537747736464699,129.88297480331633,0.02978641308480963,True,True,False
6.04,0.008013392914819098,0.9681866098091613,0.05457329472650911,-0.011319137883082697,0.0,0.00013618160409575224,0.48187757365470074,0.0,0.39411259609388505,0.475,0.0,0.38999999999999996,-0.9092892811891423,129.88302825449287,0.029290429206105,True,True,False
6.045,0.008243645201074696,0.966916097879589,0.05372921031883138,-0.011319137883082697,0.0,0.00013618160409575224,0.48214825154714436,0.0,0.39410611568516396,0.475,0.0,0.38999999999999996,-0.8861039840216414,129.88308100089574,0.028825958969325785,True,True,False
6.05,0.008472419211971538,0.9655599271033165,0.0528898179402785,-0.018986023338851465,0.0,0.0002006322753312518,0.48241471018371607,0.0,0.3940992633722269,0.475,0.0,0.38999999999999996,-0.780769277298668,129.8848111308897,0.016317481509878523,True,True,False
6.055,0.008699451106058069,0.9641009252287137,0.05206396157074022,-0.018986023338851465,0.0,0.0002006322753312518,0.48267699238868134,0.0,0.39409197231305676,0.475,0.0,0.38999999999999996,-0.8333801493929365,129.88485652409847,0.016380852602507878,True,True,False
6.0600000000000005,0.008924508394676019,0.9625285659778817,0.05123448030615406,-0.018986023338851465,0.0,0.0002006322753312518,0.4829351207040294,0.0,0.394084202431213,0.475,0.0,0.38999999999999996,-0.9333866943136929,129.88490096434126,0.016460578793291714,True,True,False
6.065,0.009147389809212099,0.9608611157559837,0.050395127099345065,-0.018986023338851465,0.0,0.0002006322753312518,0.4831890623979222,0.0,0.3940760271545481,0.475,0.0,0.38999999999999996,-0.8019887243169317,129.88494446625128,0.016545377525604504,True,True,False
6.07,0.009367917201747157,0.9590936034190484,0.04957289824922607,-0.018986023338851465,0.0,0.0002006322753312518,0.48343883348973105,0.0,0.3940674269546463,0.475,0.0,0.38999999999999996,-0.7890834825214198,129.8849870380597,0.01667009214658953,True,True,False
6.075,0.009585935994841711,0.9572051119624696,0.04875421543677602,-0.018986023338851465,0.0,0.0002006322753312518,0.4836844814771491,0.0,0.3940583186629755,0.475,0.0,0.38999999999999996,-0.8049324469018576,129.88502868325523,0.016816220098987644,True,True,False
6.08,0.009801311555969553,0.9551949376021363,0.0479360339585903,-0.018986023338851465,0.0,0.0002006322753312518,0.48392601465225826,0.0,0.394048699870928,0.475,0.0,0.38999999999999996,-0.6736726497216381,129.88506941233234,0.016978141535352195,True,True,False
6.085,0.010013930188225717,0.9530504472863023,0.0471330505648295,-0.018986023338851465,0.0,0.0002006322753312518,0.4841634682772454,0.0,0.3940385203907589,0.475,0.0,0.38999999999999996,-0.683387085855339,129.88510923251619,0.017173969885734025,True,True,False
6.09,0.010223696670264883,0.9507598303653373,0.04633138875734647,-0.018986023338851465,0.0,0.0002006322753312518,0.48439687919950736,0.0,0.39402773322297424,0.475,0.0,0.38999999999999996,-0.6899095399891829,129.8851481513732,0.017384411167734065,True,True,False
6.095,0.010430524907984353,0.9483269927206952,0.04553143863470945,-0.018986023338851465,0.0,0.0002006322753312518,0.4846262530993307,0.0,0.39401635420794867,0.475,0.0,0.38999999999999996,-0.6127517399580918,129.88518618207294,0.01760835751601332,True,True,False
6.1000000000000005,0.010634343486082195,0.945748394482334,0.04474055905583618,-0.029948862766787543,0.0,0.00023807709773597584,0.4848516134500923,0.0,0.39400436933985095,0.475,0.0,0.38999999999999996,-0.6335489943240675,129.8868206939774,0.0005728877382747133,True,True,False
6.105,0.01083509070478914,0.9430215625120013,0.043950543631912406,-0.029948862766787543,0.0,0.00023807709773597584,0.48507298173050084,0.0,0.3939917702386289,0.475,0.0,0.38999999999999996,-0.7714663707937253,129.88684965026323,0.0014491954107726385,True,True,False
6.11,0.011032700207937358,0.9401633818597626,0.043150328268104735,-0.029948862766787543,0.0,0.00023807709773597584,0.48529033564859325,0.0,0.393978626159557,0.475,0.0,0.38999999999999996,-0.7702979781131217,129.88687761802154,0.0023044885810814403,True,True,False
6.115,0.011227111784654523,0.9371891911337444,0.0423528802386404,-0.029948862766787543,0.0,0.00023807709773597584,0.4855036576235441,0.0,0.3939649988086369,0.475,0.0,0.38999999999999996,-0.7944950434230919,129.88690463202863,0.003153864563847239,True,True,False
6.12,0.011418277974387226,0.9341043634907528,0.04155561671885793,-0.029948862766787543,0.0,0.00023807709773597584,0.48571295396966885,0.0,0.3939509099134417,0.475,0.0,0.38999999999999996,-0.7911566090176801,129.88693072348246,0.003993670518323542,True,True,False
6.125,0.011606157212971068,0.9309143060466221,0.04076144423594789,-0.029948862766787543,0.0,0.00023807709773597584,0.48591823187701316,0.0,0.3939363813245128,0.475,0.0,0.38999999999999996,-0.7132657660176019,129.88695592267806,0.00482695588315496,True,True,False
6.13,0.011790721449401347,0.9276146170146652,0.039977954163668596,-0.029948862766787543,0.0,0.00023807709773597584,0.4861195219814602,0.0,0.3939213955680594,0.475,0.0,0.38999999999999996,-0.7222773091555208,129.886980256529,0.005662718383086927,True,True,False
6.135,0.011971947397342057,0.9242022951944269,0.03919651379792084,-0.029948862766787543,0.0,0.00023807709773597584,0.4863168525204852,0.0,0.39390594079759444,0.475,0.0,0.38999999999999996,-0.7756544938137679,129.88700375138222,0.006490153980532334,True,True,False
6.140000000000001,0.012149805409279464,0.9206872825155608,0.03841261993225507,-0.029948862766787543,0.0,0.00023807709773597584,0.486510222747371,0.0,0.393890057041903,0.475,0.0,0.38999999999999996,-0.8338815965152466,129.88702643603685,0.007303092532797886,True,True,False
6.1450000000000005,0.012324264177664747,0.9170848754139763,0.0376253289193857,-0.029948862766787543,0.0,0.00023807709773597584,0.48669962035390035,0.0,0.3938738057637768,0.475,0.0,0.38999999999999996,-0.9432605048393847,129.88704833986148,0.008099616071066844,True,True,False
6.15,0.012495287755541533,0.9134178410694452,0.03682777039015418,-0.03738902172879466,0.0,0.00025220843006141115,0.48688501662156825,0.0,0.39385727831493034,0.475,0.0,0.38999999999999996,-0.9699781236260141,129.8879604832939,0.0028574383465740094,True,True,False
6.155,0.012662844325464566,0.9097063086981606,0.03602956099469313,-0.03738902172879466,0.0,0.00025220843006141115,0.4870663894784145,0.0,0.3938405561271978,0.475,0.0,0.38999999999999996,-1.039647915005417,129.88797704702026,0.0016800519329722638,True,True,False
6.16,0.012826907429943857,0.9059677341779128,0.03522420923683925,-0.03738902172879466,0.0,0.00025220843006141115,0.487243724819579,0.0,0.39382370981623516,0.475,0.0,0.38999999999999996,-1.0290321790859305,129.88799288775223,0.00053711752015069,True,True,False
6.165,0.012987459742893788,0.9022196532976943,0.034421835078028304,-0.03738902172879466,0.0,0.00025220843006141115,0.48741701714704816,0.0,0.3938068091288109,0.475,0.0,0.38999999999999996,-0.991260331979858,129.88800804800053,0.0004847038822068245,True,True,False
6.17,0.013144499627668248,0.8984662403514866,0.03362675970507962,-0.03738902172879466,0.0,0.00025220843006141115,0.4875862923462875,0.0,0.3937898701080057,0.475,0.0,0.38999999999999996,-0.8970177010579301,129.88802259741385,0.0013471192470883644,True,True,False
6.175,0.013298034254859278,0.8946958148913595,0.03284722075991181,-0.03738902172879466,0.0,0.00025220843006141115,0.4877516018087422,0.0,0.39377284592246914,0.475,0.0,0.38999999999999996,-1.0324009257825808,129.88803658873368,0.0021403110557614985,True,True,False
6.18,0.0134480520713606,0.8909202529980205,0.03205105973168401,-0.03738902172879466,0.0,0.00025220843006141115,0.4879129466745119,0.0,0.3937557838989001,0.475,0.0,0.38999999999999996,-1.0303881834816326,129.88805007743474,0.0027523324866051482,True,True,False
6.1850000000000005,0.013594530988079672,0.8871635210650143,0.031258073890302544,-0.03738902172879466,0.0,0.00025220843006141115,0.4880703021705047,0.0,0.39373877974178184,0.475,0.0,0.38999999999999996,-1.0710756647532436,129.8880631024568,0.0033591288695847266,True,True,False
6.19,0.013737459174550168,0.883434561752979,0.030461689561567112,-0.03738902172879466,0.0,0.00025220843006141115,0.4882236709242893,0.0,0.39372186940374554,0.475,0.0,0.38999999999999996,-1.0511982004137332,129.88807568021284,0.003950905046920181,True,True,False
6.195,0.013876828122644574,0.8797391697664982,0.0296713308544625,-0.03738902172879466,0.0,0.00025220843006141115,0.48837306130017344,0.0,0.3937050762754931,0.475,0.0,0.38999999999999996,-1.0910240943576415,129.88808782665978,0.0045373512621749365,True,True,False
6.2,0.014012630179809122,0.8760826049984253,0.02887759787620765,-0.03423343914504806,0.0,0.00025506813588049474,0.48851848180763036,0.0,0.3936884216370778,0.475,0.0,0.38999999999999996,-1.079831873571897,129.88785300922652,0.0100804131277447,True,True,False
6.205,0.014144857394710084,0.8724713466338093,0.02808861050438736,-0.03423343914504806,0.0,0.00025506813588049474,0.48865993814542685,0.0,0.39367193145085744,0.475,0.0,0.38999999999999996,-0.926826477681457,129.887865589801,0.010461495710131066,True,True,False
6.21,0.01427352957840905,0.868882358586821,0.027325154749740503,-0.03423343914504806,0.0,0.00025506813588049474,0.4887974948652699,0.0,0.3936555139267369,0.475,0.0,0.38999999999999996,-0.9138665412445521,129.88787780484492,0.010851806204172983,True,True,False
6.215,0.014398668919231007,0.8652921252998249,0.026566755650458126,-0.03423343914504806,0.0,0.00025506813588049474,0.4889312165810564,0.0,0.39363907559928707,0.475,0.0,0.38999999999999996,-0.9500675547301323,129.88788966343256,0.011235710484421353,True,True,False
6.22,0.014520272790328534,0.8617039539342728,0.025806822629582112,-0.03423343914504806,0.0,0.00025506813588049474,0.48906111207501535,0.0,0.39362263013836796,0.475,0.0,0.38999999999999996,-0.7869997698208244,129.88790117721243,0.011609789376213986,True,True,False
6.2250000000000005,0.0146383571066032,0.85810137047635,0.025071327029674528,-0.03423343914504806,0.0,0.00025506813588049474,0.48918722851570084,0.0,0.39360611228662173,0.475,0.0,0.38999999999999996,-0.7419247740219806,129.8879123560416,0.011987380001876519,True,True,False
6.23,0.01475294690223447,0.8544555677928186,0.024345046597661388,-0.03423343914504806,0.0,0.00025506813588049474,0.4893096329258738,0.0,0.39358940772647755,0.475,0.0,0.38999999999999996,-0.7894699774450733,129.88792320854716,0.012361254503315613,True,True,False
6.235,0.014864039213133392,0.8507603716545702,0.023617675490628244,-0.03423343914504806,0.0,0.00025506813588049474,0.4894283386912983,0.0,0.39357249273459727,0.475,0.0,0.38999999999999996,-0.8756143308690669,129.88793374489168,0.01272638805252467,True,True,False
6.24,0.014971614055355267,0.847023388969227,0.02288397006664014,-0.03423343914504806,0.0,0.00025506813588049474,0.48954332725080707,0.0,0.3935553986975363,0.475,0.0,0.38999999999999996,-0.9565566148952973,129.88794397605338,0.013079975885097364,True,True,False
6.245,0.015075645459465832,0.8432572890030009,0.022143481548017284,-0.03423343914504806,0.0,0.00025506813588049474,0.48965456884957603,0.0,0.3935381771934921,0.475,0.0,0.38999999999999996,-0.8718302537492145,129.8879539131691,0.013421276766885759,True,True,False
6.25,0.015176136862515231,0.8394587020090113,0.02141870226109882,-0.03486318789217158,0.0,0.0002568283787170505,0.48976207941630323,0.0,0.39352081544198914,0.475,0.0,0.38999999999999996,-0.8020088979194806,129.8880414007265,0.012768151504631883,True,True,False
6.255,0.015273120252273056,0.8356108666557044,0.020707176638010125,-0.03486318789217158,0.0,0.0002568283787170505,0.489865916144809,0.0,0.3935032469818583,0.475,0.0,0.38999999999999996,-0.7964966400067334,129.88805057343393,0.01314029907810562,True,True,False
6.26,0.015366616708183675,0.8317064053553038,0.020001074095373685,-0.03486318789217158,0.0,0.0002568283787170505,0.48996611495433817,0.0,0.3934854429029557,0.475,0.0,0.38999999999999996,-0.6432213844516421,129.88805947237304,0.013504258044152333,True,True,False
6.265000000000001,0.01545665955601376,0.8277327765142702,0.019316878952583934,-0.03486318789217158,0.0,0.0002568283787170505,0.4900627283111165,0.0,0.3934673535233661,0.475,0.0,0.38999999999999996,-0.5933925025754893,129.88806810566,0.01386793249420546,True,True,False
6.2700000000000005,0.0155432902658543,0.8236755223702419,0.018642949139234314,-0.03486318789217158,0.0,0.0002568283787170505,0.49015581779487194,0.0,0.39344892146289867,0.475,0.0,0.38999999999999996,-0.5416472335400784,129.88807648081402,0.014225847541727007,True,True,False
6.275,0.015626536416440188,0.8195298017725741,0.017979432348234247,-0.03486318789217158,0.0,0.0002568283787170505,0.49024542105655444,0.0,0.3934301278668144,0.475,0.0,0.38999999999999996,-0.41116418922217823,129.88808460583715,0.014578258973878447,True,True,False
6.28,0.015706430096071346,0.8152859016877345,0.017331875311316733,-0.03486318789217158,0.0,0.0002568283787170505,0.4903315841477571,0.0,0.3934109344589155,0.475,0.0,0.38999999999999996,-0.15823664009751975,129.888092487981,0.014928732158803998,True,True,False
6.285,0.015783009883844124,0.8109271482722606,0.01670299775630698,-0.03486318789217158,0.0,0.0002568283787170505,0.4904143651655614,0.0,0.3933912752079781,0.475,0.0,0.38999999999999996,-0.19062203802878303,129.88810013356664,0.015279059135280004,True,True,False
6.29,0.015856303238960034,0.8064453061468316,0.01608059996071078,-0.03486318789217158,0.0,0.0002568283787170505,0.49049380251865055,0.0,0.39337111790344265,0.475,0.0,0.38999999999999996,-0.16378030985787081,129.8881075493006,0.015622995963890017,True,True,False
6.295,0.01592632618365544,0.801840811077167,0.015467020030857153,-0.03486318789217158,0.0,0.0002568283787170505,0.49056991488756635,0.0,0.3933504650575894,0.475,0.0,0.38999999999999996,-0.41511059459832245,129.88811474236059,0.015961691985834824,True,True,False
6.3,0.015993083093016048,0.7971227765217862,0.014849310993329826,-0.04365717098700317,0.0,0.00025548221377305527,0.4906427014777076,0.0,0.39332935388618256,0.475,0.0,0.38999999999999996,-0.34137842856049194,129.88884036052187,0.002426107837736294,True,True,False
6.305,0.016056583270504077,0.7922976580477793,0.014244983069069156,-0.04365717098700317,0.0,0.00025548221377305527,0.4907121688386206,0.0,0.3933078114682233,0.475,0.0,0.38999999999999996,-0.2929181760365283,129.8888448905987,0.003249080964573492,True,True,False
6.3100000000000005,0.016116854110741756,0.7873617250923653,0.013652526523251654,-0.04365717098700317,0.0,0.00025548221377305527,0.49077835056519864,0.0,0.3932858240775532,0.475,0.0,0.38999999999999996,-0.3176668812835942,129.88884918706472,0.0040545508237212965,True,True,False
6.315,0.01617391762432055,0.7823163701201381,0.013068486455033725,-0.04365717098700317,0.0,0.00025548221377305527,0.49084127032191793,0.0,0.3932633979080443,0.475,0.0,0.38999999999999996,-0.2866414209747758,129.8888532606258,0.004840262793834472,True,True,False
6.32,0.01622779532935466,0.7771638444025932,0.012496701214473825,-0.04365717098700317,0.0,0.00025548221377305527,0.490900950445454,0.0,0.3932405425753475,0.475,0.0,0.38999999999999996,-0.24404627083007158,129.88885712162812,0.005607027604611611,True,True,False
6.325,0.016278512376167613,0.7719033720529003,0.011938986791009933,-0.04365717098700317,0.0,0.00025548221377305527,0.4909574193194542,0.0,0.39321725563860743,0.475,0.0,0.38999999999999996,-0.23210815685783184,129.8888607799076,0.0063545447841519935,True,True,False
6.33,0.016326091805681453,0.7665330160300705,0.011395342064574763,-0.04365717098700317,0.0,0.00025548221377305527,0.4910107038822243,0.0,0.3931935301538057,0.475,0.0,0.38999999999999996,-0.2240192473135549,129.88886424497852,0.007081636273748575,True,True,False
6.335,0.01637055525287618,0.7610517748760985,0.010866823965883492,-0.04365717098700317,0.0,0.00025548221377305527,0.49106082867942646,0.0,0.39316936293560445,0.475,0.0,0.38999999999999996,-0.339839975453548,129.8888675260796,0.007787693106433791,True,True,False
6.34,0.01641191846870068,0.7554636401740291,0.01034774294597522,-0.04365717098700317,0.0,0.00025548221377305527,0.49110780820135913,0.0,0.39314477070253223,0.475,0.0,0.38999999999999996,-0.24336971368318952,129.88887063236365,0.008469307042622446,True,True,False
6.345,0.01645020268144105,0.7497693974201932,0.009851946483141518,-0.04365717098700317,0.0,0.00025548221377305527,0.4911516650013654,0.0,0.39311975735341015,0.475,0.0,0.38999999999999996,-0.25671362600695014,129.88887357252423,0.009130811112595786,True,True,False
6.3500000000000005,0.016485435273932106,0.7439661487982037,0.009374886432146482,-0.05281525000784493,0.0,0.0002480520223455733,0.4911924306046377,0.0,0.39309431208590806,0.475,0.0,0.38999999999999996,-0.3677830768230375,129.88952624893548,0.0046667532770260835,True,True,False
6.355,0.016517632640092064,0.7380595797244971,0.00891160135231417,-0.05281525000784493,0.0,0.0002480520223455733,0.4912301185715025,0.0,0.3930684587642664,0.475,0.0,0.38999999999999996,-0.31599141601600467,129.8895274299376,0.003533715396977253,True,True,False
6.36,0.01654681564455331,0.7320529757129619,0.008475522834171214,-0.05281525000784493,0.0,0.0002480520223455733,0.491264748883789,0.0,0.39304221164978986,0.475,0.0,0.38999999999999996,-0.3900954018673043,129.8895285015121,0.002438558682293656,True,True,False
6.365,0.01657300725179615,0.7259487902957309,0.008059581977100357,-0.05281525000784493,0.0,0.0002480520223455733,0.49129634435780434,0.0,0.39301558119438784,0.475,0.0,0.38999999999999996,-0.42769472723841495,129.8895294713734,0.0013862384877133468,True,True,False
6.37,0.01659622464662818,0.7197539032268468,0.007668917955638372,-0.05281525000784493,0.0,0.0002480520223455733,0.4913249186744816,0.0,0.3929885954548768,0.475,0.0,0.38999999999999996,-0.4539302919266505,129.8895303467041,0.00037336250379558025,True,True,False
6.375,0.016616488150904725,0.7134733815907242,0.007307439351077878,-0.05281525000784493,0.0,0.0002480520223455733,0.49135049012900045,0.0,0.39296127523385027,0.475,0.0,0.38999999999999996,-0.2546806832899532,129.88953113400294,0.0006017416607475914,True,True,False
6.38,0.016633834850500764,0.7071011655840406,0.006997908037401235,-0.05281525000784493,0.0,0.0002480520223455733,0.4913731020373753,0.0,0.3929335970253991,0.475,0.0,0.38999999999999996,-0.13861851136942005,129.88953183883606,0.0015515027173774384,True,True,False
6.385,0.016648309213975677,0.7006269375593355,0.006732871138347557,-0.05281525000784493,0.0,0.0002480520223455733,0.4913928079046697,0.0,0.3929055203810582,0.475,0.0,0.38999999999999996,-0.13330562816956135,129.8895324661488,0.002470074379296191,True,True,False
6.390000000000001,0.016659943224858108,0.6940501082415486,0.006509960286876789,-0.05281525000784493,0.0,0.0002480520223455733,0.491409641331091,0.0,0.39287704355901065,0.475,0.0,0.38999999999999996,-0.16445213457034114,129.88953302082862,0.003354471086604492,True,True,False
6.3950000000000005,0.01666876418113509,0.687374367115426,0.006330362228803789,-0.05281525000784493,0.0,0.0002480520223455733,0.4914236280898656,0.0,0.39284818182215747,0.475,0.0,0.38999999999999996,-0.12347716715134947,129.8895335075455,0.004204116756170125,True,True,False
6.4,0.016674800930557145,0.680603219580141,0.0061985841248533196,-0.056023112507529116,0.0,0.0002372538566023303,0.4914347956753227,0.0,0.3928189496597318,0.475,0.0,0.38999999999999996,-0.14110077320805706,129.88964970856273,3.56986189327755e-05,True,True,False
6.405,0.016678083309151766,0.6737404248208824,0.006113489860837773,-0.056023112507529116,0.0,0.0002372538566023303,0.4914431724189338,0.0,0.39278936259174385,0.475,0.0,0.38999999999999996,-0.11293261120872272,129.8896499005971,0.0009291876870482938,True,True,False
6.41,0.01667864118277874,0.6667906310141193,0.006076470855092801,-0.056023112507529116,0.0,0.0002372538566023303,0.4914487861125907,0.0,0.39275943963987725,0.475,0.0,0.38999999999999996,-0.2035890950392127,129.88965005572382,0.0018563460360202242,True,True,False
6.415,0.01667650248732077,0.6597606681110197,0.006082267246570436,-0.056023112507529116,0.0,0.0002372538566023303,0.49145166121324924,0.0,0.3927292084079611,0.475,0.0,0.38999999999999996,-0.2570109672365818,129.88965017655306,0.0027438995215814193,True,True,False
6.42,0.016671692380618136,0.6526600415677786,0.006129586118073544,-0.056023112507529116,0.0,0.0002372538566023303,0.49145181773753566,0.0,0.39269870709134336,0.475,0.0,0.38999999999999996,-0.20199521938474155,129.88965026546336,0.0035923769468151835,True,True,False
6.425,0.016664241572183634,0.6454951749184354,0.006220657930915016,-0.056023112507529116,0.0,0.0002372538566023303,0.49144928351553463,0.0,0.39266796158174233,0.475,0.0,0.38999999999999996,-0.21715377717405163,129.88965032455948,0.0044042284731515904,True,True,False
6.43,0.016654182828321294,0.6382717459395838,0.006348572249274714,-0.056023112507529116,0.0,0.0002372538566023303,0.4914440890363776,0.0,0.39263699477489755,0.475,0.0,0.38999999999999996,-0.21585612861086698,129.889650355726,0.005178610703153054,True,True,False
6.4350000000000005,0.01664154669824701,0.6309974830236688,0.006510042253602386,-0.056023112507529116,0.0,0.0002372538566023303,0.4914362613290165,0.0,0.3926058376837806,0.475,0.0,0.38999999999999996,-0.20162159420117495,129.889650360685,0.005916222732307363,True,True,False
6.44,0.01662636508541064,0.6236796841319341,0.0067014244932815485,-0.056023112507529116,0.0,0.0002372538566023303,0.49142582919947414,0.0,0.3925745195790795,0.475,0.0,0.38999999999999996,-0.24119108089919622,129.88965034099425,0.006617772828618896,True,True,False
6.445,0.01660866817809429,0.6163270150288461,0.006917063949633924,-0.056023112507529116,0.0,0.0002372538566023303,0.4914128189984198,0.0,0.3925430751414676,0.475,0.0,0.38999999999999996,-0.3470784398987132,129.8896502980864,0.007282882442029246,True,True,False
6.45,0.016588479405025724,0.6089528876402936,0.0071504933925589705,-0.055257423322121135,0.0,0.00022938805894068964,0.49139724751678604,0.0,0.3925115578520543,0.475,0.0,0.38999999999999996,-0.3345077106547896,129.88948444125944,0.009116704491916715,True,True,False
6.455,0.01656582465082214,0.601569413723251,0.007403584281391835,-0.055257423322121135,0.0,0.00022938805894068964,0.4913791351368403,0.0,0.3924800158327941,0.475,0.0,0.38999999999999996,-0.28490352017234516,129.8894843389258,0.009664839415763744,True,True,False
6.46,0.016540738941127463,0.5941828989451762,0.007674180974182758,-0.055257423322121135,0.0,0.00022938805894068964,0.49135851518666007,0.0,0.39244847413838524,0.475,0.0,0.38999999999999996,-0.24301829970162153,129.88948421500265,0.010179983421774872,True,True,False
6.465,0.016513258594960743,0.5867989528048991,0.007958652729117045,-0.055257423322121135,0.0,0.00022938805894068964,0.4913354227685929,0.0,0.39241695519101644,0.475,0.0,0.38999999999999996,-0.2150032259548913,129.88948407082256,0.01066218861335782,True,True,False
6.47,0.01648341806159179,0.5794248082727033,0.008253265658451133,-0.055257423322121135,0.0,0.00022938805894068964,0.49130989021556637,0.0,0.39238548782209887,0.475,0.0,0.38999999999999996,-0.21630201203911145,129.88948390769417,0.01111096367074509,True,True,False
6.4750000000000005,0.016451249551695152,0.5720713012496229,0.008554664878174733,-0.055257423322121135,0.0,0.00022938805894068964,0.4912819456496236,0.0,0.39235411505132034,0.475,0.0,0.38999999999999996,-0.1406721273295574,129.88948372695415,0.011524986490618276,True,True,False
6.48,0.016416786260086486,0.564747680428744,0.008863415807032692,-0.055257423322121135,0.0,0.00022938805894068964,0.4912516192823959,0.0,0.39232287361029844,0.475,0.0,0.38999999999999996,-0.1531584616459359,129.88948352987867,0.011907979803185951,True,True,False
6.485,0.016380060586833587,0.5574619799890917,0.009177119364319404,-0.055257423322121135,0.0,0.00022938805894068964,0.491218941346951,0.0,0.39229179545607845,0.475,0.0,0.38999999999999996,-0.04123346460752286,129.88948331770803,0.012257750011051633,True,True,False
6.49,0.01634110391359811,0.5502214875093553,0.009496090892978419,-0.055257423322121135,0.0,0.00022938805894068964,0.4911839415743764,0.0,0.3922609096028329,0.475,0.0,0.38999999999999996,-0.21990497776901774,129.88948309165838,0.012578098810204184,True,True,False
6.495,0.01629994299366365,0.5430359181836996,0.009816969861008483,-0.055257423322121135,0.0,0.00022938805894068964,0.4911466437874975,0.0,0.3922302546931577,0.475,0.0,0.38999999999999996,-0.12981864797637083,129.88948285302445,0.012862053637394866,True,True,False
6.5,0.016256605138201367,0.5359137282057637,0.010141871583103671,-0.050829512357180584,0.0,0.00022806694782637175,0.49110707320653835,0.0,0.39219986439095883,0.475,0.0,0.38999999999999996,-0.10347418068332458,129.88910680284917,0.020098238000931894,True,True,False
6.505,0.016211122352042404,0.5288582894098272,0.01046945114144099,-0.050829512357180584,0.0,0.00022806694782637175,0.4910652626626876,0.0,0.39216975194244513,0.475,0.0,0.38999999999999996,-0.03950653553543208,129.88910630974763,0.02007496537986331,True,True,False
6.51,0.016163523977918905,0.5218738470952763,0.010799081805407042,-0.050829512357180584,0.0,0.00022806694782637175,0.4910212418255719,0.0,0.392139934053027,0.475,0.0,0.38999999999999996,-0.10095275673326197,129.88910582293738,0.02003031038350166,True,True,False
6.515000000000001,0.01611383760962746,0.5149652549602077,0.011129796303614612,-0.050829512357180584,0.0,0.00022806694782637175,0.49097503825001876,0.0,0.3921104301504388,0.475,0.0,0.38999999999999996,0.024912133083065766,129.88910534438085,0.019962447753878895,True,True,False
6.5200000000000005,0.01606209061591881,0.508136874758204,0.011461466901364235,-0.050829512357180584,0.0,0.00022806694782637175,0.4909266795443795,0.0,0.39208125770740415,0.475,0.0,0.38999999999999996,-0.06391321279707694,129.88910487604642,0.019873182839053705,True,True,False
6.525,0.016008310346036232,0.5013923631085961,0.011793437074338735,-0.050829512357180584,0.0,0.00022806694782637175,0.4908761936695184,0.0,0.39205243141248464,0.475,0.0,0.38999999999999996,-0.01947152626204901,129.8891044198889,0.01976140660063524,True,True,False
6.53,0.015952523043029465,0.4947354675359365,0.012125464235882313,-0.050829512357180584,0.0,0.00022806694782637175,0.4908236074191694,0.0,0.3920239663244214,0.475,0.0,0.38999999999999996,-0.07172318476023934,129.88910397786222,0.019628191722531305,True,True,False
6.535,0.01589475458563388,0.4881694860071817,0.012457166817956057,-0.050829512357180584,0.0,0.00022806694782637175,0.49076894744203553,0.0,0.39199587572455036,0.475,0.0,0.38999999999999996,0.05497681153590568,129.88910355187582,0.019473472804028537,True,True,False
6.54,0.0158350309916464,0.4816969572002682,0.012788310316651006,-0.050829512357180584,0.0,0.00022806694782637175,0.49071224088926035,0.0,0.391968169897203,0.475,0.0,0.38999999999999996,-0.0033110993535659175,129.88910314378808,0.01929844346667073,True,True,False
6.545,0.015773377861702312,0.4753198062614963,0.013118732219615716,-0.050829512357180584,0.0,0.00022806694782637175,0.49065351476355956,0.0,0.3919408566961686,0.475,0.0,0.38999999999999996,-0.07910752898676579,129.88910275539865,0.019103099580379795,True,True,False
6.55,0.01570981902757677,0.4690404491222967,0.013448186807747807,-0.04557963482532068,0.0,0.0002353079339556997,0.49059279400317857,0.0,0.39191394593801676,0.475,0.0,0.38999999999999996,-0.17400288422009055,129.8887709439114,0.027163132019096623,True,True,False
6.555,0.015644373702273336,0.46285937769604807,0.013780153931421886,-0.04557963482532068,0.0,0.0002353079339556997,0.49053009981064055,0.0,0.3918874396435179,0.475,0.0,0.38999999999999996,-0.077214456747158,129.88877043109503,0.026628993475155766,True,True,False
6.5600000000000005,0.015577052630471608,0.4567607328774429,0.014117222992831953,-0.04557963482532068,0.0,0.0002353079339556997,0.4904654525357298,0.0,0.39186127550823885,0.475,0.0,0.38999999999999996,-0.041487952516154884,129.88876999841642,0.026085333984237173,True,True,False
6.565,0.015507868883383317,0.45072675644046895,0.014457084406321931,-0.04557963482532068,0.0,0.0002353079339556997,0.4903988753798405,0.0,0.39183538397627027,0.475,0.0,0.38999999999999996,0.022767181121164208,129.88876964671184,0.025531508048934434,True,True,False
6.57,0.015436836557067573,0.44474559560594595,0.014797954720370238,-0.04557963482532068,0.0,0.0002353079339556997,0.4903303894609911,0.0,0.3918097187250923,0.475,0.0,0.38999999999999996,0.02877568728375233,129.8887693767912,0.02496755252797687,True,True,False
6.575,0.015363971834743397,0.43880879952039054,0.015138581235642953,-0.04557963482532068,0.0,0.0002353079339556997,0.490260016182279,0.0,0.39178424680337975,0.475,0.0,0.38999999999999996,0.16017458599713572,129.88876918940363,0.02439327260878002,True,True,False
6.58,0.015289295911780715,0.432909065400087,0.015477145970389232,-0.04557963482532068,0.0,0.0002353079339556997,0.49018778128540397,0.0,0.3917589397672253,0.475,0.0,0.38999999999999996,0.10116393135153662,129.8887690852356,0.023808183082918703,True,True,False
6.585,0.015212829113287932,0.4270419669230809,0.015814323676992086,-0.04557963482532068,0.0,0.0002353079339556997,0.4901137081787186,0.0,0.39173378047013896,0.475,0.0,0.38999999999999996,0.03580625791716435,129.88876906531718,0.02320775848500206,True,True,False
6.59,0.015134587496958375,0.4212059284377477,0.01614964842084726,-0.04557963482532068,0.0,0.0002353079339556997,0.4900378145967694,0.0,0.39170876296082174,0.475,0.0,0.38999999999999996,0.11869661105719645,129.88876913083416,0.02259291822177364,True,True,False
6.595,0.015054591371894669,0.41539836767106686,0.016481977642068796,-0.04557963482532068,0.0,0.0002353079339556997,0.48996012294553404,0.0,0.3916838773201248,0.475,0.0,0.38999999999999996,0.11770650603250503,129.88876928269113,0.021965347276121212,True,True,False
6.6000000000000005,0.014972862773415979,0.40961667102768207,0.01681155157766182,-0.03939127236196732,0.0,0.0002507530075974004,0.48988065731141595,0.0,0.39165911350176785,0.475,0.0,0.38999999999999996,0.0738318916793084,129.88846971308863,0.031080104217740927,True,True,False
6.605,0.014889420970754332,0.40385951114860386,0.017138569835109883,-0.03939127236196732,0.0,0.0002507530075974004,0.4897994383983431,0.0,0.3916344662547711,0.475,0.0,0.38999999999999996,0.13098916342096645,129.88847021092664,0.030077131418237188,True,True,False
6.61,0.01480428717360588,0.3981250613444606,0.017462014189247897,-0.03939127236196732,0.0,0.0002507530075974004,0.48971648903204035,0.0,0.3916099283488488,0.475,0.0,0.38999999999999996,0.05740732143818636,129.88847090182907,0.029072486676532675,True,True,False
6.615,0.014717482117875304,0.3924121023076763,0.017782753513028764,-0.03939127236196732,0.0,0.0002507530075974004,0.489631831222085,0.0,0.3915854951839718,0.475,0.0,0.38999999999999996,0.10666988848250525,129.88847178341715,0.028065096197586455,True,True,False
6.62,0.014629026178714,0.3867197031557682,0.01809978421464252,-0.03939127236196732,0.0,0.0002507530075974004,0.48954548645191287,0.0,0.39156116328893487,0.475,0.0,0.38999999999999996,0.08045455685951015,129.88847285311502,0.02705651848699523,True,True,False
6.625,0.014538941207276734,0.38104655701270895,0.018413533921724096,-0.03939127236196732,0.0,0.0002507530075974004,0.4894574778107756,0.0,0.39153692770798765,0.475,0.0,0.38999999999999996,0.13885322385161375,129.8884741080628,0.02604646338362692,True,True,False
6.63,0.014447249838226093,0.3753911639393933,0.018723162365054228,-0.03939127236196732,0.0,0.0002507530075974004,0.4893678292144503,0.0,0.3915127827182087,0.475,0.0,0.38999999999999996,0.17393753943242765,129.88847554514408,0.025036417522493994,True,True,False
6.635,0.01435397719024442,0.3697512543166586,0.019028626117562633,-0.03939127236196732,0.0,0.0002507530075974004,0.4892765673479952,0.0,0.3914887195626491,0.475,0.0,0.38999999999999996,0.36118497381539616,129.8884771609086,0.024026861106045648,True,True,False
6.640000000000001,0.014259160165756199,0.3641197280150895,0.019326330703358152,-0.03939127236196732,0.0,0.0002507530075974004,0.4891837326512156,0.0,0.3914647104531366,0.475,0.0,0.38999999999999996,0.39475138035137586,129.8884789510002,0.023025485998354224,True,True,False
6.6450000000000005,0.01416283855331682,0.35848910234519976,0.019618759717253225,-0.03939127236196732,0.0,0.0002507530075974004,0.4890893684819765,0.0,0.39144072608999914,0.475,0.0,0.38999999999999996,0.432819853442174,129.88848091060754,0.022027861785222376,True,True,False
6.65,0.014065043723178917,0.35285609649493316,0.0199055240019014,-0.03388197462432585,0.0,0.000273773361800719,0.4889935079179486,0.0,0.3914167537136862,0.475,0.0,0.38999999999999996,0.3949599084221982,129.8883423959637,0.02971971656839306,True,True,False
6.655,0.013965800125670752,0.3472207579512679,0.020188927819220038,-0.03388197462432585,0.0,0.000273773361800719,0.4888961757075544,0.0,0.39139279354355183,0.475,0.0,0.38999999999999996,0.44042057911164556,129.88834533436312,0.028415486644153644,True,True,False
6.66,0.013865133105966135,0.34158275690067774,0.020466277133106506,-0.03388197462432585,0.0,0.000273773361800719,0.4887973976289271,0.0,0.3913688442991934,0.475,0.0,0.38999999999999996,0.49102665502636345,129.88834854825268,0.027125356475255463,True,True,False
6.665,0.013763078591818016,0.33593754200645415,0.020737030565651408,-0.03388197462432585,0.0,0.000273773361800719,0.48869721169001334,0.0,0.3913448881899699,0.475,0.0,0.38999999999999996,0.5302156523833039,129.88835202785978,0.025850666910641154,True,True,False
6.67,0.013659673421522987,0.33028074106271615,0.021001267795982163,-0.03388197462432585,0.0,0.000273773361800719,0.4885956566484353,0.0,0.39132090812720566,0.475,0.0,0.38999999999999996,0.6471682440646414,129.88835576315628,0.024591460883127827,True,True,False
6.675,0.013554966823782462,0.3246030882927634,0.02125496825891811,-0.03388197462432585,0.0,0.000273773361800719,0.4884927854660055,0.0,0.3912968677504639,0.475,0.0,0.38999999999999996,0.5972975693435609,129.8883597430089,0.023356587943233146,True,True,False
6.68,0.013448996148181264,0.31890175898271006,0.021505556800258275,-0.03388197462432585,0.0,0.000273773361800719,0.48838863657733045,0.0,0.39127275606223777,0.475,0.0,0.38999999999999996,0.6556720267158277,129.88836395698604,0.022130592930383105,True,True,False
6.6850000000000005,0.01334179043761636,0.31317770037668247,0.021747856755688872,-0.03388197462432585,0.0,0.000273773361800719,0.4882832386026627,0.0,0.3912485769123294,0.475,0.0,0.38999999999999996,0.6772264937526986,129.88836839531203,0.020923815455117827,True,True,False
6.69,0.013233390749699427,0.3074272051385207,0.021983410147631013,-0.03388197462432585,0.0,0.000273773361800719,0.4881766339220375,0.0,0.3912243158166262,0.475,0.0,0.38999999999999996,0.8152491270530335,129.88837304775834,0.01972943175426943,True,True,False
6.695,0.013123855209604652,0.30164016273117394,0.022205193470449563,-0.03388197462432585,0.0,0.000273773361800719,0.4880688842743224,0.0,0.3911999330760654,0.475,0.0,0.38999999999999996,0.77345277396493,129.8883779042462,0.018553633252486483,True,True,False
6.7,0.013013230604497378,0.29581212050356864,0.022423666313507295,-0.03469961574433439,0.0,0.00030133445560822346,0.4879600377735349,0.0,0.3911754112788189,0.475,0.0,0.38999999999999996,0.8684177071215228,129.88881265911098,0.016099488634823585,True,True,False
6.705,0.012901557300005256,0.28994111382787147,0.02263018117790554,-0.03469961574433439,0.0,0.00030133445560822346,0.48785013504973385,0.0,0.3911507432245814,0.475,0.0,0.38999999999999996,0.8767127591102345,129.8888177160333,0.014999105079731598,True,True,False
6.71,0.012788886517165308,0.284021038420145,0.022830136837641155,-0.03469961574433439,0.0,0.00030133445560822346,0.4877392289921493,0.0,0.3911259054287618,0.475,0.0,0.38999999999999996,0.761918226973238,129.88882292990291,0.013912300528204542,True,True,False
6.715,0.012675225494545259,0.27806417228718777,0.023031603951103687,-0.03469961574433439,0.0,0.00030133445560822346,0.4876273219040005,0.0,0.391100946352153,0.475,0.0,0.38999999999999996,0.8733408264647387,129.88882829238403,0.012832883292744336,True,True,False
6.72,0.012560602178889678,0.27207297966132094,0.02322021842458593,-0.03469961574433439,0.0,0.00030133445560822346,0.4875144403913464,0.0,0.39107587582358067,0.475,0.0,0.38999999999999996,0.8412939095778799,129.88883379446767,0.011773738234935698,True,True,False
6.7250000000000005,0.012445062198058729,0.2660430651698023,0.02340507135035165,-0.03469961574433439,0.0,0.00030133445560822346,0.4874006310977299,0.0,0.3910506766826972,0.475,0.0,0.38999999999999996,0.8479451581903573,129.88883942657313,0.010727634768313492,True,True,False
6.73,0.012328629345004314,0.2599791697299839,0.02358362563847212,-0.03469961574433439,0.0,0.00030133445560822346,0.4872859156182419,0.0,0.39102536771352536,0.475,0.0,0.38999999999999996,0.8138916765938299,129.88884517973858,0.009697248982840148,True,True,False
6.735,0.012211327188890767,0.25388600065266403,0.02375855252428053,-0.03469961574433439,0.0,0.00030133445560822346,0.4871703153863943,0.0,0.39099996755439154,0.475,0.0,0.38999999999999996,0.8039402193602648,129.8888510450112,0.00868068376765244,True,True,False
6.74,0.01209317561825564,0.24776952630085705,0.023928312599368364,-0.03469961574433439,0.0,0.00030133445560822346,0.4870538477965716,0.0,0.3909744997850474,0.475,0.0,0.38999999999999996,0.7468757069129108,129.8888570135894,0.007679510997179229,True,True,False
6.745,0.01197419023824351,0.24163730574402031,0.024095819637241948,-0.03469961574433439,0.0,0.00030133445560822346,0.48693652553483263,0.0,0.39094899421385704,0.475,0.0,0.38999999999999996,0.6696864878677922,129.88886307686636,0.006691382948053267,True,True,False
6.75,0.011854374035188145,0.23550161953944626,0.024262096710185966,-0.04190375410370578,0.0,0.00032577655018126053,0.4868183473061208,0.0,0.3909234991705735,0.475,0.0,0.38999999999999996,0.6205733071563628,129.8897461693894,0.005640454634704153,True,True,False
6.755,0.011733732189890551,0.2293729554484084,0.024425565941420774,-0.04190375410370578,0.0,0.00032577655018126053,0.48669931473187206,0.0,0.39089805674023115,0.475,0.0,0.38999999999999996,0.6559344479902147,129.88975033953037,0.00619319786165352,True,True,False
6.76,0.011612289036887562,0.22325315432779827,0.02458205389923263,-0.04190375410370578,0.0,0.00032577655018126053,0.48657945141279707,0.0,0.3908726749995791,0.475,0.0,0.38999999999999996,0.45133640689887133,129.8897544824268,0.00673964603220965,True,True,False
6.765000000000001,0.011490047349277903,0.21715289654610548,0.024742532673386487,-0.04190375410370578,0.0,0.00032577655018126053,0.4864587568404649,0.0,0.3908473958695593,0.475,0.0,0.38999999999999996,0.30313575684879535,129.88975859624856,0.007290000469614078,True,True,False
6.7700000000000005,0.01136698837898208,0.21109080305920766,0.024902750905673378,-0.04190375410370578,0.0,0.00032577655018126053,0.48633720688754345,0.0,0.39082229240355876,0.475,0.0,0.38999999999999996,0.3020091601345435,129.8897626796968,0.007841396350360335,True,True,False
6.775,0.011243122519719722,0.20507301986001714,0.025058138713473628,-0.04190375410370578,0.0,0.00032577655018126053,0.48621481053651966,0.0,0.3907973886275812,0.475,0.0,0.38999999999999996,0.2776717310715136,129.8897667310897,0.008391025740744407,True,True,False
6.78,0.011118473251912245,0.19910067495261874,0.02520917751313666,-0.04190375410370578,0.0,0.00032577655018126053,0.48609159138171987,0.0,0.3907726888600498,0.475,0.0,0.38999999999999996,0.23161039802224623,129.88977074866622,0.008940606921307395,True,True,False
6.785,0.010993061704772126,0.19317692766709763,0.025355880383908284,-0.04190375410370578,0.0,0.00032577655018126053,0.4859675701188468,0.0,0.39074820540836464,0.475,0.0,0.38999999999999996,0.26455094170694576,129.88977473122586,0.0094967803056583,True,True,False
6.79,0.010866913673524181,0.18730424202675156,0.02549671419837944,-0.04190375410370578,0.0,0.00032577655018126053,0.4858427723514991,0.0,0.39072394787201375,0.475,0.0,0.38999999999999996,0.22226181501934034,129.88977867795688,0.010058840185645623,True,True,False
6.795,0.010740052460403696,0.18148549396510455,0.025633931573804388,-0.04190375410370578,0.0,0.00032577655018126053,0.48571722111297033,0.0,0.3906999274733327,0.475,0.0,0.38999999999999996,0.2055900199548991,129.88978258828107,0.010631537424076184,True,True,False
6.8,0.010612495963541479,0.17572420086997467,0.02576727437461324,-0.039207860470628575,0.0,0.00033815790044076715,0.48559093390627683,0.0,0.39067615794682853,0.475,0.0,0.38999999999999996,0.21743482337732756,129.8897511156605,0.00696264164151893,True,True,False
6.805,0.010484264872939575,0.1700213753682535,0.025896394823539018,-0.039207860470628575,0.0,0.00033815790044076715,0.4854639317112406,0.0,0.3906526431401983,0.475,0.0,0.38999999999999996,0.15396963626282478,129.8897557728782,0.0077017526324247645,True,True,False
6.8100000000000005,0.010355376885104493,0.16437831884883417,0.026022790477388383,-0.039207860470628575,0.0,0.00033815790044076715,0.4853362324445531,0.0,0.39062938802397557,0.475,0.0,0.38999999999999996,0.12319316578744126,129.88976041833746,0.008443872077079022,True,True,False
6.815,0.010225847037387256,0.15879659912653918,0.026145929142297773,-0.039207860470628575,0.0,0.00033815790044076715,0.48520785130691735,0.0,0.3906063986542754,0.475,0.0,0.38999999999999996,0.17366094890279782,129.88976504924577,0.009187310836936604,True,True,False
6.82,0.01009569575524952,0.15327507489564832,0.026264704826127652,-0.039207860470628575,0.0,0.00033815790044076715,0.48507880953190935,0.0,0.390583670456727,0.475,0.0,0.38999999999999996,0.11943278539234112,129.88976966252577,0.009929738259232043,True,True,False
6.825,0.009964942228860066,0.14781282614533336,0.026380691237481834,-0.039207860470628575,0.0,0.00033815790044076715,0.48494912702188453,0.0,0.39056119972106657,0.475,0.0,0.38999999999999996,0.047502819516179365,129.88977425506582,0.010672913770602081,True,True,False
6.83,0.009833601038091147,0.14241033060830724,0.026493851769034845,-0.039207860470628575,0.0,0.00033815790044076715,0.4848188187214084,0.0,0.3905389882118065,0.475,0.0,0.38999999999999996,-0.096868565676652,129.88977882385313,0.011416215462770836,True,True,False
6.835,0.00970168757039313,0.13706755347589675,0.02660398904783013,-0.039207860470628575,0.0,0.00033815790044076715,0.48468790048541777,0.0,0.39051703568364504,0.475,0.0,0.38999999999999996,-0.13832748609459858,129.88978336585296,0.012159769622626288,True,True,False
6.84,0.009569218049329729,0.13178412163112324,0.026711024386133726,-0.039207860470628575,0.0,0.00033815790044076715,0.48455638905654463,0.0,0.39049534056523905,0.475,0.0,0.38999999999999996,-0.2838319270278408,129.88978787802446,0.012903145586273194,True,True,False
6.845,0.009436202600874457,0.1265623421022709,0.026817002617738228,-0.039207860470628575,0.0,0.00033815790044076715,0.4844242945165168,0.0,0.39047391179632995,0.475,0.0,0.38999999999999996,-0.3142530390924909,129.88979235760584,0.013651018553332114,True,True,False
6.8500000000000005,0.009302649605195315,0.12140479486829238,0.026920478262036696,-0.0319497849115678,0.0,0.0003469143367474188,0.4842916251872664,0.0,0.39045275938024215,0.475,0.0,0.38999999999999996,-0.2853032956948385,129.88939928948278,0.0029584394925681115,True,True,False
6.855,0.009168576606832353,0.11630936619891194,0.027020088877491685,-0.0319497849115678,0.0,0.0003469143367474188,0.4841583995020504,0.0,0.39043187446809885,0.475,0.0,0.38999999999999996,-0.12696383670071942,129.8894061785174,0.004114796058123052,True,True,False
6.86,0.009034011441502498,0.1112693251562233,0.027113897138689277,-0.0319497849115678,0.0,0.0003469143367474188,0.4840246469479549,0.0,0.39041123009370204,0.475,0.0,0.38999999999999996,-0.08742522065906687,129.8894131244943,0.005252369431730561,True,True,False
6.865,0.008898981321306332,0.10627884287442319,0.027203949063133833,-0.0319497849115678,0.0,0.0003469143367474188,0.48389039601853945,0.0,0.39039080326316,0.475,0.0,0.38999999999999996,0.02706461086662701,129.88942011730816,0.006375668316763953,True,True,False
6.87,0.008763506907739712,0.10133544146142635,0.02729020182506462,-0.0319497849115678,0.0,0.0003469143367474188,0.4837556679201058,0.0,0.3903705841265232,0.475,0.0,0.38999999999999996,0.04399460108295361,129.8894271474514,0.007484486253273696,True,True,False
6.875,0.008627608406848147,0.09643711350690197,0.027372804745884022,-0.0319497849115678,0.0,0.0003469143367474188,0.48362048323630646,0.0,0.39035056467944684,0.475,0.0,0.38999999999999996,0.09330302284618724,129.88943420562927,0.008579518478164967,True,True,False
6.88,0.008491306508979175,0.09158194918284629,0.027451400161189347,-0.0319497849115678,0.0,0.0003469143367474188,0.4834848629373929,0.0,0.3903307373022325,0.475,0.0,0.38999999999999996,-0.005916184164657168,129.88944128274144,0.009660272725582477,True,True,False
6.885,0.008354619883945176,0.08676882709963017,0.027527037560378137,-0.0319497849115678,0.0,0.0003469143367474188,0.48334882577221666,0.0,0.3903110974612281,0.475,0.0,0.38999999999999996,-0.011069396392985193,129.889448369899,0.010727675582926002,True,True,False
6.890000000000001,0.008217565900060802,0.08199709185998906,0.02759909808132415,-0.0319497849115678,0.0,0.0003469143367474188,0.4832123890559151,0.0,0.3902916424456885,0.475,0.0,0.38999999999999996,-0.26804456257347,129.8894554584345,0.011781202583269673,True,True,False
6.8950000000000005,0.008080155604268103,0.0772693777933967,0.027670206110471333,-0.0319497849115678,0.0,0.0003469143367474188,0.4830755632863903,0.0,0.39027238244563517,0.475,0.0,0.38999999999999996,-0.34271411918496214,129.88946254038976,0.01282772766157464,True,True,False
6.9,0.007942393757901574,0.0725907329749479,0.02773979289225502,-0.024709235430103837,0.0,0.0003545882834046608,0.48293835240557015,0.0,0.3902533371084783,0.475,0.0,0.38999999999999996,-0.3566035544905772,129.8890856554519,0.0024517072047360103,True,True,False
6.905,0.007804291521003593,0.06796256868195161,0.02780649755806353,-0.024709235430103837,0.0,0.0003545882834046608,0.4828007673056809,0.0,0.39023451138016807,0.475,0.0,0.38999999999999996,-0.2709427467405855,129.88909564985454,0.0038868569337571005,True,True,False
6.91,0.007665872671385932,0.0633807006274418,0.027867609667732753,-0.024709235430103837,0.0,0.0003545882834046608,0.48266283211807887,0.0,0.39021588826749104,0.475,0.0,0.38999999999999996,-0.3482762404187135,129.8891057435196,0.005293332890212055,True,True,False
6.915,0.007527156540089612,0.05884339432866683,0.027927273827575153,-0.024709235430103837,0.0,0.0003545882834046608,0.4825245660874941,0.0,0.3901974608162321,0.475,0.0,0.38999999999999996,-0.45505691528486614,129.8891159202754,0.006679946610890115,True,True,False
6.92,0.007388144146410451,0.0543567021158706,0.02798730616464203,-0.024709235430103837,0.0,0.0003545882834046608,0.4823859692956906,0.0,0.3901792525906486,0.475,0.0,0.38999999999999996,-0.4447821086833871,129.88912616574024,0.008050755944970268,True,True,False
6.925,0.007248843064702557,0.04992322886099584,0.02804379697848692,-0.024709235430103837,0.0,0.0003545882834046608,0.4822470488193319,0.0,0.39016127363983694,0.475,0.0,0.38999999999999996,-0.4135221383618992,129.88913646540982,0.009398080329216615,True,True,False
6.93,0.007109275525553216,0.045539222485090465,0.028095943332090926,-0.024709235430103837,0.0,0.0003545882834046608,0.4821078269279161,0.0,0.390143509097344,0.475,0.0,0.38999999999999996,-0.32988664092412295,129.88914680401018,0.010720180201053843,True,True,False
6.9350000000000005,0.006969471086470478,0.041198127069221394,0.028142136824495036,-0.024709235430103837,0.0,0.0003545882834046608,0.48196833323523347,0.0,0.3901259331087852,0.475,0.0,0.38999999999999996,-0.2612729360964612,129.88915716606624,0.012013520084831489,True,True,False
6.94,0.006829461729024196,0.036892932138057964,0.028183186054385804,-0.024709235430103837,0.0,0.0003545882834046608,0.4818285995155286,0.0,0.3901085180387244,0.475,0.0,0.38999999999999996,-0.3488003957012104,129.88916753626629,0.01327940585531278,True,True,False
6.945,0.006689264923650126,0.03262331944295252,0.02822301174068079,-0.024709235430103837,0.0,0.0003545882834046608,0.48168864234199815,0.0,0.3900912624764353,0.475,0.0,0.38999999999999996,-0.3886436250789851,129.88917790072736,0.014526126638745702,True,True,False
6.95,0.006548888782930629,0.02839282623200917,0.028260734694121905,-0.017335467430214968,0.0,0.00035938298749143725,0.4815484686455147,0.0,0.39007418011799083,0.475,0.0,0.38999999999999996,-0.3655905047521516,129.8887896326864,0.0041286783732722016,True,True,False
6.955,0.006408350456162852,0.02420083650043685,0.028294382406796024,-0.017335467430214968,0.0,0.00035938298749143725,0.48140809456503825,0.0,0.39005726791885176,0.475,0.0,0.38999999999999996,-0.30072880307620814,129.88880353348466,0.005747442146155163,True,True,False
6.96,0.006267677028494687,0.020042778805105334,0.02832274347088676,-0.017335467430214968,0.0,0.00035938298749143725,0.48126754612980616,0.0,0.3900405073360218,0.475,0.0,0.38999999999999996,-0.2521068011879484,129.88881754194833,0.007328278284539531,True,True,False
6.965,0.006126897344841025,0.015913956522896185,0.028346441014021506,-0.017335467430214968,0.0,0.00035938298749143725,0.48112685080846085,0.0,0.3900238798049063,0.475,0.0,0.38999999999999996,-0.24024687768190967,129.88883163444282,0.008872488610670096,True,True,False
6.97,0.005986035806490586,0.011811982545840186,0.02836631419138004,-0.017335467430214968,0.0,0.00035938298749143725,0.4809860312623634,0.0,0.39000737581150113,0.475,0.0,0.38999999999999996,-0.405878416510167,129.88884578838312,0.010382041970114622,True,True,False
6.9750000000000005,0.005845099201860686,0.007741992973239487,0.02838728232221112,-0.017335467430214968,0.0,0.00035938298749143725,0.4808450922965387,0.0,0.3899910153165901,0.475,0.0,0.38999999999999996,-0.2882449392475736,129.8888599833886,0.011867511020466778,True,True,False
6.98,0.005704103930282376,0.003704702905716377,0.028401320239468907,-0.017335467430214968,0.0,0.00035938298749143725,0.4807040482690717,0.0,0.38997480096107606,0.475,0.0,0.38999999999999996,-0.4267554559430206,129.88887419905117,0.01331328429331758,True,True,False
6.985,0.005563067656201797,0.00029946650711644765,0.028416236099995548,-0.017335467430214968,0.0,0.00035938298749143725,0.4805629146033181,0.0,0.3899587342312775,0.475,0.0,0.38999999999999996,-0.4284599914026361,129.88888841544664,0.014735096347720154,True,True,False
6.99,0.005421996435328783,0.0042656218896193355,0.028427954545889034,-0.017335467430214968,0.0,0.00035938298749143725,0.4804216950678742,0.0,0.38994283413862724,0.475,0.0,0.38999999999999996,-0.3410521822394476,129.88890261435364,0.016125542982867613,True,True,False
6.995,0.005280918983125663,0.008198191877834304,0.028433409254646193,-0.017335467430214968,0.0,0.00035938298749143725,0.48028041555581535,0.0,0.38992708316902125,0.475,0.0,0.38999999999999996,-0.22369876612386463,129.8889167764485,0.01747867291261518,True,True,False
7.0,0.005139874087914552,0.012105080261356132,0.02843257054557926,-0.013093866977609475,0.0,0.00036020349753243357,0.48013911126295195,0.0,0.38991145020262197,0.475,0.0,0.38999999999999996,-0.297753473510794,129.88869798360696,0.012107877211575739,True,True,False
7.005,0.00499888722501175,0.01598809895173939,0.02842985600593054,-0.013093866977609475,0.0,0.00036020349753243357,0.47999780376223866,0.0,0.38989592770523074,0.475,0.0,0.38999999999999996,-0.24828882467503366,129.8887144253697,0.013634636483747423,True,True,False
7.01,0.004857978950672582,0.019846854416758115,0.028422493598021,-0.013093866977609475,0.0,0.00036020349753243357,0.47985650936849406,0.0,0.38988051678399394,0.475,0.0,0.38999999999999996,-0.3116188712600757,129.88873086417533,0.015121373527083766,True,True,False
7.015000000000001,0.00471717062676216,0.02368094672761749,0.02841316055150666,-0.013093866977609475,0.0,0.00036020349753243357,0.4797152447194274,0.0,0.38986521885183895,0.475,0.0,0.38999999999999996,-0.29778872730222017,129.88874727739645,0.016573933173678265,True,True,False
7.0200000000000005,0.004576481378328063,0.027488961847202092,0.028400028519011123,-0.013093866977609475,0.0,0.00036020349753243357,0.47957402378579617,0.0,0.38985003929463274,0.475,0.0,0.38999999999999996,-0.27548713574887373,129.88876364355644,0.01798923463000434,True,True,False
7.025,0.004435937503379998,0.03127209915795843,0.02838290432048599,-0.013093866977609475,0.0,0.00036020349753243357,0.4794328667598161,0.0,0.3898349732639528,0.475,0.0,0.38999999999999996,-0.3088951728826902,129.8887799415025,0.01936725200001252,True,True,False
7.03,0.0042955621718075414,0.03502993921890349,0.02836320181426013,-0.013093866977609475,0.0,0.00036020349753243357,0.47929179011394774,0.0,0.3898200222522526,0.475,0.0,0.38999999999999996,-0.27104103401346735,129.888796151261,0.020711235204928707,True,True,False
7.035,0.004155380536401336,0.03876256294566247,0.02833915221174252,-0.013093866977609475,0.0,0.00036020349753243357,0.4791508113456605,0.0,0.3898051857935394,0.475,0.0,0.38999999999999996,-0.36714007184457104,129.88881225366265,0.02201814470798416,True,True,False
7.04,0.004015412665387766,0.042467690624777094,0.02831443997537176,-0.013093866977609475,0.0,0.00036020349753243357,0.47900994229009086,0.0,0.38979047266646766,0.475,0.0,0.38999999999999996,-0.3755798045912311,129.88882823084137,0.023295709207763422,True,True,False
7.045,0.00387567514634344,0.04614161819606804,0.028286773319856098,-0.013093866977609475,0.0,0.00036020349753243357,0.4788691905855126,0.0,0.38977589722678,0.475,0.0,0.38999999999999996,-0.4301143009834126,129.88884406616873,0.024540141948782124,True,True,False
7.05,0.003736187770672141,0.04978167271186067,0.028257920186901528,-0.011520712739101796,0.0,0.00035436691634078613,0.4787285657292691,0.0,0.3897614697917663,0.475,0.0,0.38999999999999996,-0.37792982086126525,129.8887013833523,0.023275513190728722,True,True,False
7.055,0.003596978698857059,0.05338802527528604,0.0282240655764228,-0.011520712739101796,0.0,0.00035436691634078613,0.47858808340837766,0.0,0.38974718937016767,0.475,0.0,0.38999999999999996,-0.34554079680781113,129.8887178793521,0.0245436459607734,True,True,False
7.0600000000000005,0.003458088319237815,0.056964505439122244,0.028185989315019082,-0.011520712739101796,0.0,0.00035436691634078613,0.4784477684852765,0.0,0.3897330406480694,0.475,0.0,0.38999999999999996,-0.30974543907636687,129.8887342138194,0.02577501002197491,True,True,False
7.065,0.003319556922922235,0.06051371281173145,0.028143664899991254,-0.011520712739101796,0.0,0.00035436691634078613,0.4783076433666139,0.0,0.38971901330313374,0.475,0.0,0.38999999999999996,-0.3537019651124168,129.88875036972453,0.026969849136305915,True,True,False
7.07,0.0031814199238325716,0.06403522584000536,0.028099445490359483,-0.011520712739101796,0.0,0.00035436691634078613,0.47816772346287867,0.0,0.3897051088429832,0.475,0.0,0.38999999999999996,-0.4448261939057437,129.88876633145236,0.028133148062503978,True,True,False
7.075,0.00304370088142504,0.0675233408089582,0.02805546010224865,-0.011520712739101796,0.0,0.00035436691634078613,0.4780280108811884,0.0,0.3896913494548975,0.475,0.0,0.38999999999999996,-0.4230550957007183,129.88878208527575,0.029269671625078764,True,True,False
7.08,0.002906433926273106,0.07097524736905847,0.0280076696151145,-0.011520712739101796,0.0,0.00035436691634078613,0.477888513549529,0.0,0.38967774599773064,0.475,0.0,0.38999999999999996,-0.3940622915528432,129.88879761792685,0.030372540297007936,True,True,False
7.085,0.0027696733627406984,0.07439351823155206,0.02795583532202819,-0.011520712739101796,0.0,0.00035436691634078613,0.47774925229144705,0.0,0.389664288257208,0.475,0.0,0.38999999999999996,-0.33104196161165067,129.8888129160137,0.03144155889212848,True,True,False
7.09,0.0026334847319936057,0.07778208813529833,0.02789892102941743,-0.011520712739101796,0.0,0.00035436691634078613,0.477610251595763,0.0,0.38965096068923377,0.475,0.0,0.38999999999999996,-0.3451519486637786,129.88882796669165,0.03247497482968088,True,True,False
7.095,0.0024979370891785187,0.08114287429686816,0.027839388062492094,-0.011520712739101796,0.0,0.00035436691634078613,0.47747153165708045,0.0,0.38963775564939845,0.475,0.0,0.38999999999999996,-0.29585139771257457,129.8888427582061,0.03347771911135672,True,True,False
7.1000000000000005,0.0023631078893486587,0.08447694557586757,0.027775401270279096,-0.01100573643255437,0.0,0.0003405920950892011,0.47733311067011686,0.0,0.3896246688159922,0.475,0.0,0.38999999999999996,-0.22867704400487476,129.88865166366617,0.033635020111264145,True,True,False
7.105,0.0022290958865796924,0.08778770955456788,0.027706785427765678,-0.01100573643255437,0.0,0.0003405920950892011,0.477195012780805,0.0,0.3896116865136657,0.475,0.0,0.38999999999999996,-0.2984346730643572,129.8886662462366,0.03459937763713289,True,True,False
7.11,0.002096006703918531,0.09107468626349115,0.027636708690149434,-0.01100573643255437,0.0,0.0003405920950892011,0.4770572532453401,0.0,0.3895988102850159,0.475,0.0,0.38999999999999996,-0.3631923116704213,129.88868054579623,0.035535730413955045,True,True,False
7.115,0.0019639553021122105,0.09433316204244932,0.027565602663104816,-0.01100573643255437,0.0,0.0003405920950892011,0.4769198366642887,0.0,0.3895860584447686,0.475,0.0,0.38999999999999996,-0.3669644069110756,129.88869455401004,0.03644561553514405,True,True,False
7.12,0.0018330921022494063,0.09756042743222607,0.027491752709846634,-0.01100573643255437,0.0,0.0003405920950892011,0.47678277156978843,0.0,0.3895734414632396,0.475,0.0,0.38999999999999996,-0.38822071505604555,129.88870826305478,0.037326481391741134,True,True,False
7.125,0.0017036133526159695,0.10075530921248306,0.02741581864290845,-0.01100573643255437,0.0,0.0003405920950892011,0.4766460697642114,0.0,0.389560963798121,0.475,0.0,0.38999999999999996,-0.494010267931401,129.88872166561893,0.03818004300974639,True,True,False
7.13,0.0015757547879398182,0.1039116797605215,0.02734153681176909,-0.01100573643255437,0.0,0.0003405920950892011,0.4765097303377607,0.0,0.38954864929493765,0.475,0.0,0.38999999999999996,-0.49481148201823744,129.8887347558394,0.03901385308447876,True,True,False
7.135,0.0014498328699933515,0.10702457354191479,0.027264784917444065,-0.01100573643255437,0.0,0.0003405920950892011,0.47637375364992274,0.0,0.38953651724925614,0.475,0.0,0.38999999999999996,-0.6142141561470794,129.88874752847042,0.039821204015274586,True,True,False
7.140000000000001,0.0013262676086761782,0.1100869870082826,0.027191941650897427,-0.01100573643255437,0.0,0.0003405920950892011,0.47623813399467474,0.0,0.38952459492950287,0.475,0.0,0.38999999999999996,-0.7001028768023341,129.88875997918163,0.04061420830770027,True,True,False
7.1450000000000005,0.0012056162997405651,0.11308609139120294,0.027122487605249025,-0.01100573643255437,0.0,0.0003405920950892011,0.47610284895190963,0.0,0.38951293239537826,0.475,0.0,0.38999999999999996,-0.5223324005392659,129.88877210514988,0.04139301734770694,True,True,False
7.15,0.0010887503457236648,0.11602918306319686,0.02704064271582026,-0.009941563888066274,0.0,0.0003191977655408094,0.47596792355939893,0.0,0.3895015009543902,0.475,0.0,0.38999999999999996,-0.42411449865196565,129.88845966446104,0.040452372123316024,True,True,False
7.155,0.000976956097663,0.11893458339894718,0.026952014644329864,-0.009941563888066274,0.0,0.0003191977655408094,0.4758334123767114,0.0,0.3894902284559676,0.475,0.0,0.38999999999999996,-0.4443461165386266,129.88847183654065,0.041216265244534235,True,True,False
7.16,0.0008720175313342051,0.12180686672785303,0.02686170967401925,-0.009941563888066274,0.0,0.0003191977655408094,0.4756993383775446,0.0,0.38947909654575197,0.475,0.0,0.38999999999999996,-0.46063327591219116,129.88848367841788,0.041954681072693796,True,True,False
7.165,0.0007764877851947178,0.12464448828772622,0.026769656441656794,-0.009941563888066274,0.0,0.0003191977655408094,0.4755657097472458,0.0,0.3894681111371464,0.475,0.0,0.38999999999999996,-0.47211220481691024,129.88849518638506,0.04266812813940213,True,True,False
7.17,0.0006939996971338577,0.1274463162771458,0.026675719676548214,-0.009941563888066274,0.0,0.0003191977655408094,0.47543253533200597,0.0,0.38945727652880274,0.475,0.0,0.38999999999999996,-0.3767904733593437,129.88850635730722,0.04335693374149055,True,True,False
7.175,0.0006294282982848839,0.13021652626094765,0.026575534512314963,-0.009941563888066274,0.0,0.0003191977655408094,0.47529983686031496,0.0,0.3894465762564921,0.475,0.0,0.38999999999999996,-0.3618035641493312,129.88851718800728,0.04401359743288953,True,True,False
7.18,0.0005883960554533955,0.13296020379298376,0.026472263197535477,-0.009941563888066274,0.0,0.0003191977655408094,0.4751676394190304,0.0,0.38943599029861153,0.475,0.0,0.38999999999999996,-0.2936316548229745,129.88852767544066,0.04463501768954954,True,True,False
7.1850000000000005,0.0005756143979068692,0.13567948196100885,0.026364082429978106,-0.009941563888066274,0.0,0.0003191977655408094,0.4750359637706878,0.0,0.38942551018958066,0.475,0.0,0.38999999999999996,-0.2473166658303792,129.88853781278618,0.04517147013249713,True,True,False
7.19,0.0005925636807395225,0.13837629394932763,0.026251899707279102,-0.009941563888066274,0.0,0.0003191977655408094,0.4749048329757165,0.0,0.38941512825917074,0.475,0.0,0.38999999999999996,-0.3378070368317349,129.888547591844,0.04563598354865663,True,True,False
7.195,0.0006365176804812273,0.14104731571675555,0.026139523207941547,-0.009941563888066274,0.0,0.0003191977655408094,0.4747742566569024,0.0,0.38940485741152864,0.475,0.0,0.38999999999999996,-0.34041831249401355,129.88855700993344,0.04607186730564255,True,True,False
7.2,0.0007020937172115006,0.143688203764197,0.026024690744875567,-0.010004688653623056,0.0,0.00029189149849286457,0.47464424011325584,0.0,0.38939471453781566,0.475,0.0,0.38999999999999996,-0.3039508439932119,129.88820654822285,0.04656558571563457,True,True,False
7.205,0.0007835908761168506,0.1462987772806598,0.025906255649239714,-0.010004688653623056,0.0,0.00029189149849286457,0.4745147985396261,0.0,0.38938469990737473,0.475,0.0,0.38999999999999996,-0.42978932187421814,129.88821520362325,0.046908647115330215,True,True,False
7.21,0.000876305893394361,0.14887427138520834,0.02578998537360958,-0.010004688653623056,0.0,0.00029189149849286457,0.47438593433531573,0.0,0.3893748317200516,0.475,0.0,0.38999999999999996,-0.38187673749686546,129.88822350117826,0.04725954991812116,True,True,False
7.215,0.0009768063848830156,0.15141137182901632,0.02566964088299095,-0.010004688653623056,0.0,0.00029189149849286457,0.47425765123035224,0.0,0.38936512283254887,0.475,0.0,0.38999999999999996,-0.37040321716427577,129.8882314449352,0.0475665481512067,True,True,False
7.22,0.0010827068155822531,0.15391208470400855,0.025546695669479952,-0.010004688653623056,0.0,0.00029189149849286457,0.4741299666934065,0.0,0.3893555652911843,0.475,0.0,0.38999999999999996,-0.2823064942074094,129.88823903689655,0.04784308446205081,True,True,False
7.2250000000000005,0.0011923631836650787,0.15637929232823092,0.025418759521444637,-0.010004688653623056,0.0,0.00029189149849286457,0.4740029006295674,0.0,0.3893461477175669,0.475,0.0,0.38999999999999996,-0.2635849017879934,129.88824627930546,0.04806837240094769,True,True,False
7.23,0.0013046331588618752,0.15881570634346232,0.025288093139467088,-0.010004688653623056,0.0,0.00029189149849286457,0.47387647330677274,0.0,0.38933685940494656,0.475,0.0,0.38999999999999996,-0.26110152962105687,129.88825317494118,0.048262727597807156,True,True,False
7.235,0.001418711793764836,0.16122109832231446,0.025155169317651,-0.010004688653623056,0.0,0.00029189149849286457,0.4737506972322549,0.0,0.3893277011466082,0.475,0.0,0.38999999999999996,-0.3444520818863186,129.88825972850697,0.04843194905727266,True,True,False
7.24,0.001534024137927984,0.1635922844207532,0.02502261218532766,-0.010004688653623056,0.0,0.00029189149849286457,0.4736255763664631,0.0,0.38931868529201186,0.475,0.0,0.38999999999999996,-0.4106428438317106,129.8882659465028,0.048601544556515636,True,True,False
7.245,0.00165015492795724,0.1659238884372625,0.024890632818856413,-0.010004688653623056,0.0,0.00029189149849286457,0.4735011069200034,0.0,0.38930983275867365,0.475,0.0,0.38999999999999996,-0.41716336668996024,129.88827183685578,0.04877588659808198,True,True,False
7.25,0.001766797217428352,0.16821334337618082,0.024757154384961847,-0.009288239837584207,0.0,0.00025978904770482096,0.4733772905565947,0.0,0.3893011534719296,0.475,0.0,0.38999999999999996,-0.3853282609678254,129.88783398544206,0.04780867464607237,True,True,False
7.255,0.0018837161232198424,0.1704621106013815,0.02462062286699118,-0.009288239837584207,0.0,0.00025978904770482096,0.47325413920312126,0.0,0.3892926411725295,0.475,0.0,0.38999999999999996,-0.2209040459455974,129.88783967061218,0.04797876306587219,True,True,False
7.26,0.002000722940140232,0.1726767812046788,0.024477322948962914,-0.009288239837584207,0.0,0.00025978904770482096,0.47313167930956324,0.0,0.38928426954732287,0.475,0.0,0.38999999999999996,-0.08855701123933421,129.8878450438892,0.04808585863123847,True,True,False
7.265000000000001,0.0021176634722165468,0.17486398705179418,0.024330128995626952,-0.009288239837584207,0.0,0.00025978904770482096,0.47300993950420167,0.0,0.38927601256597694,0.475,0.0,0.38999999999999996,-0.15318164506407497,129.88785010860565,0.04815290742025991,True,True,False
7.2700000000000005,0.002234417081807997,0.17702417047836794,0.024181562677345936,-0.009288239837584207,0.0,0.00025978904770482096,0.47288893320235525,0.0,0.3892678684057101,0.475,0.0,0.38999999999999996,-0.05000097720705417,129.88785487061364,0.04820430665962753,True,True,False
7.275,0.0023508866942184266,0.1791568329060129,0.024030152773166454,-0.009288239837584207,0.0,0.00025978904770482096,0.47276867083812046,0.0,0.3892598389226666,0.475,0.0,0.38999999999999996,-0.14872917462880975,129.88785933652704,0.04822775036604989,True,True,False
7.28,0.002466992475954103,0.18126136128385864,0.023877600418991413,-0.009288239837584207,0.0,0.00025978904770482096,0.4726491623205559,0.0,0.38925192641984874,0.475,0.0,0.38999999999999996,-0.2255236870550439,129.88786351326988,0.048240660152438816,True,True,False
7.285,0.0025826713025216565,0.18333494397093897,0.023724554290866864,-0.009288239837584207,0.0,0.00025978904770482096,0.47253041108140625,0.0,0.389244141792379,0.475,0.0,0.38999999999999996,-0.15871928000250496,129.88786740867891,0.04825016761712733,True,True,False
7.29,0.00269786833101886,0.1853771975874528,0.023568522620522822,-0.009288239837584207,0.0,0.00025978904770482096,0.47241242573525355,0.0,0.38923648644024056,0.475,0.0,0.38999999999999996,-0.05892412414810312,129.88787103009807,0.0482348546836214,True,True,False
7.295,0.0028125332084532723,0.18739013008967953,0.02340977276046875,-0.009288239837584207,0.0,0.00025978904770482096,0.4722952211415189,0.0,0.3892289524169247,0.475,0.0,0.38999999999999996,-0.1457493633948579,129.88787438431672,0.048196330827590075,True,True,False
7.3,0.002926624491714293,0.18937357350914788,0.023249989911163296,-0.008577318757234175,0.0,0.00022463188167736478,0.47217880674448515,0.0,0.38922154028329037,0.475,0.0,0.38999999999999996,-0.08732778306373981,129.88739781846948,0.04703027894145479,True,True,False
7.305,0.0030401066804450344,0.1913270399372474,0.023087876360904962,-0.008577318757234175,0.0,0.00022463188167736478,0.472063190890623,0.0,0.389214251386532,0.475,0.0,0.38999999999999996,-0.11012734874372218,129.88740104348386,0.04700057367491149,True,True,False
7.3100000000000005,0.003152947597976353,0.1932506140610421,0.022924238409610786,-0.008577318757234175,0.0,0.00022463188167736478,0.4719483833624958,0.0,0.3892070848385278,0.475,0.0,0.38999999999999996,0.030187830552189432,129.8874040206689,0.04695839140204296,True,True,False
7.315,0.003265118591293445,0.19514440943088263,0.02275836096162002,-0.008577318757234175,0.0,0.00022463188167736478,0.4718343936475974,0.0,0.3892000401029811,0.475,0.0,0.38999999999999996,0.007731931926313249,129.88740675705313,0.04689777966143701,True,True,False
7.32,0.003376593724603721,0.19700865712568238,0.02259092615188189,-0.008577318757234175,0.0,0.00022463188167736478,0.47172123137570876,0.0,0.38919311618593705,0.475,0.0,0.38999999999999996,-0.03439889932162393,129.88740925969688,0.04682500180714477,True,True,False
7.325,0.003487350584243529,0.1988429809936751,0.02242193074641681,-0.008577318757234175,0.0,0.00022463188167736478,0.4716089043141631,0.0,0.38918631446681035,0.475,0.0,0.38999999999999996,-0.04861384971833102,129.88741153583214,0.046740765854153224,True,True,False
7.33,0.003597368792926675,0.20064710542056405,0.022251387899587544,-0.008577318757234175,0.0,0.00022463188167736478,0.4714974202326355,0.0,0.38917963593108185,0.475,0.0,0.38999999999999996,0.008337711284886397,129.88741359268897,0.046645828920451694,True,True,False
7.335,0.003706629547182369,0.20242093844226047,0.022079213615337365,-0.008577318757234175,0.0,0.00022463188167736478,0.4713867871202676,0.0,0.3891730808468892,0.475,0.0,0.38999999999999996,0.11310300333153649,129.8874154374588,0.04653967197658339,True,True,False
7.34,0.003815113762259866,0.20416530139825945,0.02190457950983582,-0.008577318757234175,0.0,0.00022463188167736478,0.4712770154472955,0.0,0.3891666459100067,0.475,0.0,0.38999999999999996,0.14630924596645853,129.88741707719015,0.046416210442862815,True,True,False
7.345,0.003922802622777218,0.20588140862752796,0.02172789668356984,-0.008577318757234175,0.0,0.00022463188167736478,0.4711681168518512,0.0,0.3891603262799149,0.475,0.0,0.38999999999999996,0.20100838517649622,129.8874185189446,0.04628424177769692,True,True,False
7.3500000000000005,0.0040296780947032835,0.2075708563653476,0.021548591482691448,-0.00716639617103201,0.0,0.00018765814473758238,0.471060103406386,0.0,0.3891541156234092,0.475,0.0,0.38999999999999996,0.1576304291921732,129.88690926783738,0.04392267917569572,True,True,False
7.355,0.00413572567130105,0.20923375338748906,0.021368721202358203,-0.00716639617103201,0.0,0.00018765814473758238,0.4709529832163851,0.0,0.3891480129218126,0.475,0.0,0.38999999999999996,0.25698239459880273,129.8869110027521,0.04386243904955245,True,True,False
7.36,0.004240929431966072,0.21087162761387768,0.021184984973417694,-0.00716639617103201,0.0,0.00018765814473758238,0.470846767720836,0.0,0.3891420116071726,0.475,0.0,0.38999999999999996,0.21905587911964441,129.88691255380493,0.0437925330621765,True,True,False
7.365,0.004345273918997053,0.21248574934931933,0.021000783293053174,-0.00716639617103201,0.0,0.00018765814473758238,0.47074146813242745,0.0,0.3891361066246432,0.475,0.0,0.38999999999999996,0.2258228856416422,129.88691392704243,0.043718078177311284,True,True,False
7.37,0.004448748468162287,0.21407504497106478,0.020814958779048893,-0.00716639617103201,0.0,0.00018765814473758238,0.4706370894490741,0.0,0.389130302088311,0.475,0.0,0.38999999999999996,0.1960579584098598,129.88691512848402,0.04363752696289986,True,True,False
7.375,0.0045513425730542385,0.2156388012077232,0.020628443417499476,-0.00716639617103201,0.0,0.00018765814473758238,0.4705336373535677,0.0,0.3891246007037641,0.475,0.0,0.38999999999999996,0.1516158567541432,129.88691616405322,0.04355244809828767,True,True,False
7.38,0.004653048510669761,0.21717520741735508,0.02044148001070669,-0.00716639617103201,0.0,0.00018765814473758238,0.4704311143450415,0.0,0.3891190094696533,0.475,0.0,0.38999999999999996,0.09291787475247612,129.88691703959833,0.04346344030931215,True,True,False
7.385,0.004753859667467458,0.21868238869973083,0.02025410348503,-0.00716639617103201,0.0,0.00018765814473758238,0.47032952222237256,0.0,0.38911353563711654,0.475,0.0,0.38999999999999996,0.03451050056589343,129.8869177608668,0.04337077038879731,True,True,False
7.390000000000001,0.004853769429150309,0.2201589970482317,0.02006600276027456,-0.00716639617103201,0.0,0.00018765814473758238,0.47022886359415095,0.0,0.3891081843979072,0.475,0.0,0.38999999999999996,0.13231061736237498,129.8869183334954,0.04327414211248407,True,True,False
7.3950000000000005,0.004952767974244753,0.22160576609232108,0.019875614111699566,-0.00716639617103201,0.0,0.00018765814473758238,0.47012914618054574,0.0,0.38910295280156915,0.475,0.0,0.38999999999999996,-0.0893661934825564,129.88691876300229,0.04317143112876235,True,True,False
7.4,0.005050847563324538,0.22302234329489024,0.01968550654804037,-0.0053212288280236435,0.0,0.00014999965632816196,0.4700303750327387,0.0,0.38909784214645393,0.475,0.0,0.38999999999999996,-0.03621712817228993,129.88640127054683,0.040157857400948925,True,True,False
7.405,0.00514800271220415,0.2244076670956014,0.019494015471093484,-0.0053212288280236435,0.0,0.00014999965632816196,0.46993255274610557,0.0,0.3890928559905619,0.475,0.0,0.38999999999999996,-0.17643498083884912,129.88640219661815,0.040152661162528774,True,True,False
7.41,0.005244227926387989,0.22576078309346811,0.019302716344156312,-0.0053212288280236435,0.0,0.00014999965632816196,0.4698356822394522,0.0,0.3890879974714955,0.475,0.0,0.38999999999999996,-0.12055604133680184,129.88640298657586,0.04014309304607708,True,True,False
7.415,0.0053395170851986895,0.2270813233887713,0.019109581337862235,-0.0053212288280236435,0.0,0.00014999965632816196,0.4697397675851669,0.0,0.38908326795350656,0.475,0.0,0.38999999999999996,-0.21667070750037437,129.88640364466733,0.040125770941289565,True,True,False
7.42,0.005433864802586818,0.22836868394549661,0.01891695021708556,-0.0053212288280236435,0.0,0.00014999965632816196,0.4696448121209359,0.0,0.38907866972658167,0.475,0.0,0.38999999999999996,-0.23170849198246687,129.8864041751009,0.04010480311198432,True,True,False
7.425,0.005527268336175599,0.22962110027346141,0.01872368804906278,-0.0053212288280236435,0.0,0.00014999965632816196,0.4695508158932771,0.0,0.3890742096181489,0.475,0.0,0.38999999999999996,-0.231875271601389,129.88640458205046,0.0400785141471083,True,True,False
7.43,0.005619722386556292,0.23083856981779943,0.01852950096508959,-0.0053212288280236435,0.0,0.00014999965632816196,0.4694577828833185,0.0,0.38906988756941696,0.475,0.0,0.38999999999999996,-0.34894212770251826,129.88640486962498,0.04004652280368441,True,True,False
7.4350000000000005,0.005711228054193099,0.232017753613052,0.018337889452829898,-0.0053212288280236435,0.0,0.00014999965632816196,0.4693657085314018,0.0,0.3890657165666222,0.475,0.0,0.38999999999999996,-0.26894877886560065,129.8864050418935,0.040014828229091255,True,True,False
7.44,0.005801782324037285,0.23315822835926467,0.01814300422684529,-0.0053212288280236435,0.0,0.00014999965632816196,0.4692745945240602,0.0,0.3890616981980247,0.475,0.0,0.38999999999999996,-0.31131956827257495,129.88640510284785,0.03997410745813902,True,True,False
7.445,0.00589137789733944,0.23426189653894566,0.01794856705391572,-0.0053212288280236435,0.0,0.00014999965632816196,0.46918444845909785,0.0,0.38905782496086416,0.475,0.0,0.38999999999999996,-0.30817692824129084,129.88640505642437,0.03993029015170712,True,True,False
7.45,0.005980012435526583,0.23532805807242466,0.01775328953013881,-0.0017192322605793925,0.0,0.00011255737678173475,0.4690952712994345,0.0,0.3890540995286125,0.475,0.0,0.38999999999999996,-0.12107997477672369,129.88588592607988,0.03420335083285738,True,True,False
7.455,0.0060676734686628195,0.23636175622055644,0.017553223693278185,-0.0017192322605793925,0.0,0.00011255737678173475,0.4690070780021716,0.0,0.3890505015796434,0.475,0.0,0.38999999999999996,-0.1394495488164329,129.8858870081896,0.03434662768125447,True,True,False
7.46,0.006154348489358682,0.23736742882122455,0.017352489656583345,-0.0017192322605793925,0.0,0.00011255737678173475,0.46891988310806487,0.0,0.38904701316437373,0.475,0.0,0.38999999999999996,-0.056049859263492124,129.88588798191086,0.03447937625131109,True,True,False
7.465,0.006240031202543239,0.23834579585616986,0.017150144363587867,-0.0017192322605793925,0.0,0.00011255737678173475,0.468833692470843,0.0,0.3890436314180321,0.475,0.0,0.38999999999999996,-0.11664351825782138,129.8858888493446,0.03460018494161619,True,True,False
7.47,0.00632471580302382,0.23929724298917782,0.016947384994183717,-0.0017192322605793925,0.0,0.00011255737678173475,0.4687485112933029,0.0,0.38904035478479887,0.475,0.0,0.38999999999999996,0.0073859623693573045,129.88588961266385,0.0347112806921796,True,True,False
7.4750000000000005,0.006408396958915503,0.24022195888499168,0.016743202960911478,-0.0017192322605793925,0.0,0.00011255737678173475,0.4686643442321382,0.0,0.3890371824813614,0.475,0.0,0.38999999999999996,-0.08930130428973344,129.88589027410654,0.034811111889066194,True,True,False
7.48,0.006491069150515672,0.2411202386591939,0.016538506534479195,-0.0017192322605793925,0.0,0.00011255737678173475,0.468581196246998,0.0,0.38903411331035975,0.475,0.0,0.38999999999999996,-0.04351835074845133,129.88589083596347,0.034901415087666664,True,True,False
7.485,0.006572727671383748,0.24199200059221218,0.01633275322901472,-0.0017192322605793925,0.0,0.00011255737678173475,0.4684990712993606,0.0,0.38903114754922297,0.475,0.0,0.38999999999999996,-0.1373903879119797,129.88589130058054,0.03498141938195008,True,True,False
7.49,0.006653368858164782,0.24283666595936507,0.01612698795733061,-0.0017192322605793925,0.0,0.00011255737678173475,0.4684179720583289,0.0,0.3890282874201399,0.475,0.0,0.38999999999999996,-0.10052177614701951,129.88589167035028,0.03505310201691856,True,True,False
7.495,0.006732988985805495,0.24365384841894813,0.01592007084824662,-0.0017192322605793925,0.0,0.00011255737678173475,0.46833790142168524,0.0,0.3890255343947604,0.475,0.0,0.38999999999999996,0.03876491888123236,129.88589194770037,0.035114755678863005,True,True,False
7.5,0.006811581804462642,0.24444457901811512,0.015711866161722803,0.0008239856317080185,0.0,7.626536474768318e-05,0.4682588656892475,0.0,0.38902288440638655,0.475,0.0,0.38999999999999996,0.24549628167948234,129.8854042853503,0.031157155046706256,True,True,False
7.505,0.006889134659606499,0.24521310407788996,0.015499313692552722,0.0008239856317080185,0.0,7.626536474768318e-05,0.46818087952316595,0.0,0.3890203203173412,0.475,0.0,0.38999999999999996,0.1814525081256426,129.88540524957153,0.03133779295128243,True,True,False
7.51,0.0069656387939277305,0.2459611682345581,0.015287545667695532,0.0008239856317080185,0.0,7.626536474768318e-05,0.4681039521984085,0.0,0.3890178347768138,0.475,0.0,0.38999999999999996,0.2765915573235982,129.88540612307548,0.03150753972443054,True,True,False
7.515000000000001,0.007041087568965135,0.24668939670396883,0.015072431549471944,0.0008239856317080185,0.0,7.626536474768318e-05,0.4680280901581012,0.0,0.38901542531503674,0.475,0.0,0.38999999999999996,0.06001322038873497,129.88540690719958,0.0316604420994507,True,True,False
7.5200000000000005,0.007115479906345344,0.24739546804368595,0.014860911876390395,0.0008239856317080185,0.0,7.626536474768318e-05,0.4679532926385924,0.0,0.3890131009877961,0.475,0.0,0.38999999999999996,-0.014467056444685926,129.8854076034197,0.0318072001217257,True,True,False
7.525,0.00718882130394873,0.24807430933039862,0.014649073071985038,0.0008239856317080185,0.0,7.626536474768318e-05,0.4678795508179152,0.0,0.3890108816120122,0.475,0.0,0.38999999999999996,0.06599879664754976,129.88540821333464,0.031942572583985945,True,True,False
7.53,0.007261108109139071,0.24872583677547688,0.014436284790451712,0.0008239856317080185,0.0,7.626536474768318e-05,0.4678068679218489,0.0,0.38900876749504515,0.475,0.0,0.38999999999999996,0.05166744601763994,129.8854087385456,0.032065904900003245,True,True,False
7.535,0.0073323364103539575,0.24935014151898732,0.014223042236317249,0.0008239856317080185,0.0,7.626536474768318e-05,0.46773524755527035,0.0,0.38900675826134956,0.475,0.0,0.38999999999999996,0.06453032398386398,129.8854091807255,0.03217804651925055,True,True,False
7.54,0.00740250298477948,0.24994707015246184,0.014009158330856454,0.0008239856317080185,0.0,7.626536474768318e-05,0.46766469251761,0.0,0.3890048544938237,0.475,0.0,0.38999999999999996,0.01973446712744594,129.88540954161843,0.032278926849201604,True,True,False
7.545,0.007471605107422746,0.2505163135977555,0.013795044551372341,0.0008239856317080185,0.0,7.626536474768318e-05,0.4675952050463643,0.0,0.3890030573858654,0.475,0.0,0.38999999999999996,0.05360940905690835,129.8854098230321,0.032369331079245584,True,True,False
7.55,0.007539640074562089,0.2510576698030029,0.013580267988150273,0.002332642359756762,0.0,4.179459346636985e-05,0.4675267874370739,0.0,0.38900136771368726,0.475,0.0,0.38999999999999996,0.13620975635348098,129.88495424613268,0.030070607289166024,True,True,False
7.555,0.0076066027617270535,0.2515722545105434,0.013364031255391748,0.002332642359756762,0.0,4.179459346636985e-05,0.46745944519110705,0.0,0.38899978064965957,0.475,0.0,0.38999999999999996,0.29981706057704904,129.88495485033542,0.03022352455145998,True,True,False
7.5600000000000005,0.0076724796786303805,0.25206523512945106,0.013143048943872998,0.002332642359756762,0.0,4.179459346636985e-05,0.4673931943301192,0.0,0.38899827552707034,0.475,0.0,0.38999999999999996,0.3427892535008527,129.88495537744885,0.03035715740828549,True,True,False
7.565,0.0077372554009670245,0.2525420896973816,0.012919838112939291,0.002332642359756762,0.0,4.179459346636985e-05,0.46732805285864765,0.0,0.3889968309214847,0.475,0.0,0.38999999999999996,0.3999304630253873,129.88495582876607,0.030475053636994334,True,True,False
7.57,0.00780091770495074,0.2530062618308402,0.012693505896452463,0.002332642359756762,0.0,4.179459346636985e-05,0.46726403445464604,0.0,0.38899543336681397,0.475,0.0,0.38999999999999996,0.48536464077171326,129.88495620571496,0.030575887466252432,True,True,False
7.575,0.007863448312125418,0.2534637882042694,0.012462070368041223,0.002332642359756762,0.0,4.179459346636985e-05,0.4672011601767549,0.0,0.388994059261768,0.475,0.0,0.38999999999999996,0.470631945573961,129.88495650981253,0.03065650575933966,True,True,False
7.58,0.007924834976509846,0.2539170272182359,0.012230624200075757,0.002332642359756762,0.0,4.179459346636985e-05,0.467139443093031,0.0,0.38899269939083886,0.475,0.0,0.38999999999999996,0.5767261795077605,129.88495674271186,0.03072460305149497,True,True,False
7.585,0.007985061210873374,0.25437029290992086,0.01199197873183355,0.002332642359756762,0.0,4.179459346636985e-05,0.4670789015102852,0.0,0.3889913368958702,0.475,0.0,0.38999999999999996,0.5381444323756919,129.88495690616057,0.030769388931676495,True,True,False
7.59,0.008044113216775972,0.25482584983555573,0.011754851448668358,0.002332642359756762,0.0,4.179459346636985e-05,0.4670195499767229,0.0,0.3889899629361816,0.475,0.0,0.38999999999999996,0.6879457800891132,129.88495700201466,0.03080399821645409,True,True,False
7.595,0.008101968676767277,0.25529010880628683,0.011506324715027803,0.002332642359756762,0.0,4.179459346636985e-05,0.46696141366142857,0.0,0.3889885524647065,0.475,0.0,0.38999999999999996,0.6824742734913063,129.88495703222543,0.030808851509026125,True,True,False
7.6000000000000005,0.00815859981517598,0.25577099823016586,0.01125706073694785,-0.00019182820225589758,0.0,9.915204565103317e-06,0.4669045239242987,0.0,0.38898707450820014,0.475,0.0,0.38999999999999996,0.6903208983308562,129.88452621026698,0.034779166777137493,True,True,False
7.605,0.008213998919439762,0.25626602947826144,0.011006076062573807,-0.00019182820225589758,0.0,9.915204565103317e-06,0.46684888682338965,0.0,0.3889855384528494,0.475,0.0,0.38999999999999996,0.7035671587417124,129.884525390583,0.03461200771266695,True,True,False
7.61,0.008268155423116272,0.25677420306826765,0.010752945430057798,-0.00019182820225589758,0.0,9.915204565103317e-06,0.4667945120707606,0.0,0.38898394786358464,0.475,0.0,0.38999999999999996,0.7192172101870257,129.88452452500593,0.034433254247420636,True,True,False
7.615,0.008321057423942478,0.25729518127230266,0.010497459375920837,-0.00019182820225589758,0.0,9.915204565103317e-06,0.46674141103518363,0.0,0.3889823040912129,0.475,0.0,0.38999999999999996,0.7825749825623725,129.8845236167482,0.03424281661105559,True,True,False
7.62,0.008372684093974563,0.2578330879257243,0.010235672816111244,-0.00019182820225589758,0.0,9.915204565103317e-06,0.4666896062471245,0.0,0.3889805910488605,0.475,0.0,0.38999999999999996,0.7639378333702255,129.8845226691193,0.03403457261957675,True,True,False
7.625,0.008423022347021128,0.25838988059612983,0.00997489198378307,-0.00019182820225589758,0.0,9.915204565103317e-06,0.46663911139325975,0.0,0.3889788011143274,0.475,0.0,0.38999999999999996,0.7188829537115953,129.88452168534886,0.03382006022913016,True,True,False
7.63,0.008472079047995889,0.2589584351231011,0.009717029181334031,-0.00019182820225589758,0.0,9.915204565103317e-06,0.4665899157567015,0.0,0.388976962162912,0.475,0.0,0.38999999999999996,0.6347832505421076,129.88452066835626,0.03360339586681956,True,True,False
7.635,0.008519869695150948,0.25952582018763815,0.009464367662824802,-0.00019182820225589758,0.0,9.915204565103317e-06,0.46654199725761747,0.0,0.38897512477237395,0.475,0.0,0.38999999999999996,0.5961878927139964,129.88451962082226,0.03338924533524174,True,True,False
7.640000000000001,0.008566407674579595,0.26008004272002255,0.00921355729257141,-0.00019182820225589758,0.0,9.915204565103317e-06,0.4664953365045532,0.0,0.38897333585028426,0.475,0.0,0.38999999999999996,0.524278754073451,129.88451854532437,0.03317320813845902,True,True,False
7.6450000000000005,0.00861170296493543,0.26061109892650564,0.008966274534057827,-0.00019182820225589758,0.0,9.915204565103317e-06,0.4664499185732906,0.0,0.3889716345236653,0.475,0.0,0.38999999999999996,0.6099732575714805,129.88451744437708,0.03295837147190923,True,True,False
7.65,0.008655750631794835,0.2611183731673515,0.008713613164676332,-0.006328382587430251,0.0,-1.8305799947735746e-05,0.46640574803527657,0.0,0.3889700232203275,0.475,0.0,0.38999999999999996,0.6186868513155077,129.88410523980525,0.042404702155419374,True,True,False
7.655,0.008698536376235896,0.26160721643010676,0.008459920730883419,-0.006328382587430251,0.0,-1.8305799947735746e-05,0.4663628417233131,0.0,0.3889684807359246,0.475,0.0,0.38999999999999996,0.6132187121253548,129.88410265196367,0.04182412969139961,True,True,False
7.66,0.008740056754012347,0.26207615759234937,0.008206112011500068,-0.006328382587430251,0.0,-1.8305799947735746e-05,0.4663212023330307,0.0,0.3889670125271013,0.475,0.0,0.38999999999999996,0.504976735132213,129.88410011315182,0.04124824830490757,True,True,False
7.665,0.008780322178991976,0.2625152137266543,0.007957995637639251,-0.006328382587430251,0.0,-1.8305799947735746e-05,0.4662808146362124,0.0,0.3889656576201223,0.475,0.0,0.38999999999999996,0.5743763897869634,129.8840976254689,0.04068630320106509,True,True,False
7.67,0.008819334683461232,0.2629196229000734,0.007705713235661228,-0.006328382587430251,0.0,-1.8305799947735746e-05,0.4662416743246768,0.0,0.3889644346356329,0.475,0.0,0.38999999999999996,0.30619114654583895,129.88409519108023,0.04012316447636384,True,True,False
7.675,0.008857111848436848,0.2632786957916365,0.007466453363278828,-0.006328382587430251,0.0,-1.8305799947735746e-05,0.466203758737656,0.0,0.38896338534143204,0.475,0.0,0.38999999999999996,0.32988492272300857,129.8840928113482,0.039585655512825474,True,True,False
7.68,0.008893680629859199,0.26357918524221474,0.007226994523063082,-0.006328382587430251,0.0,-1.8305799947735746e-05,0.466167034672346,0.0,0.3889625614878966,0.475,0.0,0.38999999999999996,0.33344395788001935,129.88409048691676,0.03905446036993453,True,True,False
7.6850000000000005,0.008929041512878308,0.26382276408215155,0.006988071124711563,-0.006328382587430251,0.0,-1.8305799947735746e-05,0.4661315024898146,0.0,0.3889619565276251,0.475,0.0,0.38999999999999996,0.2830803273087322,129.8840882192721,0.03853058745640735,True,True,False
7.69,0.008963200683251798,0.26400848270427174,0.006751693397577825,-0.006328382587430251,0.0,-1.8305799947735746e-05,0.4660971556083551,0.0,0.38896157415941124,0.475,0.0,0.38999999999999996,0.2962432534477463,129.88408600949217,0.038017096084280035,True,True,False
7.695,0.008996164119473968,0.26413587825691964,0.0065157111919132305,-0.006328382587430251,0.0,-1.8305799947735746e-05,0.4660639878851331,0.0,0.38896141618178254,0.475,0.0,0.38999999999999996,0.2090801622379992,129.8840838584729,0.03751081204384422,True,True,False
7.7,0.009027939640519804,0.26420380356764234,0.00628326885188414,-0.005683343747027503,0.0,-4.2590802216649294e-05,0.4660319910212349,0.0,0.3889614870681318,0.475,0.0,0.38999999999999996,0.2019157773092587,129.8837654738965,0.035999554051825484,True,True,False
7.705,0.00905853689241147,0.2642106862974521,0.006052065742189446,-0.005683343747027503,0.0,-4.2590802216649294e-05,0.46600115473377884,0.0,0.3889617926479796,0.475,0.0,0.38999999999999996,0.17078145627880253,129.8837635456915,0.03555014480476226,True,True,False
7.71,0.009087961934257755,0.2641569818195488,0.005822701502120314,-0.005683343747027503,0.0,-4.2590802216649294e-05,0.465971473275292,0.0,0.3889623308331884,0.475,0.0,0.38999999999999996,0.1413402776817092,129.8837616695204,0.0351090668586788,True,True,False
7.715,0.00911622181188651,0.26404283594146116,0.005595123168150443,-0.005683343747027503,0.0,-4.2590802216649294e-05,0.46594293973189904,0.0,0.38896310105434384,0.475,0.0,0.38999999999999996,0.1522111502479652,129.88375984575364,0.03467615951522157,True,True,False
7.72,0.009143322007615324,0.26386935030678393,0.0053686212913896065,-0.005683343747027503,0.0,-4.2590802216649294e-05,0.46591554919232625,0.0,0.38896409901153683,0.475,0.0,0.38999999999999996,0.29900762265727565,129.88375807471198,0.03425026906619709,True,True,False
7.7250000000000005,0.009169258897394903,0.26364210002613875,0.005139163060912424,-0.005683343747027503,0.0,-4.2590802216649294e-05,0.4658893078906001,0.0,0.38896530293555315,0.475,0.0,0.38999999999999996,0.35574881819932885,129.88375635700828,0.03382541149103506,True,True,False
7.73,0.009194024260320963,0.263368417968131,0.004908434371512987,-0.005683343747027503,0.0,-4.2590802216649294e-05,0.4658642274247301,0.0,0.3889666841952639,0.475,0.0,0.38999999999999996,0.4280794951789374,129.88375469341082,0.03340342546844371,True,True,False
7.735,0.009217610585837036,0.26305478929793175,0.0046750628712024355,-0.005683343747027503,0.0,-4.2590802216649294e-05,0.4658403182516999,0.0,0.3889682174734985,0.475,0.0,0.38999999999999996,0.37395255234230373,129.88375308461494,0.032982056651299246,True,True,False
7.74,0.009240019571725199,0.2627027354389971,0.004445502543908573,-0.005683343747027503,0.0,-4.2590802216649294e-05,0.46581757934025814,0.0,0.3889698968433157,0.475,0.0,0.38999999999999996,0.40014092593161826,129.88375153087878,0.032569743836412035,True,True,False
7.745,0.009261257530145018,0.26231168658731985,0.004215738817652702,-0.005683343747027503,0.0,-4.2590802216649294e-05,0.46579600409419597,0.0,0.3889717245477933,0.475,0.0,0.38999999999999996,0.3894561307389683,129.88375003216004,0.03216118758382509,True,True,False
7.75,0.009281326631081884,0.26188309831182366,0.003987720448428533,-0.001403781133162238,0.0,-6.359232904361946e-05,0.46577559097188936,0.0,0.3889736949211169,0.475,0.0,0.38999999999999996,0.3636014328169077,129.88351121209374,0.025012371527127382,True,True,False
7.755,0.009300233954075383,0.26141617729697897,0.003762305230638526,-0.001403781133162238,0.0,-6.359232904361946e-05,0.46575633254035476,0.0,0.38897581081042965,0.475,0.0,0.38999999999999996,0.2992202221000609,129.88351027905725,0.024859141606530563,True,True,False
7.76,0.009317990967060508,0.2609082039560411,0.0035413845235045395,-0.001403781133162238,0.0,-6.359232904361946e-05,0.46573821612910676,0.0,0.3889780825908697,0.475,0.0,0.38999999999999996,0.3259068710713326,129.88350935988524,0.024708958067838648,True,True,False
7.765000000000001,0.009334605214843767,0.26035863788782593,0.0033210682649451114,-0.001403781133162238,0.0,-6.359232904361946e-05,0.4657212339421466,0.0,0.38898051240291187,0.475,0.0,0.38999999999999996,0.43950271477646596,129.88350845490095,0.024556899374147012,True,True,False
7.7700000000000005,0.009350068607963122,0.2597744773617299,0.0030962819026835674,-0.001403781133162238,0.0,-6.359232904361946e-05,0.4657053971395162,0.0,0.38898307294287926,0.475,0.0,0.38999999999999996,0.494011392275921,129.88350756488308,0.024396333433402348,True,True,False
7.775,0.00936436817581544,0.25916435751349276,0.0028694526143870015,-0.001403781133162238,0.0,-6.359232904361946e-05,0.4656907224371255,0.0,0.38898573051431734,0.475,0.0,0.38999999999999996,0.635134447702065,129.88350669079142,0.02422954168872519,True,True,False
7.78,0.009377481445736347,0.2585407216711129,0.0026322807994392785,-0.001403781133162238,0.0,-6.359232904361946e-05,0.4656772376602701,0.0,0.38898843654571574,0.475,0.0,0.38999999999999996,0.6648821482292057,129.88350583390317,0.02404618778784317,True,True,False
7.785,0.009389385932441962,0.25791463180827523,0.0023935430665628092,-0.001403781133162238,0.0,-6.359232904361946e-05,0.465664969975823,0.0,0.3889911478621454,0.475,0.0,0.38999999999999996,0.609312683879535,129.88350499556438,0.02385547545471158,True,True,False
7.79,0.009400086132051374,0.2572833961656274,0.0021621004902407266,-0.001403781133162238,0.0,-6.359232904361946e-05,0.4656539135566962,0.0,0.3889938750155779,0.475,0.0,0.38999999999999996,0.5926016542146622,129.88350417630875,0.023667093326858617,True,True,False
7.795,0.009409594182715387,0.25664105721260433,0.0019349245370740393,-0.001403781133162238,0.0,-6.359232904361946e-05,0.4656440535466824,0.0,0.38899664131735157,0.475,0.0,0.38999999999999996,0.5607973268714259,129.88350337636962,0.023477502425581706,True,True,False
7.8,0.00941791866126866,0.2559837927559773,0.0017145506962844474,0.00029939273815639267,0.0,-8.131243074523589e-05,0.46563537960728174,0.0,0.388999461739583,0.475,0.0,0.38999999999999996,0.42476344949772193,129.88328583892923,0.020603661866596665,True,True,False
7.805000000000001,0.009425082536541635,0.25530138200517727,0.001511509785710048,0.00029939273815639267,0.0,-8.131243074523589e-05,0.46562786431860775,0.0,0.38900237602765525,0.475,0.0,0.38999999999999996,0.2977619893825071,129.88328521538534,0.020521106189034747,True,True,False
7.8100000000000005,0.009431116872654317,0.25458093143684885,0.0013262011078677858,0.00029939273815639267,0.0,-8.131243074523589e-05,0.46562147108166907,0.0,0.3890054343693371,0.475,0.0,0.38999999999999996,0.3240014939557788,129.88328459943966,0.020443850978311508,True,True,False
7.815,0.009436035885913945,0.25381877279423737,0.001153396280935631,0.00029939273815639267,0.0,-8.131243074523589e-05,0.46561618410886396,0.0,0.3890086511403552,0.475,0.0,0.38999999999999996,0.3749859421030537,129.88328399118,0.02036307436718966,True,True,False
7.82,0.009439838670597344,0.25301876221163444,0.000997361946990876,0.00029939273815639267,0.0,-8.131243074523589e-05,0.4656120059382436,0.0,0.38901201132428964,0.475,0.0,0.38999999999999996,0.5676248163028846,129.8832833910881,0.020276734913323838,True,True,False
7.825,0.009442503955212187,0.25219417958208756,0.00085213126561348,0.00029939273815639267,0.0,-8.131243074523589e-05,0.46560896342151914,0.0,0.38901546309067014,0.475,0.0,0.38999999999999996,0.6556327935666653,129.8832828002101,0.020171143111149672,True,True,False
7.83,0.00944400013811985,0.25136178464939485,0.0007411077798829749,0.00029939273815639267,0.0,-8.131243074523589e-05,0.4656070951312306,0.0,0.38901894101346735,0.475,0.0,0.38999999999999996,0.7482916750033273,129.88328221995278,0.020050955990807442,True,True,False
7.835,0.009444300302297455,0.2505346428948853,0.0006855866756431721,0.00029939273815639267,0.0,-8.131243074523589e-05,0.4656064333238529,0.0,0.3890223940974224,0.475,0.0,0.38999999999999996,0.7830940622005275,129.8832816516656,0.019913115105207758,True,True,False
7.84,0.009443382693861217,0.24972201501340358,0.0007124814025836899,0.00029939273815639267,0.0,-8.131243074523589e-05,0.46560700344941847,0.0,0.38902578621264045,0.475,0.0,0.38999999999999996,0.8928906566281046,129.8832810966151,0.01976333088383324,True,True,False
7.845,0.009441218079632118,0.24893579237613186,0.0008121434042986836,0.00029939273815639267,0.0,-8.131243074523589e-05,0.4656088394958048,0.0,0.3890290709543861,0.475,0.0,0.38999999999999996,0.795032035374208,129.88328055629157,0.019589582421270763,True,True,False
7.8500000000000005,0.009437802227674019,0.24817454952444407,0.0009766541754225358,-0.00020929344462061739,0.0,-9.53990810147889e-05,0.4656119449049441,0.0,0.38903225394814317,0.475,0.0,0.38999999999999996,0.7943169369379803,129.88308780970382,0.020223483316022226,True,True,False
7.855,0.009433154209952395,0.24742640491829945,0.0011722841628638032,-0.00020929344462061739,0.0,-9.53990810147889e-05,0.4656162955348314,0.0,0.3890353814955547,0.475,0.0,0.38999999999999996,0.9821844014960405,129.88308726971687,0.020020073519616433,True,True,False
7.86,0.009427233126478985,0.24670839883253182,0.0013906572474304238,-0.00020929344462061739,0.0,-9.53990810147889e-05,0.46562193918303685,0.0,0.38903838691027853,0.475,0.0,0.38999999999999996,1.024151573489749,129.8830867508174,0.019780971278918046,True,True,False
7.865,0.009419985119290458,0.2460413569672841,0.0016285809479828427,-0.00020929344462061739,0.0,-9.53990810147889e-05,0.46562893811112693,0.0,0.38904118890152184,0.475,0.0,0.38999999999999996,1.074730894080414,129.88308625528805,0.01952510479630455,True,True,False
7.87,0.009411382873535035,0.24543247871899807,0.0018816127580791398,-0.00020929344462061739,0.0,-9.53990810147889e-05,0.46563732241572897,0.0,0.3890437594208266,0.475,0.0,0.38999999999999996,1.0393309292517963,129.88308578468244,0.019250882750228623,True,True,False
7.875,0.009401421773334626,0.24488148760026213,0.002139797137514385,-0.00020929344462061739,0.0,-9.53990810147889e-05,0.4656470964174978,0.0,0.38904609961916964,0.475,0.0,0.38999999999999996,0.8828393415377112,129.8830853398932,0.01897539072552736,True,True,False
7.88,0.00939014424853194,0.24436346401419376,0.0023918168126631023,-0.00020929344462061739,0.0,-9.53990810147889e-05,0.465658207382946,0.0,0.38904830692542536,0.475,0.0,0.38999999999999996,0.9714803903796424,129.88308492027136,0.01871816399795768,True,True,False
7.885,0.009377566675306039,0.24386833946934358,0.0026509782837167875,-0.00020929344462061739,0.0,-9.53990810147889e-05,0.46567063474861115,0.0,0.3890504207479157,0.475,0.0,0.38999999999999996,0.8065598827115503,129.88308452575282,0.018444279181051335,True,True,False
7.890000000000001,0.009363704423988813,0.243386469861219,0.002900241751000013,-0.00020929344462061739,0.0,-9.53990810147889e-05,0.4656843591645158,0.0,0.3890524788318528,0.475,0.0,0.38999999999999996,0.948786286187885,129.88308415625684,0.01818965093216285,True,True,False
7.8950000000000005,0.009348563459676423,0.24291327517549174,0.00315953206065221,-0.00020929344462061739,0.0,-9.53990810147889e-05,0.46569937276909545,0.0,0.3890544991425945,0.475,0.0,0.38999999999999996,0.8368699562196054,129.8830838118674,0.01791272669848569,True,True,False
7.9,0.009332139809407222,0.24245035536865833,0.003411185376875444,-0.009580602610201383,0.0,-0.00010500786868374479,0.4657156801576108,0.0,0.38905647549764655,0.475,0.0,0.38999999999999996,0.92012202412642,129.8828463526657,0.03242123176011583,True,True,False
7.905,0.009314440163944199,0.24199206542407778,0.0036690596704760685,-0.009580602610201383,0.0,-0.00010500786868374479,0.4657332723531912,0.0,0.389058429881758,0.475,0.0,0.38999999999999996,0.8759163923318751,129.88284579673206,0.03161220847981796,True,True,False
7.91,0.009295458321467135,0.24154048775545087,0.00392369534728103,-0.009580602610201383,0.0,-0.00010500786868374479,0.46575215641555195,0.0,0.3890603540859897,0.475,0.0,0.38999999999999996,0.938441607297587,129.88284538496413,0.030820197386123876,True,True,False
7.915,0.009275191659077125,0.24109573473788629,0.004183250408616894,-0.009580602610201383,0.0,-0.00010500786868374479,0.4657723350190959,0.0,0.38906224773377507,0.475,0.0,0.38999999999999996,0.8408940460440725,129.8828451144953,0.030030110075165053,True,True,False
7.92,0.009253647586572157,0.24065188895030593,0.004435161106593142,-0.009580602610201383,0.0,-0.00010500786868374479,0.465793798368479,0.0,0.38906413399663553,0.475,0.0,0.38999999999999996,0.7290932810761573,129.8828449817929,0.029264059676376866,True,True,False
7.925,0.009230864093274428,0.24018406715580692,0.004679166878329527,-0.009580602610201383,0.0,-0.00010500786868374479,0.46581649840248274,0.0,0.3890661101152162,0.475,0.0,0.38999999999999996,0.8071103817054117,129.88284498121058,0.028522900804262095,True,True,False
7.930000000000001,0.009206847920137417,0.23968607963997998,0.004928232961723478,-0.009580602610201383,0.0,-0.00010500786868374479,0.46584042588455,0.0,0.3890682003176018,0.475,0.0,0.38999999999999996,0.8730642800339845,129.88284510893325,0.027783682107802934,True,True,False
7.9350000000000005,0.009181575688861328,0.23917052808569528,0.005181916070740123,-0.009580602610201383,0.0,-0.00010500786868374479,0.46586560931812626,0.0,0.38907035544363017,0.475,0.0,0.38999999999999996,0.9060038183187797,129.88284536311554,0.027046265077765943,True,True,False
7.94,0.009155030823033254,0.238646408673422,0.005437917877239869,-0.009580602610201383,0.0,-0.00010500786868374479,0.46589206894587487,0.0,0.3890725404138225,0.475,0.0,0.38999999999999996,0.944419710930691,129.88284574153727,0.02631418647662022,True,True,False
7.945,0.009127201136266121,0.2381203702709571,0.005696802253647211,-0.009580602610201383,0.0,-0.00010500786868374479,0.46591981967457935,0.0,0.38907472931544235,0.475,0.0,0.38999999999999996,0.8990796821245024,129.88284624169881,0.025586165065434634,True,True,False
7.95,0.00909809014861262,0.23759111134051136,0.005951472264116314,-0.014534670447967774,0.0,-0.00010989377120465538,0.46594885747249193,0.0,0.3890769272515033,0.475,0.0,0.38999999999999996,1.0250992363755729,129.88272420015278,0.03268363985392663,True,True,False
7.955,0.00906768308999114,0.2370681815656378,0.006216913043046979,-0.014534670447967774,0.0,-0.00010989377120465538,0.4659792010292721,0.0,0.38907909688336606,0.475,0.0,0.38999999999999996,0.9988958203734488,129.882725164743,0.03168165458054701,True,True,False
7.96,0.009035961904262008,0.23656293391311622,0.006479602691384433,-0.014534670447967774,0.0,-0.00010989377120465538,0.466010873080536,0.0,0.3890811938392443,0.475,0.0,0.38999999999999996,0.9243039278975318,129.882726334577,0.030699704822216185,True,True,False
7.965,0.009002950063833474,0.23606309052520918,0.006735201322484306,-0.014534670447967774,0.0,-0.00010989377120465538,0.4660438452049749,0.0,0.3890832660476298,0.475,0.0,0.38999999999999996,0.9261459087351321,129.8827277012108,0.029745077912395643,True,True,False
7.97,0.00896866488609654,0.23555970702988266,0.0069905391570566555,-0.014534670447967774,0.0,-0.00010989377120465538,0.46607809648528675,0.0,0.3890853484197527,0.475,0.0,0.38999999999999996,0.8923852389475875,129.88272925654982,0.028806748782326197,True,True,False
7.9750000000000005,0.008933114824857731,0.23504865334553093,0.007242536340096214,-0.014534670447967774,0.0,-0.00010989377120465538,0.46611361682735597,0.0,0.3890874570787944,0.475,0.0,0.38999999999999996,0.8262461589732657,129.8827309931786,0.027889566307155254,True,True,False
7.98,0.0088963209133968,0.23451845288049503,0.0074886928298176485,-0.014534670447967774,0.0,-0.00010989377120465538,0.46615038053579083,0.0,0.3890896368126775,0.475,0.0,0.38999999999999996,0.675344615434473,129.88273290268182,0.026997707763495936,True,True,False
7.985,0.008858321878773901,0.23394501188200192,0.007723549427563329,-0.014534670447967774,0.0,-0.00010989377120465538,0.4661883390162407,0.0,0.38909198170984355,0.475,0.0,0.38999999999999996,0.8077078195224919,129.88273497506262,0.026142372172604848,True,True,False
7.99,0.00881912331801936,0.23332041507584392,0.007967056369665628,-0.014534670447967774,0.0,-0.00010989377120465538,0.46622748341788833,0.0,0.38909452282468904,0.475,0.0,0.38999999999999996,0.7727512677046158,129.88273720258817,0.025290218683254553,True,True,False
7.995,0.008778712729820776,0.2326482268741918,0.008207283782906187,-0.014534670447967774,0.0,-0.00010989377120465538,0.4662678276970469,0.0,0.3890972463989236,0.475,0.0,0.38999999999999996,0.9491430591248231,129.88273957916442,0.024461320132421215,True,True,False
8.0,0.008737066384585903,0.23194145346026376,0.008461074094529878,-0.017006151162766076,0.0,-0.00011141621350792592,0.46630940093227563,0.0,0.38910010175423565,0.475,0.0,0.38999999999999996,0.9138316585487102,129.8826949528328,0.02752023993147317,True,True,False
8.005,0.008694161903739625,0.23121437221276345,0.008711074860644765,-0.017006151162766076,0.0,-0.00011141621350792592,0.46635223140270166,0.0,0.38910303316894185,0.475,0.0,0.38999999999999996,0.8975169653868423,129.88269792053154,0.02656462654515221,True,True,False
8.01,0.008650012677203549,0.23045708095164943,0.008958965588274243,-0.017006151162766076,0.0,-0.00011141621350792592,0.4663963016535604,0.0,0.3891060793775425,0.475,0.0,0.38999999999999996,0.9025476972125615,129.88270106785353,0.02563152498121309,True,True,False
8.015,0.008604624221713634,0.2296652969179832,0.009206535792826166,-0.017006151162766076,0.0,-0.00011141621350792592,0.4664416044005326,0.0,0.3891092571864344,0.475,0.0,0.38999999999999996,0.8266680430123785,129.88270438566542,0.024717606194652714,True,True,False
8.02,0.008558013049732653,0.22882737857737057,0.009447238901292261,-0.017006151162766076,0.0,-0.00011141621350792592,0.4664881182951851,0.0,0.3891126121464476,0.475,0.0,0.38999999999999996,0.7703047664105934,129.88270786391908,0.023834951995652453,True,True,False
8.025,0.008510206564119344,0.22792414365536046,0.009682889517497552,-0.017006151162766076,0.0,-0.00011141621350792592,0.46653580793020266,0.0,0.38911621927518175,0.475,0.0,0.38999999999999996,0.7051563355357724,129.88271149153692,0.022980856918319116,True,True,False
8.03,0.008461233727745382,0.2269452008035398,0.009911717860751753,-0.017006151162766076,0.0,-0.00011141621350792592,0.4665846398847263,0.0,0.3891201191411348,0.475,0.0,0.38999999999999996,0.650789801948356,129.88271525778697,0.022156561709927452,True,True,False
8.035,0.00841112724509301,0.22588716741846235,0.010134598719288849,-0.017006151162766076,0.0,-0.00011141621350792592,0.4666345798341317,0.0,0.3891243248424042,0.475,0.0,0.38999999999999996,0.7231276969050796,129.88271915205382,0.02136105573555179,True,True,False
8.040000000000001,0.008359896800278065,0.22475689267092244,0.010360088517328744,-0.017006151162766076,0.0,-0.00011141621350792592,0.4666856207806648,0.0,0.38912880960267776,0.475,0.0,0.38999999999999996,0.5992926671820533,129.88272316567952,0.020579453498840484,True,True,False
8.045,0.008307561878661647,0.22355487248823538,0.010575356251972033,-0.017006151162766076,0.0,-0.00011141621350792592,0.46673774328907874,0.0,0.38913357146247984,0.475,0.0,0.38999999999999996,0.5623897201511581,129.88272728943187,0.01983382819112068,True,True,False
8.05,0.008254159553596863,0.22227320573481346,0.010786126787744647,-0.013377608149096859,0.0,-0.00011109711706198028,0.4667909068085086,0.0,0.38913864124219677,0.475,0.0,0.38999999999999996,0.8058236003515338,129.8827699584816,0.013394854614223323,True,True,False
8.055,0.008199668227198354,0.2209322572063255,0.011010661085112042,-0.013377608149096859,0.0,-0.00011109711706198028,0.4668451413559531,0.0,0.38914393952798854,0.475,0.0,0.38999999999999996,0.7471468439226159,129.88277360124755,0.012874362376625377,True,True,False
8.06,0.008144069498487621,0.21954832398612656,0.011228925668779569,-0.013377608149096859,0.0,-0.00011109711706198028,0.46690047208967067,0.0,0.38914940278275023,0.475,0.0,0.38999999999999996,0.7619578063571351,129.8827772772546,0.012375226868954401,True,True,False
8.065,0.008087381396971943,0.21811946467557172,0.011446283527266177,-0.013377608149096859,0.0,-0.00011109711706198028,0.46695688007592784,0.0,0.38915503861207645,0.475,0.0,0.38999999999999996,0.685606034568748,129.8827809815375,0.011888218890823237,True,True,False
8.07,0.00802962435660929,0.21664252793213168,0.011656335288046691,-0.013377608149096859,0.0,-0.00011109711706198028,0.467014343466218,0.0,0.3891608593486676,0.475,0.0,0.38999999999999996,0.6667301702963148,129.8827847091146,0.011424705841052898,True,True,False
8.075,0.007970825262672641,0.21511183550960217,0.011862981519417734,-0.013377608149096859,0.0,-0.00011109711706198028,0.4670728328885043,0.0,0.3891668871898224,0.475,0.0,0.38999999999999996,0.638665211756187,129.88278845465237,0.010978065784645562,True,True,False
8.08,0.007911002770588952,0.21352609611525217,0.012065634370355263,-0.013377608149096859,0.0,-0.00011109711706198028,0.4671323290454832,0.0,0.38917312722398245,0.475,0.0,0.38999999999999996,0.7193995224585812,129.88279221352812,0.01054917807300967,True,True,False
8.085,0.007850159776734953,0.2118918019953561,0.012271231289897535,-0.013377608149096859,0.0,-0.00011109711706198028,0.46719283168041753,0.0,0.3891795541760874,0.475,0.0,0.38999999999999996,0.7005610375144173,129.88279598234448,0.010124946069293178,True,True,False
8.09,0.007788297278010241,0.21021566431322616,0.012473461544090663,-0.013377608149096859,0.0,-0.00011109711706198028,0.4672543425385425,0.0,0.3891861419162842,0.475,0.0,0.38999999999999996,0.6563985045627249,129.8827997580951,0.0097158667094479,True,True,False
8.095,0.007725436264746237,0.20849461856292442,0.012670686236634445,-0.013377608149096859,0.0,-0.00011109711706198028,0.46731683925484935,0.0,0.38919290245643245,0.475,0.0,0.38999999999999996,0.5908040602064636,129.88280353662023,0.00932486380340114,True,True,False
8.1,0.007661604832197805,0.20672267320761736,0.012861747396260701,-0.006607604586433391,0.0,-0.00010940814421154911,0.4673802911237224,0.0,0.38919985923392575,0.475,0.0,0.38999999999999996,0.5114153090362166,129.88288066130195,0.0017181680877536992,True,True,False
8.105,0.007596835161062949,0.20489274430361498,0.013046238046499866,-0.006607604586433391,0.0,-0.00010940814421154911,0.46744466288790876,0.0,0.38920703998397177,0.475,0.0,0.38999999999999996,0.3492908635612171,129.88288305819066,0.0016845079491638985,True,True,False
8.11,0.007531167055682598,0.20299490699613865,0.013221610937203766,-0.006607604586433391,0.0,-0.00010940814421154911,0.4675099104742235,0.0,0.38921448353521215,0.475,0.0,0.38999999999999996,0.4304021224218239,129.8828853953742,0.001634471508826136,True,True,False
8.115,0.007464623894817753,0.20102819118845947,0.013397010543737943,-0.006607604586433391,0.0,-0.00010940814421154911,0.4675760100125444,0.0,0.38922219375340417,0.475,0.0,0.38999999999999996,0.2990876207807672,129.88288767340433,0.001585035341662197,True,True,False
8.120000000000001,0.007397223783946425,0.19899414339581867,0.013565318407567147,-0.006607604586433391,0.0,-0.00010940814421154911,0.4676429439789278,0.0,0.38923016468476146,0.475,0.0,0.38999999999999996,0.1378111247411162,129.88288989313475,0.0015240286489958052,True,True,False
8.125,0.007328998203410359,0.19688681514044468,0.013728596271158227,-0.006607604586433391,0.0,-0.00010940814421154911,0.46771067836063995,0.0,0.389238419601388,0.475,0.0,0.38999999999999996,0.08549996404613233,129.88289205512393,0.0014578678358889464,True,True,False
8.13,0.007259966082660328,0.19470369777387528,0.013889532341941017,-0.006607604586433391,0.0,-0.00010940814421154911,0.46777919319729205,0.0,0.38924696836763295,0.475,0.0,0.38999999999999996,-0.13994634868094852,129.88289416049656,0.0013903993643481286,True,True,False
8.135,0.007190141949782122,0.19244400718373947,0.014047315598868298,-0.006607604586433391,0.0,-0.00010940814421154911,0.46784847368199933,0.0,0.38925581414891114,0.475,0.0,0.38999999999999996,-0.2094824235077311,129.88289621050927,0.001320703224818174,True,True,False
8.14,0.007119542379183933,0.1901059416652921,0.014202001757117928,-0.006607604586433391,0.0,-0.00010940814421154911,0.4679185025655716,0.0,0.3892649640993935,0.475,0.0,0.38999999999999996,-0.20701799980107052,129.88289820635148,0.0012489002566579213,True,True,False
8.145,0.00704818105101988,0.18768938449598122,0.014354647466951103,-0.006607604586433391,0.0,-0.00010940814421154911,0.4679892662251614,0.0,0.3892744188079247,0.475,0.0,0.38999999999999996,-0.250310292088365,129.882900149275,0.0011765234419272227,True,True,False
8.15,0.006976071483879876,0.1851945462169138,0.014504263483133209,0.006715316897537897,0.0,-0.00010702449579997724,0.4680607513641197,0.0,0.3892841775935084,0.475,0.0,0.38999999999999996,-0.21646438330174952,129.88300916627665,0.0221046585689893,True,True,False
8.155,0.006903225836689241,0.1826225232971011,0.014652332914209316,0.006715316897537897,0.0,-0.00010702449579997724,0.46813294643745296,0.0,0.38929423635582144,0.475,0.0,0.38999999999999996,-0.19508178531437384,129.8830087344086,0.02127518568982664,True,True,False
8.16,0.006829653386382841,0.1799763243219266,0.014798406665898864,0.006715316897537897,0.0,-0.00010702449579997724,0.4682058435909875,0.0,0.3893045835290955,0.475,0.0,0.38999999999999996,-0.1273499887680068,129.88300830820012,0.02046491832788993,True,True,False
8.165000000000001,0.006755363161730288,0.17725964514165454,0.014942953789720078,0.006715316897537897,0.0,-0.00010702449579997724,0.46827943551358153,0.0,0.3893152048256932,0.475,0.0,0.38999999999999996,-0.06872993058140014,129.88300789019624,0.019674420329267337,True,True,False
8.17,0.006680364191347806,0.1744765560033762,0.015085443474808627,0.006715316897537897,0.0,-0.00010702449579997724,0.46835371505172485,0.0,0.38932608448943984,0.475,0.0,0.38999999999999996,0.007855935023512062,129.88300748263077,0.018902806000578615,True,True,False
8.175,0.006604667764494178,0.17163030102692226,0.015225527972858508,0.006715316897537897,0.0,-0.00010702449579997724,0.46842867245724207,0.0,0.3893372099841278,0.475,0.0,0.38999999999999996,-0.016185595839604168,129.8830070874656,0.018149434028275742,True,True,False
8.18,0.006528287111071135,0.16872355162049885,0.015362801320841639,0.006715316897537897,0.0,-0.00010702449579997724,0.46850429581410324,0.0,0.38934857100624765,0.475,0.0,0.38999999999999996,-0.09800849046966786,129.8830067064085,0.01741378978924308,True,True,False
8.185,0.006451237902263486,0.16575820969765379,0.015496744990390795,0.006715316897537897,0.0,-0.00010702449579997724,0.46858057046350365,0.0,0.3893601602563457,0.475,0.0,0.38999999999999996,-0.158255589505681,129.88300634093562,0.016695122466485936,True,True,False
8.19,0.006373538001212912,0.1627354382375423,0.01562706310268149,0.006715316897537897,0.0,-0.00010702449579997724,0.46865747927541324,0.0,0.38937197331976037,0.475,0.0,0.38999999999999996,-0.23547909649945434,129.88300599231226,0.015992853006773625,True,True,False
8.195,0.0062952079813182165,0.15965534368625975,0.01575307288335431,0.006715316897537897,0.0,-0.00010702449579997724,0.46873500201623236,0.0,0.3893840099096249,0.475,0.0,0.38999999999999996,-0.27270295347419626,129.8830056616173,0.015305836566098803,True,True,False
8.2,0.00621626911950587,0.15651803360566358,0.015875195271985665,0.018024953424207686,0.0,-0.00010268853500371065,0.4688131177857111,0.0,0.3893962697351976,0.475,0.0,0.38999999999999996,-0.36416626036696875,129.88311245111794,0.032463296466467756,True,True,False
8.205,0.00613674616916531,0.15332202679626625,0.015991805609316796,0.018024953424207686,0.0,-0.00010268853500371065,0.4688918016284538,0.0,0.3894087587644577,0.475,0.0,0.38999999999999996,-0.3980605129543636,129.8831112567704,0.03116394424881036,True,True,False
8.21,0.006056665085165487,0.15006563773423948,0.01610411422861471,0.018024953424207686,0.0,-0.00010268853500371065,0.46897102737378904,0.0,0.38942148377182495,0.475,0.0,0.38999999999999996,-0.32339031682269803,129.8831102516187,0.02989602129786418,True,True,False
8.215,0.005976039211296219,0.14675427636590355,0.016215224716976777,0.018024953424207686,0.0,-0.00010268853500371065,0.4690507842410337,0.0,0.3894344237379299,0.475,0.0,0.38999999999999996,-0.32906392043383426,129.88310943071087,0.0286642036507064,True,True,False
8.22,0.005894879582460322,0.1433948253396649,0.016322753537942207,0.018024953424207686,0.0,-0.00010268853500371065,0.46913106429115,0.0,0.38944755186931895,0.475,0.0,0.38999999999999996,-0.36866341908916367,129.8831087886834,0.02746449321042958,True,True,False
8.225,0.005813206993719676,0.13998935435309823,0.016425683735968432,0.018024953424207686,0.0,-0.00010268853500371065,0.4692118479789726,0.0,0.3894608601913159,0.475,0.0,0.38999999999999996,-0.3542336455630856,129.88310832027597,0.026294971270120846,True,True,False
8.23,0.0057310408497671704,0.13654091685932918,0.016525469940893364,0.018024953424207686,0.0,-0.00010268853500371065,0.46929311753222863,0.0,0.3894743368752289,0.475,0.0,0.38999999999999996,-0.3255652601558956,129.883108019944,0.025157651227378976,True,True,False
8.235,0.005648395216855338,0.1330555180240273,0.016622419418357962,0.018024953424207686,0.0,-0.00010268853500371065,0.46937486159644337,0.0,0.38948795853036405,0.475,0.0,0.38999999999999996,-0.3370363502455102,129.88310788174033,0.024052742759139677,True,True,False
8.24,0.005565286410933904,0.12953813373111403,0.016715415853132933,0.018024953424207686,0.0,-0.00010268853500371065,0.4694570661462148,0.0,0.3895017057814024,0.475,0.0,0.38999999999999996,-0.31213559035936145,129.88310789964174,0.022978161100046843,True,True,False
8.245000000000001,0.005481731241036365,0.12599359169456628,0.016805370400161782,0.018024953424207686,0.0,-0.00010268853500371065,0.469539716572203,0.0,0.3895155598209481,0.475,0.0,0.38999999999999996,-0.33341600479353084,129.88310806751687,0.02193503819000497,True,True,False
8.25,0.005397747314361026,0.1224263729070898,0.016891074750443505,0.026085025357325025,0.0,-9.586683717497169e-05,0.46962279730534484,0.0,0.38952950318780544,0.475,0.0,0.38999999999999996,-0.3489560409924355,129.8832319064591,0.03362705958546542,True,True,False
8.255,0.005313355431261953,0.1188392762697797,0.0169726676982548,0.026085025357325025,0.0,-9.586683717497169e-05,0.4697062889590546,0.0,0.3895435250785708,0.475,0.0,0.38999999999999996,-0.3677975822839453,129.8832326475099,0.03218520333726597,True,True,False
8.26,0.005228576424775457,0.11523512886974621,0.01704999120761439,0.026085025357325025,0.0,-9.586683717497169e-05,0.46979017211736585,0.0,0.3895576145763639,0.475,0.0,0.38999999999999996,-0.4959736575694067,129.8832336887021,0.030783591116523356,True,True,False
8.265,0.005143443068215859,0.11161070262457451,0.01711926075124319,0.026085025357325025,0.0,-9.586683717497169e-05,0.46987441339856695,0.0,0.3895717844150571,0.475,0.0,0.38999999999999996,-0.49898269022177105,129.88323501727288,0.02941668426366077,True,True,False
8.27,0.005057986992666705,0.10796319246739414,0.017184788109364572,0.026085025357325025,0.0,-9.586683717497169e-05,0.46995898083305265,0.0,0.38958604568313,0.475,0.0,0.38999999999999996,-0.5778648153216752,129.8832366202928,0.028090088403208213,True,True,False
8.275,0.004972235796488312,0.10428832294012357,0.01724401360059715,0.026085025357325025,0.0,-9.586683717497169e-05,0.47004384616392914,0.0,0.389600415254195,0.475,0.0,0.38999999999999996,-0.604872444008195,129.88323848451586,0.02680013007802684,True,True,False
8.28,0.004886220006608496,0.10057794043926066,0.017298956476746466,0.026085025357325025,0.0,-9.586683717497169e-05,0.4701289771745837,0.0,0.3896149252186203,0.475,0.0,0.38999999999999996,-0.5680216887285412,129.8832405969404,0.025547719525437426,True,True,False
8.285,0.004799955490378188,0.09683243046762094,0.01735235948074767,0.026085025357325025,0.0,-9.586683717497169e-05,0.4702143592465484,0.0,0.38962957417947,0.475,0.0,0.38999999999999996,-0.5309896796080792,129.88324294423708,0.024334736491497606,True,True,False
8.290000000000001,0.004713449759564556,0.09305734913739516,0.017404053797032405,0.026085025357325025,0.0,-9.586683717497169e-05,0.4702999877752595,0.0,0.38964434043914264,0.475,0.0,0.38999999999999996,-0.33972819997118886,129.88324551294798,0.02316056271059659,True,True,False
8.295,0.0046266955676292874,0.0892667856508712,0.017458694969167174,0.026085025357325025,0.0,-9.586683717497169e-05,0.47038587538513965,0.0,0.3896591687894858,0.475,0.0,0.38999999999999996,-0.4655626971169275,129.88324828930467,0.02202929371556766,True,True,False
8.3,0.004539702423186023,0.08546636472832268,0.01750618516514624,0.031117284271533874,0.0,-8.710969396935045e-05,0.4704720152008901,0.0,0.3896740371952032,0.475,0.0,0.38999999999999996,-0.3740525313306566,129.88339222525676,0.02886417786118598,True,True,False
8.305,0.004452490552083314,0.08165646280842408,0.01755318807780838,0.031117284271533874,0.0,-8.710969396935045e-05,0.4705583880766041,0.0,0.3896889443163374,0.475,0.0,0.38999999999999996,-0.3303249918331912,129.88339612497404,0.027519101056767862,True,True,False
8.31,0.004365064155700082,0.07784650517751794,0.01759794847314466,0.031117284271533874,0.0,-8.710969396935045e-05,0.4706449934317782,0.0,0.38970385328952917,0.475,0.0,0.38999999999999996,-0.3483165355871151,129.88340030745397,0.026218530481809537,True,True,False
8.315,0.0042774380191711436,0.0740406810812183,0.017638821814270525,0.031117284271533874,0.0,-8.710969396935045e-05,0.47073181852074497,0.0,0.389718747679129,0.475,0.0,0.38999999999999996,-0.29700019337896416,129.88340475453342,0.024960488647672734,True,True,False
8.32,0.0041896264862555915,0.07024373133618363,0.01767752893817509,0.031117284271533874,0.0,-8.710969396935045e-05,0.47081885113105726,0.0,0.38973360887763775,0.475,0.0,0.38999999999999996,-0.368357773317933,129.8834094483451,0.023746014510667678,True,True,False
8.325,0.004101648098200104,0.06645846659298006,0.017710991813434954,0.031117284271533874,0.0,-8.710969396935045e-05,0.4709060743081618,0.0,0.3897484258535229,0.475,0.0,0.38999999999999996,-0.36151734560387083,129.8834143715002,0.022571778014677808,True,True,False
8.33,0.0040135246552296154,0.06268692623532347,0.017741143987294164,0.031117284271533874,0.0,-8.710969396935045e-05,0.4709934676500579,0.0,0.38976319061039816,0.475,0.0,0.38999999999999996,-0.3857571263287084,129.88341950710853,0.02143899135531756,True,True,False
8.335,0.0039252740191853,0.05893392261063911,0.01776716606922754,0.031117284271533874,0.0,-8.710969396935045e-05,0.47108101534502034,0.0,0.389777884265021,0.475,0.0,0.38999999999999996,-0.23641036234037657,129.88342483854876,0.020346148912033207,True,True,False
8.34,0.003836902729960787,0.055209850606529165,0.017793359340869695,0.031117284271533874,0.0,-8.710969396935045e-05,0.47116871402852123,0.0,0.3897924659933151,0.475,0.0,0.38999999999999996,-0.2477306300080552,129.88343034924728,0.019296619106721893,True,True,False
8.345,0.0037484152493571245,0.05152589189151389,0.017816008897072518,0.031117284271533874,0.0,-8.710969396935045e-05,0.47125656225777596,0.0,0.3898068918652522,0.475,0.0,0.38999999999999996,-0.245520614516314,129.88343602300637,0.01828606524040378,True,True,False
8.35,0.0036598269609501846,0.047888350381283605,0.017835390244516015,0.029152754294356768,0.0,-7.791298183527666e-05,0.47134454634075185,0.0,0.3898211371218298,0.475,0.0,0.38999999999999996,-0.20123349016638198,129.8835501967651,0.014217130565836709,True,True,False
8.355,0.0035711495313591815,0.0443050385010163,0.017852388745327807,0.029152754294356768,0.0,-7.791298183527666e-05,0.47143265638953147,0.0,0.3898351711791694,0.475,0.0,0.38999999999999996,-0.23298513811628294,129.88355568816343,0.01339635474963722,True,True,False
8.36,0.0034823962554772813,0.04078190950557431,0.017865762203507888,0.029152754294356768,0.0,-7.791298183527666e-05,0.47152088030594747,0.0,0.38984897074913066,0.475,0.0,0.38999999999999996,-0.20534455571836058,129.88356126104452,0.012614118502497912,True,True,False
8.365,0.0033935807949197227,0.03732508275814537,0.017876604764549286,0.029152754294356768,0.0,-7.791298183527666e-05,0.4716092054612758,0.0,0.3898625117903002,0.475,0.0,0.38999999999999996,-0.17261969944804859,129.8835669020008,0.011876698283785358,True,True,False
8.370000000000001,0.0033047126500839073,0.03394283508950574,0.017885074885721438,0.029152754294356768,0.0,-7.791298183527666e-05,0.4716976234973199,0.0,0.38987576178457806,0.475,0.0,0.38999999999999996,-0.10673955883379084,129.88357259767938,0.01118216956567494,True,True,False
8.375,0.0032157998037881767,0.03064347926575781,0.017891602757542407,0.029152754294356768,0.0,-7.791298183527666e-05,0.47178612725333513,0.0,0.3898886880676251,0.475,0.0,0.38999999999999996,-0.0979373619686017,129.88357833551603,0.010529251874703424,True,True,False
8.38,0.0031268511201928547,0.027433944360740797,0.01789564297658608,0.029152754294356768,0.0,-7.791298183527666e-05,0.47187470817147903,0.0,0.3899012634088521,0.475,0.0,0.38999999999999996,-0.058177749508071044,129.88358410379925,0.009915058316876547,True,True,False
8.385,0.003037876645695642,0.02431954356611507,0.017897558761756405,0.029152754294356768,0.0,-7.791298183527666e-05,0.4719633560397192,0.0,0.3899134669256693,0.475,0.0,0.38999999999999996,-0.1274171457393917,129.88358989163697,0.009338548087753081,True,True,False
8.39,0.0029488882275404524,0.02130367440441612,0.01789659647728269,0.029152754294356768,0.0,-7.791298183527666e-05,0.4720520584322813,0.0,0.38992528526354775,0.475,0.0,0.38999999999999996,0.008113348526802844,129.88359568892136,0.008796903321606622,True,True,False
8.395,0.0028598943901142764,0.018386976343298358,0.017895826384439407,0.029152754294356768,0.0,-7.791298183527666e-05,0.4721408058750334,0.0,0.389936715891698,0.475,0.0,0.38999999999999996,-0.05076320630401812,129.8836014860788,0.008291480602994294,True,True,False
8.4,0.002770896781974385,0.015558780955435995,0.017895590361441324,0.021814181579324937,0.0,-6.854699919753652e-05,0.47222959493816646,0.0,0.38994780067315327,0.475,0.0,0.38999999999999996,-0.1777395667710799,129.88366310896757,0.0037479838293597613,True,True,False
8.405,0.0026819043532824586,0.012805134523193085,0.01789391202713071,0.021814181579324937,0.0,-6.854699919753652e-05,0.47231841529286145,0.0,0.3899585944617693,0.475,0.0,0.38999999999999996,-0.21019261803264871,129.88366694044032,0.0037717307407701024,True,True,False
8.41,0.002592929193202762,0.010114799055212176,0.01789121571925082,0.021814181579324937,0.0,-6.854699919753652e-05,0.4724072544376601,0.0,0.389969141452888,0.475,0.0,0.38999999999999996,-0.2225856493203665,129.88367068275002,0.0037737599591193584,True,True,False
8.415000000000001,0.0025039808535588684,0.007480352752720346,0.017887573403479382,0.021814181579324937,0.0,-6.854699919753652e-05,0.4724961033035804,0.0,0.3899794707854889,0.475,0.0,0.38999999999999996,-0.41300285454971686,129.8836743349176,0.003753884542423567,True,True,False
8.42,0.0024150863524745147,0.0048894930968891555,0.017876908092127317,0.021814181579324937,0.0,-6.854699919753652e-05,0.4725849359076723,0.0,0.3899896308217204,0.475,0.0,0.38999999999999996,-0.4107755945959117,129.8836778967929,0.003722821959246881,True,True,False
8.425,0.002326273718667892,0.002331766962932344,0.017864989185700394,0.021814181579324937,0.0,-6.854699919753652e-05,0.4726737263057914,0.0,0.3899996626601753,0.475,0.0,0.38999999999999996,-0.31342587982775316,129.8836813684708,0.003671590150794976,True,True,False
8.43,0.002237543201219171,0.00019113854526077418,0.017855216338988428,0.021814181579324937,0.0,-6.854699919753652e-05,0.4727624772200746,0.0,0.3900095596358232,0.475,0.0,0.38999999999999996,-0.2900987440495464,129.88368474915953,0.0035945333505009863,True,True,False
8.435,0.0021488931717247024,0.002676592772505602,0.017844862802974745,0.021814181579324937,0.0,-6.854699919753652e-05,0.47285119360220673,0.0,0.39001931135126977,0.475,0.0,0.38999999999999996,-0.11171275171168935,129.88368803812222,0.0034963632908871257,True,True,False
8.44,0.002060321600713034,0.005121653754361151,0.017836990966696394,0.021814181579324937,0.0,-6.854699919753652e-05,0.47293988118560276,0.0,0.3900289062092175,0.475,0.0,0.38999999999999996,-0.16561702157244237,129.88369123477892,0.003372470299068432,True,True,False
8.445,0.001971831198875546,0.0075251741456168735,0.017827142005718832,0.021814181579324937,0.0,-6.854699919753652e-05,0.4730285415684349,0.0,0.39003833965922974,0.475,0.0,0.38999999999999996,-0.2508298218477606,129.88369433883273,0.0032303182415135585,True,True,False
8.45,0.0018834428458703403,0.009892303288825824,0.017814169478630397,0.014062470204785384,0.0,-5.8334753417188454e-05,0.4731171595521191,0.0,0.39004763193764513,0.475,0.0,0.38999999999999996,-0.19535516653050597,129.88374162963194,0.01529253829546533,True,True,False
8.455,0.0017951728278991356,0.012225658129959982,0.017801127092096046,0.014062470204785384,0.0,-5.8334753417188454e-05,0.4732057257740687,0.0,0.39005679334631943,0.475,0.0,0.38999999999999996,-0.04294171560271798,129.88374280306098,0.014676613435713174,True,True,False
8.46,0.0017070269698951643,0.014523414070866315,0.017788777674424945,0.014062470204785384,0.0,-5.8334753417188454e-05,0.473294242327072,0.0,0.3900658166939069,0.475,0.0,0.38999999999999996,0.05037797815040253,129.88374389804125,0.014051925772906678,True,True,False
8.465,0.001619015753281269,0.016784884086599502,0.017775375504974014,0.014062470204785384,0.0,-5.8334753417188454e-05,0.47338270842622404,0.0,0.3900746992286859,0.475,0.0,0.38999999999999996,-0.05801604422931238,129.88374491863078,0.013421346002826136,True,True,False
8.47,0.0015311592650546395,0.019011949731347687,0.017760337961851596,0.014062470204785384,0.0,-5.8334753417188454e-05,0.4734711163959866,0.0,0.39008344830940006,0.475,0.0,0.38999999999999996,-0.18538928895973236,129.88374586881685,0.012786279019341651,True,True,False
8.475,0.0014434871772106407,0.021208545573269417,0.01774219428269768,0.014062470204785384,0.0,-5.8334753417188454e-05,0.4735594526667998,0.0,0.39009207937652546,0.475,0.0,0.38999999999999996,-0.18475097378867553,129.88374675249935,0.012149551247998585,True,True,False
8.48,0.0013560327923374939,0.02337801726644257,0.017722610526033442,0.014062470204785384,0.0,-5.8334753417188454e-05,0.4736477043751982,0.0,0.3901006055517186,0.475,0.0,0.38999999999999996,-0.19232427031461413,129.88374757341424,0.011509316204669398,True,True,False
8.485,0.0012688301851174575,0.025521836154148783,0.017701399053179794,0.014062470204785384,0.0,-5.8334753417188454e-05,0.4737358631657208,0.0,0.39010903257716767,0.475,0.0,0.38999999999999996,-0.10387024528107773,129.88374833508712,0.010866345153406985,True,True,False
8.49,0.0011819162909600294,0.027639811860468433,0.017680155529414644,0.014062470204785384,0.0,-5.8334753417188454e-05,0.4738239248192309,0.0,0.39011735965241817,0.475,0.0,0.38999999999999996,-0.12205082758252313,129.8837490408409,0.01021859392868587,True,True,False
8.495000000000001,0.0010953383817356643,0.029731866403696603,0.01765723218578158,0.014062470204785384,0.0,-5.8334753417188454e-05,0.47391188501428194,0.0,0.39012558641789274,0.475,0.0,0.38999999999999996,-0.16723550298090387,129.8837496938392,0.009568917230442082,True,True,False
8.5,0.001009165708553479,0.0318002855592905,0.017632102927379042,0.00636920411636107,0.0,-4.748519420686279e-05,0.4739997330843869,0.0,0.39013372181890094,0.475,0.0,0.38999999999999996,-0.13233446895603726,129.8837894687994,0.02104642384367421,True,True,False
8.505,0.0009234865791690195,0.03384648840336801,0.0176060212631304,0.00636920411636107,0.0,-4.748519420686279e-05,0.4740874605037004,0.0,0.3901417713990851,0.475,0.0,0.38999999999999996,-0.10384008954781948,129.8837889487169,0.019958890983018417,True,True,False
8.51,0.0008384173869824569,0.03587063082116737,0.017578786501079257,0.00636920411636107,0.0,-4.748519420686279e-05,0.4741750618638266,0.0,0.3901497357214603,0.475,0.0,0.38999999999999996,-0.02895532537552077,129.88378846019762,0.01888144640463097,True,True,False
8.515,0.0007541229764736713,0.037872664636044086,0.017550645411262257,0.00636920411636107,0.0,-4.748519420686279e-05,0.4742625319507894,0.0,0.3901576145299108,0.475,0.0,0.38999999999999996,0.06993981393038623,129.88378800567426,0.01781397715456084,True,True,False
8.52,0.0006708464917895119,0.039852635374634585,0.017521228189024414,0.00636920411636107,0.0,-4.748519420686279e-05,0.4743498652217816,0.0,0.3901654079372255,0.475,0.0,0.38999999999999996,-0.02338850158970726,129.88378758720515,0.01675698046024859,True,True,False
8.525,0.0005889642466831901,0.04181147298009443,0.017490065666973923,0.00636920411636107,0.0,-4.748519420686279e-05,0.4744370537243018,0.0,0.3901731195383214,0.475,0.0,0.38999999999999996,-0.0005765390732535569,129.88378720646787,0.01571165174524496,True,True,False
8.53,0.0005090807327952192,0.043750272561880195,0.017457426901585155,0.00636920411636107,0.0,-4.748519420686279e-05,0.4745240889407185,0.0,0.3901807535785452,0.475,0.0,0.38999999999999996,-0.039769545701575176,129.8837868647894,0.014677768345293768,True,True,False
8.535,0.00043221766021484665,0.045669926696429726,0.017423089545259465,0.00636920411636107,0.0,-4.748519420686279e-05,0.47461096256051366,0.0,0.39018831350583405,0.475,0.0,0.38999999999999996,-0.07067835722780383,129.88378656318181,0.013655744741065859,True,True,False
8.540000000000001,0.0003602016966221628,0.04757154614908312,0.017386960657892924,0.00636920411636107,0.0,-4.748519420686279e-05,0.4746976654138546,0.0,0.39019580362680445,0.475,0.0,0.38999999999999996,-0.023557898100180066,129.88378630234683,0.012645996700174638,True,True,False
8.545,0.00029643723099927687,0.049455723120859475,0.017349559035040145,0.00636920411636107,0.0,-4.748519420686279e-05,0.47478418957218,0.0,0.3902032262068894,0.475,0.0,0.38999999999999996,-0.09752774917531151,129.88378608271145,0.011648080783439463,True,True,False
8.55,0.00024720325200070414,0.05132337818724675,0.017309999864925093,0.000994167519176338,0.0,-3.635487293901205e-05,0.47487052611092295,0.0,0.3902105848044066,0.475,0.0,0.38999999999999996,-0.20020387984573618,129.88385551110616,0.019136602625508755,True,True,False
8.555,0.00022216011194053746,0.053177626687659525,0.017267087035734346,0.000994167519176338,0.0,-3.635487293901205e-05,0.474956660170359,0.0,0.3902178916577203,0.475,0.0,0.38999999999999996,-0.08180339198044327,129.8838552190763,0.01786317140197764,True,True,False
8.56,0.0002291395263533173,0.05501875168022998,0.0172243734866502,0.000994167519176338,0.0,-3.635487293901205e-05,0.47504258365192664,0.0,0.3902251478517019,0.475,0.0,0.38999999999999996,0.03527490259653035,129.88385504640692,0.01660796223775777,True,True,False
8.565,0.00026541221238272607,0.05684454937110819,0.017180547480634314,0.000994167519176338,0.0,-3.635487293901205e-05,0.4751282950124044,0.0,0.39023234464115625,0.475,0.0,0.38999999999999996,-0.06318497910578205,129.88385499048923,0.015372838818485899,True,True,False
8.57,0.000321024452253892,0.05865524441003712,0.017134772334590938,0.000994167519176338,0.0,-3.635487293901205e-05,0.4752137864984149,0.0,0.39023948284289356,0.475,0.0,0.38999999999999996,0.0218034854084143,129.88385504828082,0.014158893318712564,True,True,False
8.575000000000001,0.0003875880909513594,0.06045120455574801,0.01708770475754973,0.000994167519176338,0.0,-3.635487293901205e-05,0.4752990498318427,0.0,0.39024656383822887,0.475,0.0,0.38999999999999996,0.012570803552815242,129.88385521645597,0.0129653389696202,True,True,False
8.58,0.0004602416199787106,0.06223242479527942,0.01703903058518135,0.000994167519176338,0.0,-3.635487293901205e-05,0.47538407773584246,0.0,0.39025358754226247,0.475,0.0,0.38999999999999996,0.057600472172911164,129.8838554914717,0.011792543749041515,True,True,False
8.585,0.0005363958469016482,0.06399905356940455,0.016988840102905984,0.000994167519176338,0.0,-3.635487293901205e-05,0.47546886231489593,0.0,0.3902605544746185,0.475,0.0,0.38999999999999996,-0.0558424549960103,129.88385586956736,0.010640201420743322,True,True,False
8.59,0.0006146413832738381,0.06575157421717233,0.016936700710489267,0.000994167519176338,0.0,-3.635487293901205e-05,0.4755533947190036,0.0,0.39026746647455646,0.475,0.0,0.38999999999999996,-0.16175700777467675,129.88385634677266,0.009509111436381678,True,True,False
8.595,0.0006941689182006274,0.06749198409434716,0.016881591482737192,0.000994167519176338,0.0,-3.635487293901205e-05,0.47563766198018115,0.0,0.3902743313435013,0.475,0.0,0.38999999999999996,-0.2029797097096642,129.88385691884628,0.008400831458822769,True,True,False
8.6,0.000774485762583367,0.06922267194254257,0.016823979012361028,-0.0012729741835089403,0.0,-2.5693567827167023e-05,0.4757216495939708,0.0,0.3902811584250313,0.475,0.0,0.38999999999999996,-0.22054845335586049,129.88396642566983,0.0108888126030451,True,True,False
8.605,0.0008552767656523672,0.07094493950437546,0.016764259367345876,-0.0012729741835089403,0.0,-2.5693567827167023e-05,0.47580534557098264,0.0,0.3902879528731639,0.475,0.0,0.38999999999999996,-0.2596941233411738,129.88396735919883,0.00969633257503509,True,True,False
8.61,0.0009363300950828844,0.0726602142250631,0.016701794894567665,-0.0012729741835089403,0.0,-2.5693567827167023e-05,0.47588873728937087,0.0,0.39029472033767554,0.475,0.0,0.38999999999999996,-0.17163317024014968,129.8839684085382,0.008529981963682055,True,True,False
8.615,0.0010175006636468035,0.07436703816787009,0.016639681013633088,-0.0012729741835089403,0.0,-2.5693567827167023e-05,0.4759718191556443,0.0,0.3903014550202674,0.475,0.0,0.38999999999999996,-0.18457786479208013,129.88396956771746,0.007384707056600409,True,True,False
8.620000000000001,0.0010986861000684427,0.0760631818773468,0.016575661316129014,-0.0012729741835089403,0.0,-2.5693567827167023e-05,0.4760545880254866,0.0,0.39030814808612707,0.475,0.0,0.38999999999999996,-0.1366493708211409,129.88397083079863,0.006263698954716098,True,True,False
8.625,0.0011798096004259286,0.0777477835325563,0.01651086703532979,-0.0012729741835089403,0.0,-2.5693567827167023e-05,0.4761370374299234,0.0,0.3903147960867137,0.475,0.0,0.38999999999999996,-0.038483747974103755,129.88397219170102,0.005165049412275779,True,True,False
8.63,0.001260814973179328,0.07941863641435713,0.016445525889683617,-0.0012729741835089403,0.0,-2.5693567827167023e-05,0.4762191647488616,0.0,0.3903213902794521,0.475,0.0,0.38999999999999996,0.00917888306099876,129.88397364443668,0.004088223687821925,True,True,False
8.635,0.001341658106619576,0.08107442168888788,0.016378799231342212,-0.0012729741835089403,0.0,-2.5693567827167023e-05,0.4763009655624658,0.0,0.3903279254188622,0.475,0.0,0.38999999999999996,-0.0513670597077772,129.8839751829659,0.0030342600014654723,True,True,False
8.64,0.0014223018794106861,0.08271516553930834,0.016310324101665517,-0.0012729741835089403,0.0,-2.5693567827167023e-05,0.47638243200032393,0.0,0.39033440155600035,0.475,0.0,0.38999999999999996,-0.008257032288787651,129.88397680117328,0.0020033770813213947,True,True,False
8.645,0.0015027157130299569,0.08434080857373599,0.016240540198535977,-0.0012729741835089403,0.0,-2.5693567827167023e-05,0.47646355639741134,0.0,0.3903408184058753,0.475,0.0,0.38999999999999996,-0.02370687424148804,129.88397849297638,0.0009949400656259384,True,True,False
8.65,0.0015828742238125134,0.08595111828944826,0.016169215781777633,-0.0008959059366620559,0.0,-1.6277334211830452e-05,0.47654433167600707,0.0,0.3903471750032637,0.475,0.0,0.38999999999999996,-0.03495170136726761,129.8841098391717,0.0005853905446806008,True,True,False
8.655,0.001662755253613915,0.08754609561931236,0.0160963666675464,-0.0008959059366620559,0.0,-1.6277334211830452e-05,0.47662475012945793,0.0,0.3903534714277661,0.475,0.0,0.38999999999999996,-0.03610171019899003,129.8841115959265,0.001527622652914274,True,True,False
8.66,0.0017423395324392453,0.08912568791594881,0.016022048815929505,-0.0008959059366620559,0.0,-1.6277334211830452e-05,0.47670480424841827,0.0,0.39035970754909444,0.475,0.0,0.38999999999999996,-0.054043642099471045,129.88411340366122,0.0024483093012906687,True,True,False
8.665000000000001,0.0018216098485674516,0.09068990415549213,0.015946170672077084,-0.0008959059366620559,0.0,-1.6277334211830452e-05,0.4767844864276658,0.0,0.390365883355558,0.475,0.0,0.38999999999999996,-0.14210999776888594,129.88411525682517,0.0033475013235337615,True,True,False
8.67,0.0019005487061655156,0.09223982274889042,0.01586781835899105,-0.0008959059366620559,0.0,-1.6277334211830452e-05,0.47686378623162606,0.0,0.39037200304744507,0.475,0.0,0.38999999999999996,-0.12563484560533983,129.88411714989192,0.0042239491981324005,True,True,False
8.675,0.001979140457220038,0.09377605924949668,0.015788255536242773,-0.0008959059366620559,0.0,-1.6277334211830452e-05,0.47694269420595575,0.0,0.39037806900368976,0.475,0.0,0.38999999999999996,-0.15122506441110906,129.88411907745927,0.0050796372071932674,True,True,False
8.68,0.0020573717626202375,0.09529855226380411,0.01570684595589382,-0.0008959059366620559,0.0,-1.6277334211830452e-05,0.4770212027117973,0.0,0.39038408093867066,0.475,0.0,0.38999999999999996,-0.08569587778015306,129.88412103428809,0.005913804972093461,True,True,False
8.685,0.002135231502081247,0.09680652678202299,0.015624907887262247,-0.0008959059366620559,0.0,-1.6277334211830452e-05,0.4770993059985038,0.0,0.3903900357574966,0.475,0.0,0.38999999999999996,-0.17637248872447678,129.8841230153091,0.006728665518647682,True,True,False
8.69,0.002212707564648289,0.09830027989293513,0.015540209117155078,-0.0008959059366620559,0.0,-1.6277334211830452e-05,0.4771769957667875,0.0,0.3903959345880835,0.475,0.0,0.38999999999999996,-0.20594568407510352,129.8841250155295,0.0075210609170445995,True,True,False
8.695,0.0022897851977247054,0.09978168903941037,0.015453451193925959,-0.0008959059366620559,0.0,-1.6277334211830452e-05,0.47725425935505367,0.0,0.390401784783027,0.475,0.0,0.38999999999999996,-0.24281628229130106,129.88412702998266,0.008292079229404435,True,True,False
8.700000000000001,0.002366450835564315,0.1012520673728181,0.015364340329963635,0.0008684561226433851,0.0,-8.572440160467568e-06,0.4773310853153383,0.0,0.3904075914740976,0.475,0.0,0.38999999999999996,-0.3172075563586906,129.88425062091943,0.011822722660220527,True,True,False
8.705,0.002442687778652848,0.10271439862187623,0.015271499305534527,0.0008684561226433851,0.0,-8.572440160467568e-06,0.4774074575217102,0.0,0.39041336650219965,0.475,0.0,0.38999999999999996,-0.3577684679192011,129.884252249494,0.012448284800665465,True,True,False
8.71,0.0025184780195936047,0.10417210777246087,0.015175643530753544,0.0008684561226433851,0.0,-8.572440160467568e-06,0.4774833580230805,0.0,0.3904191234476591,0.475,0.0,0.38999999999999996,-0.3261840176823602,129.88425386422816,0.013053652873654847,True,True,False
8.715,0.002593810522636661,0.10562474125119907,0.01507938544927474,0.0008684561226433851,0.0,-8.572440160467568e-06,0.47755877834002614,0.0,0.3904248604876352,0.475,0.0,0.38999999999999996,-0.30627537189775805,129.88425546200835,0.013643202380858258,True,True,False
8.72,0.0026686792474404624,0.10706951882363458,0.014982308800392878,0.0008684561226433851,0.0,-8.572440160467568e-06,0.47763371625234213,0.0,0.39043056663580467,0.475,0.0,0.38999999999999996,-0.3752505996482984,129.88425703999,0.01421667576365093,True,True,False
8.725,0.002743071011352342,0.10850778899918523,0.014881232915712451,0.0008684561226433851,0.0,-8.572440160467568e-06,0.47770815933451527,0.0,0.3904362471687005,0.475,0.0,0.38999999999999996,-0.5308815229157497,129.88425859529366,0.014769119653964864,True,True,False
8.73,0.0028169551350659917,0.10994975222618415,0.014771066827347853,0.0008684561226433851,0.0,-8.572440160467568e-06,0.4777820717632496,0.0,0.39044194223276774,0.475,0.0,0.38999999999999996,-0.5706693474799627,129.8842601247758,0.015291800162409122,True,True,False
8.735,0.00289029962337982,0.11140465168965716,0.014656613703079212,0.0008684561226433851,0.0,-8.572440160467568e-06,0.477855417164221,0.0,0.39044768820755255,0.475,0.0,0.38999999999999996,-0.5936938036307355,129.88426162496535,0.015764390886410944,True,True,False
8.74,0.002963082975569171,0.11287344160870555,0.014538474357880053,0.0008684561226433851,0.0,-8.572440160467568e-06,0.4779281749620739,0.0,0.3904534888219032,0.475,0.0,0.38999999999999996,-0.5905514546226981,129.8842630901768,0.0161438263317199,True,True,False
8.745000000000001,0.003035288588829242,0.1143535456240612,0.01441832927420419,0.0008684561226433851,0.0,-8.572440160467568e-06,0.47800033151151483,0.0,0.3904593339074007,0.475,0.0,0.38999999999999996,-0.7121616751763861,129.88426451528284,0.01645924316347331,True,True,False
8.75,0.0031068848250536962,0.1158494698414171,0.014287477646390023,0.006463944504019966,0.0,-2.4283677165081737e-06,0.4780718535022703,0.0,0.39046524120275217,0.475,0.0,0.38999999999999996,-0.5808576272964442,129.8843960442004,0.02546685321409232,True,True,False
8.755,0.003177859557760543,0.11735635535889123,0.014163699468912449,0.006463944504019966,0.0,-2.4283677165081737e-06,0.4781427328419773,0.0,0.39047119173677736,0.475,0.0,0.38999999999999996,-0.3641110433303044,129.884396022316,0.025417216123642578,True,True,False
8.76,0.003248246822615407,0.11885107040008003,0.014049371505337407,0.006463944504019966,0.0,-2.4283677165081737e-06,0.47821301855223375,0.0,0.39047709454370455,0.475,0.0,0.38999999999999996,-0.4657473463316255,129.88439595849758,0.025450113018592298,True,True,False
8.765,0.003318053787206482,0.1203262108438998,0.013929309928334162,0.006463944504019966,0.0,-2.4283677165081737e-06,0.4782827227725426,0.0,0.390482920421421,0.475,0.0,0.38999999999999996,-0.4292420291480732,129.8843958540718,0.025441398957754265,True,True,False
8.77,0.0033872673446215746,0.12178393536138286,0.013809722792615753,0.006463944504019966,0.0,-2.4283677165081737e-06,0.47835183144492854,0.0,0.3904886778373609,0.475,0.0,0.38999999999999996,-0.5567147453545063,129.88439571044393,0.02544234529578354,True,True,False
8.775,0.003455869500774667,0.12322865442761718,0.013682082888357896,0.006463944504019966,0.0,-2.4283677165081737e-06,0.4784203243028252,0.0,0.3904943841319132,0.475,0.0,0.38999999999999996,-0.6355680888562351,129.88439552916967,0.025379602843290563,True,True,False
8.78,0.0035238258245466015,0.12467099196124014,0.013547837220278875,0.006463944504019966,0.0,-2.4283677165081737e-06,0.47848816102018993,0.0,0.39050008113238643,0.475,0.0,0.38999999999999996,-0.6681805892503958,129.88439531226516,0.025261655540178136,True,True,False
8.785,0.0035911104933538597,0.12611616096661685,0.013409597101217011,0.006463944504019966,0.0,-2.4283677165081737e-06,0.47855531316497113,0.0,0.3905057893577953,0.475,0.0,0.38999999999999996,-0.6678725694883099,129.88439506190514,0.025110056958318045,True,True,False
8.790000000000001,0.003657708561203704,0.1275638951420954,0.013269642723614033,0.006463944504019966,0.0,-2.4283677165081737e-06,0.4786217663850142,0.0,0.3905115077429364,0.475,0.0,0.38999999999999996,-0.6347570550501886,129.8843947802038,0.024946130176074346,True,True,False
8.795,0.0037236157675500725,0.12900941495811508,0.013130350576586628,0.006463944504019966,0.0,-2.4283677165081737e-06,0.4786875195600398,0.0,0.3905172174384833,0.475,0.0,0.38999999999999996,-0.5578508979732031,129.88439446902862,0.02479356161394737,True,True,False
8.8,0.003788839991269118,0.13044353522662835,0.012994528908271847,0.011564834814503006,0.0,2.024669891566243e-06,0.4787525861288093,0.0,0.39052288222890835,0.475,0.0,0.38999999999999996,-0.46342777949409136,129.8844859927403,0.03272174640699455,True,True,False
8.805,0.00385339803620584,0.13185549776378028,0.012863003201404127,0.011564834814503006,0.0,2.024669891566243e-06,0.4788169892120516,0.0,0.39052845981920703,0.475,0.0,0.38999999999999996,-0.4419198914461951,129.88448457302565,0.03241482399688786,True,True,False
8.81,0.003917300133040884,0.13323986848739128,0.012731743751279547,0.011564834814503006,0.0,2.024669891566243e-06,0.4788807422338408,0.0,0.39053392887804106,0.475,0.0,0.38999999999999996,-0.35966189958286665,129.8844831573238,0.03213936232122826,True,True,False
8.815,0.003980553116586427,0.1345930704260969,0.012603337428903153,0.011564834814503006,0.0,2.024669891566243e-06,0.4789438541194115,0.0,0.390539275253249,0.475,0.0,0.38999999999999996,-0.356656085550521,129.8844817446698,0.031915563185331244,True,True,False
8.82,0.004043162421703147,0.1359128535766031,0.012474462604131467,0.011564834814503006,0.0,2.024669891566243e-06,0.4790063316123996,0.0,0.3905444900180536,0.475,0.0,0.38999999999999996,-0.30608732398525845,129.88448033411294,0.031713482639569926,True,True,False
8.825000000000001,0.004105129713797128,0.13719879203251412,0.012346825566916244,0.011564834814503006,0.0,2.024669891566243e-06,0.4790681766439633,0.0,0.39054957143358393,0.475,0.0,0.38999999999999996,-0.12069375714466762,129.88447892515399,0.031545003676686056,True,True,False
8.83,0.004166466644141392,0.13844623302629624,0.012223088755939781,0.011564834814503006,0.0,2.024669891566243e-06,0.47912940344659327,0.0,0.3905545011018981,0.475,0.0,0.38999999999999996,-0.20084753976824438,129.88447751600066,0.03142648812268113,True,True,False
8.835,0.004227178057921948,0.13965410120882732,0.012097497508558947,0.011564834814503006,0.0,2.024669891566243e-06,0.47919001743679746,0.0,0.3905592747202492,0.475,0.0,0.38999999999999996,-0.32117250359578925,129.88447610598087,0.03130817124859036,True,True,False
8.84,0.004287250906269694,0.14082914593547502,0.011967966008271316,0.011564834814503006,0.0,2.024669891566243e-06,0.4792500018688828,0.0,0.39056391883086394,0.475,0.0,0.38999999999999996,-0.3488038547197883,129.88447469629708,0.03118542671207021,True,True,False
8.845,0.004346672231821502,0.14197712403589197,0.011836725137150863,0.011564834814503006,0.0,2.024669891566243e-06,0.4793093406903762,0.0,0.3905684560714392,0.475,0.0,0.38999999999999996,-0.3866033049546938,129.884473288157,0.031060948481286845,True,True,False
8.85,0.004405432684707314,0.1431012590218441,0.011703191025291569,0.011691458968109383,0.0,4.778155346870493e-06,0.4793680228665206,0.0,0.3905728990984812,0.475,0.0,0.38999999999999996,-0.21010019283158232,129.88450891714737,0.031126771861322282,True,True,False
8.855,0.004463537635147501,0.14419730475860973,0.011574589074682168,0.011691458968109383,0.0,4.778155346870493e-06,0.4794260560780359,0.0,0.3905772311620654,0.475,0.0,0.38999999999999996,-0.33272553089847495,129.88450749402557,0.031007369850616074,True,True,False
8.86,0.004520988676189568,0.14526366766149917,0.011441802919463393,0.011691458968109383,0.0,4.778155346870493e-06,0.479483442783571,0.0,0.3905814459705587,0.475,0.0,0.38999999999999996,-0.4260002297487389,129.88450607536828,0.030884644472590463,True,True,False
8.865,0.004577765836870932,0.14630882114779029,0.011304452838453478,0.011691458968109383,0.0,4.778155346870493e-06,0.47954015856190557,0.0,0.39058557688647855,0.475,0.0,0.38999999999999996,-0.4843295086102787,129.88450466254935,0.030751126444755028,True,True,False
8.870000000000001,0.004633849557714611,0.1473396513797316,0.01116325052058633,0.011691458968109383,0.0,4.778155346870493e-06,0.47959618030558815,0.0,0.3905896510171748,0.475,0.0,0.38999999999999996,-0.5551379261209044,129.8845032580977,0.030587868941356497,True,True,False
8.875,0.004689218778232328,0.14836235187050445,0.011016949323405481,0.011691458968109383,0.0,4.778155346870493e-06,0.47965148381441125,0.0,0.39059369274409966,0.475,0.0,0.38999999999999996,-0.45486405281123665,129.88450186583094,0.030383349210913325,True,True,False
8.88,0.004743870794247509,0.1493741169861914,0.01087505436929059,0.011691458968109383,0.0,4.778155346870493e-06,0.4797060679559368,0.0,0.3905976909792018,0.475,0.0,0.38999999999999996,-0.5124252266158136,129.8845004867637,0.030219118988275263,True,True,False
8.885,0.004797806068850115,0.15037166577071567,0.01072920170020651,0.011691458968109383,0.0,4.778155346870493e-06,0.47975993498890046,0.0,0.39060163275819715,0.475,0.0,0.38999999999999996,-0.48985425361287716,129.88449912106205,0.030027919042571717,True,True,False
8.89,0.004851015369903326,0.15135597970877898,0.010583599475208086,0.011691458968109383,0.0,4.778155346870493e-06,0.47981307524581274,0.0,0.3906055219213065,0.475,0.0,0.38999999999999996,-0.5368574541487349,129.88449777039338,0.029844549695660777,True,True,False
8.895,0.0049034905248350365,0.15232765822528907,0.010434428183239027,0.011691458968109383,0.0,4.778155346870493e-06,0.47986548031937226,0.0,0.39060936080358677,0.475,0.0,0.38999999999999996,-0.381354421185897,129.88449643619003,0.029637341012290673,True,True,False
8.9,0.004955238259893238,0.15328062657101743,0.010292162533259265,0.01193035594750844,0.0,6.604132874231942e-06,0.4799171600972394,0.0,0.3906131254279723,0.475,0.0,0.38999999999999996,-0.3549914715088779,129.8845200129517,0.029872481049126282,True,True,False
8.905,0.005006275322257838,0.15420602331826516,0.010150420531817913,0.01193035594750844,0.0,6.604132874231942e-06,0.4799681358663384,0.0,0.3906167808491267,0.475,0.0,0.38999999999999996,-0.3666828040157042,129.8845186742441,0.029735389056380575,True,True,False
8.91,0.005056600533168485,0.15510378135148908,0.01000770130114773,0.01193035594750844,0.0,6.604132874231942e-06,0.4800184064827233,0.0,0.3906203267898456,0.475,0.0,0.38999999999999996,-0.21866651214365718,129.88451734928188,0.029601118597629567,True,True,False
8.915000000000001,0.005106221124789695,0.15596998513471438,0.009869274143750705,0.01193035594750844,0.0,6.604132874231942e-06,0.4800679811455428,0.0,0.39062374777247794,0.475,0.0,0.38999999999999996,-0.29699571636307287,129.8845160369079,0.029499507520733066,True,True,False
8.92,0.005155141169598934,0.1568029432537026,0.009728321961692158,0.01193035594750844,0.0,6.604132874231942e-06,0.4801168647596869,0.0,0.3906270370878727,0.475,0.0,0.38999999999999996,-0.40561982438086425,129.88451473610633,0.029396808166168534,True,True,False
8.925,0.005203344360590505,0.1576100538983551,0.0095827129023563,0.01193035594750844,0.0,6.604132874231942e-06,0.48016503730945603,0.0,0.3906302238703952,0.475,0.0,0.38999999999999996,-0.4324720564651641,129.884513448471,0.029270302888582567,True,True,False
8.93,0.005250815550289259,0.1583969830959863,0.009435228190777674,0.01193035594750844,0.0,6.604132874231942e-06,0.4802124808403925,0.0,0.3906333304285289,0.475,0.0,0.38999999999999996,-0.4004087218981064,129.88451217623276,0.02913095887784614,True,True,False
8.935,0.005297551934468998,0.1591632864293464,0.009288585270081464,0.01193035594750844,0.0,6.604132874231942e-06,0.48025919279334817,0.0,0.39063635498017274,0.475,0.0,0.38999999999999996,-0.40477154247447533,129.88451091998942,0.029001668416482104,True,True,False
8.94,0.005343553379837689,0.15990758096922106,0.009141183746429738,0.01193035594750844,0.0,6.604132874231942e-06,0.4803051737395243,0.0,0.39063929204330744,0.475,0.0,0.38999999999999996,-0.396119847444028,129.8845096797446,0.028870068373111176,True,True,False
8.945,0.005388817455257985,0.16062960834453913,0.00899362045666859,0.01193035594750844,0.0,6.604132874231942e-06,0.48035042139025164,0.0,0.3906421405709271,0.475,0.0,0.38999999999999996,-0.32800227089705447,129.884508455873,0.028741052755786832,True,True,False
8.950000000000001,0.005433348596919048,0.16132627631214366,0.008848333221224724,0.010159842975597974,0.0,7.450232376290985e-06,0.48039494170516706,0.0,0.3906448883418787,0.475,0.0,0.38999999999999996,-0.31565867909578443,129.88451534055633,0.02584449324301667,True,True,False
8.955,0.005477151820101533,0.16199464568140615,0.00870306471329312,0.010159842975597974,0.0,7.450232376290985e-06,0.4804387411302,0.0,0.3906475237286091,0.475,0.0,0.38999999999999996,-0.14948260144155984,129.88451434091954,0.025829532707775237,True,True,False
8.96,0.0055202361166510954,0.16263027280724468,0.00856189907791507,0.010159842975597974,0.0,7.450232376290985e-06,0.48048183079442863,0.0,0.3906500291722937,0.475,0.0,0.38999999999999996,-0.33198155887439595,129.8845133429725,0.025849244240578974,True,True,False
8.965,0.005562599230072438,0.16323452102931563,0.008415558032225497,0.010159842975597974,0.0,7.450232376290985e-06,0.480524207758589,0.0,0.3906524100201156,0.475,0.0,0.38999999999999996,-0.2855251373801328,129.88451234708435,0.02582761484095726,True,True,False
8.97,0.005604232088907592,0.16381104472061062,0.00827050096363034,0.010159842975597974,0.0,7.450232376290985e-06,0.4805658611681547,0.0,0.39065468065739634,0.475,0.0,0.38999999999999996,-0.18823003539091787,129.8845113549194,0.025814765673171765,True,True,False
8.975,0.005645142788619233,0.16435604861572428,0.008127856333894576,0.010159842975597974,0.0,7.450232376290985e-06,0.4806068009225849,0.0,0.39065682609448815,0.475,0.0,0.38999999999999996,-0.3684693974689079,129.8845103654496,0.02582110679190943,True,True,False
8.98,0.005685323592009356,0.16487313590455105,0.00797929725937792,0.010159842975597974,0.0,7.450232376290985e-06,0.4806470175461241,0.0,0.3906588605160612,0.475,0.0,0.38999999999999996,-0.4838666981272264,129.88450938009123,0.025778053087300766,True,True,False
8.985,0.005724747520803444,0.16537318605488327,0.007824715299478526,0.010159842975597974,0.0,7.450232376290985e-06,0.4806864788849533,0.0,0.3906608268063003,0.475,0.0,0.38999999999999996,-0.5564924817293351,129.88450840368,0.0256801733365567,True,True,False
8.99,0.005763389444549871,0.16586471851395915,0.007665206826629009,0.010159842975597974,0.0,7.450232376290985e-06,0.48072515580508546,0.0,0.39066275855109145,0.475,0.0,0.38999999999999996,-0.4328742204484432,129.88450744111688,0.025533675310254654,True,True,False
8.995000000000001,0.005801251214674912,0.1663436281153685,0.007511919934854015,0.010159842975597974,0.0,7.450232376290985e-06,0.48076305213549875,0.0,0.39066463955591746,0.475,0.0,0.38999999999999996,-0.5883081834761328,129.88450649299793,0.025431296549337404,True,True,False
9.0,0.005838325311458896,0.16681098332955716,0.007349181288073341,0.008135853903223873,0.0,7.617538476780436e-06,0.48080015989568115,0.0,0.39066647402571547,0.475,0.0,0.38999999999999996,-0.5199784203832041,129.8845063616069,0.022057306934439184,True,True,False
9.005,0.005874597280309195,0.16726968822488886,0.007189913841292514,0.008135853903223873,0.0,7.617538476780436e-06,0.48083646330239327,0.0,0.3906682733913845,0.475,0.0,0.38999999999999996,-0.6250214877664194,129.88450563635345,0.02199311322419937,True,True,False
9.01,0.005910057699095113,0.16772053769870954,0.007023264262661163,0.008135853903223873,0.0,7.617538476780436e-06,0.48087195260329163,0.0,0.3906700407684087,0.475,0.0,0.38999999999999996,-0.6753780068564198,129.88450491979697,0.02185915564829749,True,True,False
9.015,0.005944678883694643,0.16817161652851462,0.006852123318651248,0.008135853903223873,0.0,7.617538476780436e-06,0.4809065963956831,0.0,0.3906718080445692,0.475,0.0,0.38999999999999996,-0.688225051285663,129.88450421658558,0.021676678726095862,True,True,False
9.02,0.005978445294961186,0.16862487695403378,0.006679127103595634,0.008135853903223873,0.0,7.617538476780436e-06,0.480940378286298,0.0,0.390673582927725,0.475,0.0,0.38999999999999996,-0.7296428741918163,129.88450352981076,0.021468192831493697,True,True,False
9.025,0.006011342199767135,0.16908183838932153,0.006501989686701495,0.008135853903223873,0.0,7.617538476780436e-06,0.48097328289027763,0.0,0.3906753714203439,0.475,0.0,0.38999999999999996,-0.7395581326963484,129.88450286235255,0.02121663670566918,True,True,False
9.03,0.006043355016793921,0.16954369512573772,0.006323135785957713,0.008135853903223873,0.0,7.617538476780436e-06,0.48100529512047707,0.0,0.39067717824461673,0.475,0.0,0.38999999999999996,-0.7963601911569707,129.8845022170116,0.020943018085843524,True,True,False
9.035,0.006074465584870322,0.170013168026513,0.00613855156095666,0.008135853903223873,0.0,7.617538476780436e-06,0.4810363956077824,0.0,0.3906790141442703,0.475,0.0,0.38999999999999996,-0.7997042631846095,129.8845015969677,0.020615308806765008,True,True,False
9.040000000000001,0.006104656432802224,0.1704921609759653,0.005952689581121083,0.008135853903223873,0.0,7.617538476780436e-06,0.4810665660418872,0.0,0.3906808866439977,0.475,0.0,0.38999999999999996,-0.8182680474166358,129.8845010052904,0.020271080365931442,True,True,False
9.045,0.006133917635900198,0.17097973957391985,0.005764352577732342,0.008135853903223873,0.0,7.617538476780436e-06,0.4810957969571607,0.0,0.39068279207748585,0.475,0.0,0.38999999999999996,-0.7283833759325887,129.88450044304452,0.019925101271309732,True,True,False
9.05,0.006162257517522804,0.17146724634116853,0.005582622126408103,0.010675857912679769,0.0,7.752884693241974e-06,0.48112410064211386,0.0,0.3906846963104374,0.475,0.0,0.38999999999999996,-0.8083957172497795,129.88450140725914,0.023611789078376102,True,True,False
9.055,0.006189674398608532,0.17195203511497686,0.005393795858003809,0.010675857912679769,0.0,7.752884693241974e-06,0.48115147663534813,0.0,0.39068658893492075,0.475,0.0,0.38999999999999996,-0.730237551329389,129.88450075335902,0.023136277573368415,True,True,False
9.06,0.006216164336430926,0.1724326703300815,0.005210705733233127,0.010675857912679769,0.0,7.752884693241974e-06,0.48117792165245077,0.0,0.3906884643154844,0.475,0.0,0.38999999999999996,-0.7822581471188907,129.88450015089194,0.022699232521870786,True,True,False
9.065,0.006241729482924776,0.17290562250795682,0.005022942682064973,0.010675857912679769,0.0,7.752884693241974e-06,0.48120343945525923,0.0,0.3906903085273594,0.475,0.0,0.38999999999999996,-0.6472997487850582,129.88449959860532,0.022246303826127842,True,True,False
9.07,0.006266381402353784,0.17336361421232158,0.0048450772374623845,0.010675857912679769,0.0,7.752884693241974e-06,0.4812280449059654,0.0,0.39069209286157547,0.475,0.0,0.38999999999999996,-0.7735118256209391,129.88449909295102,0.021880575099101313,True,True,False
9.075000000000001,0.006290120464772533,0.173805714503213,0.004657360178951411,0.010675857912679769,0.0,7.752884693241974e-06,0.4812517388064116,0.0,0.39069381363330313,0.475,0.0,0.38999999999999996,-0.7983180754548654,129.88449863256213,0.02144753766469265,True,True,False
9.08,0.006312917212114119,0.17424317091830469,0.0044670962077909705,0.010675857912679769,0.0,7.752884693241974e-06,0.4812744866186038,0.0,0.3906955152046997,0.475,0.0,0.38999999999999996,-0.7720860667514462,129.8844982207115,0.021019328380133328,True,True,False
9.085,0.006334768950501193,0.17467467003851275,0.004278448573350644,0.010675857912679769,0.0,7.752884693241974e-06,0.48129628624059884,0.0,0.3906971923928726,0.475,0.0,0.38999999999999996,-0.8374959330303997,129.8844978563298,0.020603401626071518,True,True,False
9.09,0.0063556652672506556,0.17510288014433648,0.0040838953927691095,0.010675857912679769,0.0,7.752884693241974e-06,0.4813171260606557,0.0,0.3906988557241096,0.475,0.0,0.38999999999999996,-0.9027050278299183,129.8844975385741,0.020186946332427402,True,True,False
9.095,0.006375576378017184,0.1755391468631589,0.0038829311096920823,0.010675857912679769,0.0,7.752884693241974e-06,0.48133697119296137,0.0,0.3907005499636058,0.475,0.0,0.38999999999999996,-0.9425089171690711,129.88449726736002,0.01976786103142735,True,True,False
9.1,0.006394475193470593,0.17599246031652202,0.003677564877948689,0.013565684876010113,0.0,7.673403158866421e-06,0.4813557904968494,0.0,0.3907023105866134,0.475,0.0,0.38999999999999996,-0.9651317390199768,129.88449449953353,0.023903913868348566,True,True,False
9.105,0.006412342963112672,0.1764681564095015,0.0034697435671554025,0.013565684876010113,0.0,7.673403158866421e-06,0.48137356280740695,0.0,0.3907041586586978,0.475,0.0,0.38999999999999996,-0.9208379209037475,129.88449428487246,0.023322553808748623,True,True,False
9.11,0.0064291809636676045,0.1769639495012472,0.003265551742514597,0.013565684876010113,0.0,7.673403158866421e-06,0.48139029041847003,0.0,0.3907060851444377,0.475,0.0,0.38999999999999996,-0.8973066317964766,129.8844941481282,0.022758190659076534,True,True,False
9.115,0.006445000765807605,0.1774716733029746,0.003063088826501337,0.013565684876010113,0.0,7.673403158866421e-06,0.48140598852760175,0.0,0.39070805780519324,0.475,0.0,0.38999999999999996,-0.864089777447022,129.88449408647688,0.02220824186209302,True,True,False
9.120000000000001,0.006459811180613951,0.17798414575097887,0.002862867421347593,0.013565684876010113,0.0,7.673403158866421e-06,0.48142066911651304,0.0,0.3907100482979631,0.475,0.0,0.38999999999999996,-0.8397958957496138,129.88449409711373,0.02167457281786703,True,True,False
9.125,0.006473620843450173,0.17849355792912874,0.0026640610663096276,0.013565684876010113,0.0,7.673403158866421e-06,0.48143434425983855,0.0,0.3907120258216068,0.475,0.0,0.38999999999999996,-0.7542249493630104,129.88449417714332,0.02115618554344063,True,True,False
9.13,0.0064864467892505545,0.17898566135909627,0.0024701430667740903,0.013565684876010113,0.0,7.673403158866421e-06,0.4814470372970559,0.0,0.39071393419875267,0.475,0.0,0.38999999999999996,-0.810924681123274,129.88449432315744,0.020661754320073205,True,True,False
9.135,0.006498292109585484,0.17945520034100876,0.0022724622830373057,0.013565684876010113,0.0,7.673403158866421e-06,0.4814587536249256,0.0,0.3907157527184799,0.475,0.0,0.38999999999999996,-0.7587504039265658,129.8844945323719,0.020172384378636162,True,True,False
9.14,0.006509154119444223,0.17990118379322106,0.002077465643272543,0.013565684876010113,0.0,7.673403158866421e-06,0.48146949097067476,0.0,0.39071747747771973,0.475,0.0,0.38999999999999996,-0.8097985332567952,129.88449480237603,0.019702003494072307,True,True,False
9.145,0.006519031179480039,0.1803218226245561,0.0018791872302018147,0.013565684876010113,0.0,7.673403158866421e-06,0.4814792484633319,0.0,0.3907191014319578,0.475,0.0,0.38999999999999996,-0.8406275882309557,129.88449513069617,0.019236798341104783,True,True,False
9.15,0.006527907478812854,0.18072561224412648,0.0016789446920427622,0.016170137368441646,0.0,7.317113605011321e-06,0.48148800647243345,0.0,0.3907206580781495,0.475,0.0,0.38999999999999996,-0.9321065710892545,129.88448964504326,0.022883954507441486,True,True,False
9.155,0.00653575847240404,0.181127619091108,0.0014737426106420483,0.016170137368441646,0.0,7.317113605011321e-06,0.48149573368501764,0.0,0.3907222068283588,0.475,0.0,0.38999999999999996,-0.8603554929904507,129.8844901797646,0.022274327346781475,True,True,False
9.16,0.006542578915911746,0.18153010915600232,0.0012733693667079618,0.016170137368441646,0.0,7.317113605011321e-06,0.4815024237971667,0.0,0.39072375661169556,0.475,0.0,0.38999999999999996,-0.9570203920783741,129.8844908008086,0.021688960372936085,True,True,False
9.165000000000001,0.006548362126008065,0.1819359641396689,0.0010704698575460586,0.016170137368441646,0.0,7.317113605011321e-06,0.4815080687763581,0.0,0.39072531878200506,0.475,0.0,0.38999999999999996,-0.9582796677771762,129.8844915049512,0.021102131401628758,True,True,False
9.17,0.006553087348414942,0.18235831146177395,0.0008727885114612589,0.016170137368441646,0.0,7.317113605011321e-06,0.4815126419095395,0.0,0.39072694508325256,0.475,0.0,0.38999999999999996,-0.9752576695600627,129.8844922899827,0.020527384934919117,True,True,False
9.175,0.00655674910844678,0.18279965134764128,0.0006855804675588382,0.016170137368441646,0.0,7.317113605011321e-06,0.48151613649462843,0.0,0.39072864535577245,0.475,0.0,0.38999999999999996,-1.0693939391314597,129.88449315279462,0.01996206399015637,True,True,False
9.18,0.006559321511065361,0.183276592508101,0.0005305800201349244,0.016170137368441646,0.0,7.317113605011321e-06,0.48151851902163834,0.0,0.39073048507860436,0.475,0.0,0.38999999999999996,-1.135361379106996,129.88449409157255,0.01939184798261022,True,True,False
9.185,0.006560766486200673,0.18381164217824314,0.0004572658272835193,0.016170137368441646,0.0,7.317113605011321e-06,0.4815197410153007,0.0,0.39073255305600296,0.475,0.0,0.38999999999999996,-1.1827069560546832,129.88449510526675,0.01882130920883413,True,True,False
9.19,0.006561054689167524,0.1844186804792153,0.0005140246454578993,0.016170137368441646,0.0,7.317113605011321e-06,0.48151976644825767,0.0,0.39073490413961304,0.475,0.0,0.38999999999999996,-1.0460941822014056,129.8844961922165,0.018253002634251746,True,True,False
9.195,0.006560204769600422,0.18508404668748663,0.0006320675175067528,0.016170137368441646,0.0,7.317113605011321e-06,0.48151861974164106,0.0,0.3907374844289713,0.475,0.0,0.38999999999999996,-0.9665409842981627,129.8844973481255,0.017718990153805368,True,True,False
9.200000000000001,0.006558263905140084,0.18577758004969241,0.0007818308343764126,0.021658529157832875,0.0,7.2021737396955665e-06,0.48151636145749854,0.0,0.39074017484737755,0.475,0.0,0.38999999999999996,-0.8689780439632875,129.88449761966135,0.025861149719905493,True,True,False
9.205,0.006555265546946251,0.18647672541117014,0.0009400570058968024,0.021658529157832875,0.0,7.2021737396955665e-06,0.48151303510131394,0.0,0.3907428863708756,0.475,0.0,0.38999999999999996,-0.8643043345349709,129.8844993640777,0.025066947910777404,True,True,False
9.21,0.006551226699907718,0.1871667710839271,0.001112616205212419,0.021658529157832875,0.0,7.2021737396955665e-06,0.48150866423310895,0.0,0.39074556097955276,0.475,0.0,0.38999999999999996,-0.8384637282169054,129.88450124344055,0.024294945539282478,True,True,False
9.215,0.006546149848945279,0.18783801511721293,0.0012898265332109099,0.021658529157832875,0.0,7.2021737396955665e-06,0.48150325562476864,0.0,0.3907481604933174,0.475,0.0,0.38999999999999996,-0.8221157393184082,129.88450325011684,0.023548324692057233,True,True,False
9.22,0.006540039556214103,0.18847939606883773,0.0014710618604095948,0.021658529157832875,0.0,7.2021737396955665e-06,0.481496818831991,0.0,0.3907506413665204,0.475,0.0,0.38999999999999996,-0.6995902584895755,129.88450537639235,0.02282543125871248,True,True,False
9.225,0.00653291552885844,0.1890695598242772,0.0016411839006158706,0.021658529157832875,0.0,7.2021737396955665e-06,0.48148938345504544,0.0,0.3907529194383079,0.475,0.0,0.38999999999999996,-0.7467887520932274,129.88450761321477,0.022147278265682864,True,True,False
9.23,0.006524787519531166,0.18959384401624788,0.001822240154793003,0.021658529157832875,0.0,7.2021737396955665e-06,0.48148096615894115,0.0,0.39075493696537456,0.475,0.0,0.38999999999999996,-0.7734776140476489,129.88450994950756,0.021506742230232155,True,True,False
9.235,0.006515641617123561,0.19005525194644377,0.002010280421558014,0.021658529157832875,0.0,7.2021737396955665e-06,0.48147155173645806,0.0,0.3907567058907785,0.475,0.0,0.38999999999999996,-0.6939319282491013,129.88451237458386,0.0209061969629367,True,True,False
9.24,0.006505483726083761,0.19044381830375728,0.002192972117092031,0.021658529157832875,0.0,7.2021737396955665e-06,0.48146115090362934,0.0,0.39075818698938325,0.475,0.0,0.38999999999999996,-0.5478066946649405,129.88451487283857,0.020402259633295804,True,True,False
9.245000000000001,0.006494343369796751,0.19073299602037075,0.0023670793497697503,0.021658529157832875,0.0,7.2021737396955665e-06,0.4814498059125718,0.0,0.3907592756383399,0.475,0.0,0.38999999999999996,-0.5249883958790514,129.8845174207651,0.020020581804054464,True,True,False
9.25,0.006482244808210959,0.19090856912522883,0.0025434974622620633,0.01762311172141015,0.0,5.6144819583505626e-06,0.4814375481187919,0.0,0.3907599157662638,0.475,0.0,0.38999999999999996,-0.4604670757681146,129.8844942935908,0.013338207059642483,True,True,False
9.255,0.006469211351881554,0.19097936154568254,0.002718065613950493,0.01762311172141015,0.0,5.6144819583505626e-06,0.4814243972335281,0.0,0.3907601418954047,0.475,0.0,0.38999999999999996,-0.40848707394357914,129.8844963677288,0.013287415702019195,True,True,False
9.26,0.006455269201336501,0.19095216452004615,0.002890709406301872,0.01762311172141015,0.0,5.6144819583505626e-06,0.4814103767455815,0.0,0.3907599805533242,0.475,0.0,0.38999999999999996,-0.3545078301851579,129.88449841139123,0.013291170631113102,True,True,False
9.265,0.006440440947879973,0.19083253354789567,0.003060987220821343,0.01762311172141015,0.0,5.6144819583505626e-06,0.4813955070132143,0.0,0.390759453518693,0.475,0.0,0.38999999999999996,-0.34940750620558336,129.88450041699136,0.013344297226421581,True,True,False
9.27,0.006424743225745723,0.19062646838607925,0.0032305422568337156,0.01762311172141015,0.0,5.6144819583505626e-06,0.4813798021337944,0.0,0.39075858437262956,0.475,0.0,0.38999999999999996,-0.4490733078522343,129.8845023792222,0.013425477367321127,True,True,False
9.275,0.0064081768766049724,0.190344928551347,0.0034035047667111086,0.01762311172141015,0.0,5.6144819583505626e-06,0.4813632579231705,0.0,0.39075741632215216,0.475,0.0,0.38999999999999996,-0.4283695244055632,129.88450429802882,0.013489846916575754,True,True,False
9.28,0.0063907429039306626,0.18999642323040963,0.0035745342898224463,0.01762311172141015,0.0,5.6144819583505626e-06,0.4813458714674565,0.0,0.3907559829248477,0.475,0.0,0.38999999999999996,-0.4322411312388569,129.88450617416794,0.013574191941667636,True,True,False
9.285,0.006372450883749324,0.1895844250527351,0.003744665273892703,0.01762311172141015,0.0,5.6144819583505626e-06,0.4813276508277389,0.0,0.3907542978642504,0.475,0.0,0.38999999999999996,-0.43057222411239,129.88450800637986,0.013666204789559747,True,True,False
9.290000000000001,0.006353307915585418,0.18911267948380742,0.00391361015931641,0.01762311172141015,0.0,5.6144819583505626e-06,0.48130860142595927,0.0,0.39075237591576595,0.475,0.0,0.38999999999999996,-0.42112195237960376,129.88450979448876,0.013764904211429414,True,True,False
9.295,0.006333322135558446,0.18858382104458063,0.004081008537670052,0.01762311172141015,0.0,5.6144819583505626e-06,0.4812887302378417,0.0,0.3907502274777758,0.475,0.0,0.38999999999999996,-0.41778524150958196,129.88451153836033,0.013870887991541472,True,True,False
9.3,0.006312501653397177,0.18800006755701545,0.004247097587440253,0.0078085876311801,0.0,2.714538824160833e-06,0.48126804439864257,0.0,0.3907478613111983,0.475,0.0,0.38999999999999996,-0.2916048850938128,129.88445206653873,0.0014917725451402183,True,True,False
9.305,0.006290863263314017,0.187358314242296,0.0044080975814345365,0.0078085876311801,0.0,2.714538824160833e-06,0.48124656230737795,0.0,0.3907452650117634,0.475,0.0,0.38999999999999996,-0.41265500144697803,129.88445268368932,0.0008736871892009099,True,True,False
9.31,0.006268413031525625,0.18665968033123062,0.004572074810494096,0.0078085876311801,0.0,2.714538824160833e-06,0.481224289559143,0.0,0.3907424428717037,0.475,0.0,0.38999999999999996,-0.25851780932891355,129.88445325350816,0.00032083682488558314,True,True,False
9.315,0.00624515917978804,0.18590449203806408,0.00473001599450806,0.0078085876311801,0.0,2.714538824160833e-06,0.48120123426580874,0.0,0.39073939621411663,0.475,0.0,0.38999999999999996,-0.293088124061996,129.88445377917347,0.00025180094858087525,True,True,False
9.32,0.006221118795266237,0.1850898923100653,0.004887545177611309,0.0078085876311801,0.0,2.714538824160833e-06,0.48117741495671634,0.0,0.39073611379375184,0.475,0.0,0.38999999999999996,-0.26696766022947027,129.88445426260913,0.0007936070380096319,True,True,False
9.325000000000001,0.006196298469283096,0.18421787306271617,0.005043065594117284,0.0078085876311801,0.0,2.714538824160833e-06,0.4811528372969345,0.0,0.3907326035202562,0.475,0.0,0.38999999999999996,-0.29115651894861017,129.88445470665758,0.0013191749512713883,True,True,False
9.33,0.006170705595905265,0.1832901096099122,0.005197824430496613,0.0078085876311801,0.0,2.714538824160833e-06,0.4811275079010498,0.0,0.3907288720559251,0.475,0.0,0.38999999999999996,-0.18311008180456845,129.88445511391393,0.0018160559115503357,True,True,False
9.335,0.00614435203150117,0.18230626049576407,0.005348823133701563,0.0078085876311801,0.0,2.714538824160833e-06,0.4811014388166187,0.0,0.3907249181016299,0.475,0.0,0.38999999999999996,-0.15976555181212473,129.88445548639342,0.00231396670096217,True,True,False
9.34,0.0061172527641778175,0.18126509132887247,0.005497911366334133,0.0078085876311801,0.0,2.714538824160833e-06,0.4810746456519517,0.0,0.39072073683412556,0.475,0.0,0.38999999999999996,-0.0661951217501612,129.8844558256301,0.002795338956509447,True,True,False
9.345,0.006089418158793083,0.18016649597874282,0.005645134106766244,0.0078085876311801,0.0,2.714538824160833e-06,0.4810471388164037,0.0,0.39071632789124966,0.475,0.0,0.38999999999999996,-0.10892596278978725,129.88445613347048,0.003262393670764742,True,True,False
9.35,0.006060854703448529,0.1790100685361318,0.005791751142866354,-0.002107750095438154,0.0,-1.3217716340395048e-08,0.4810189249417226,0.0,0.3907116897373318,0.475,0.0,0.38999999999999996,-0.09641721701957834,129.8843898699205,0.011929711901352927,True,True,False
9.355,0.0060315669808807685,0.17779646641168215,0.005937277295552197,-0.002107750095438154,0.0,-1.3217716340395048e-08,0.4809900082502156,0.0,0.39070682487732106,0.475,0.0,0.38999999999999996,-0.15398568818692532,129.8843896796642,0.01103541433655766,True,True,False
9.36,0.006001559754385459,0.17652770029524814,0.006082078010088285,-0.002107750095438154,0.0,-1.3217716340395048e-08,0.4809603925085153,0.0,0.3907017411416567,0.475,0.0,0.38999999999999996,-0.14195843481984666,129.88438952665211,0.010191518315235886,True,True,False
9.365,0.005970838303860681,0.17520596682720024,0.006225488702852226,-0.002107750095438154,0.0,-1.3217716340395048e-08,0.48093008189400344,0.0,0.3906964472566262,0.475,0.0,0.38999999999999996,-0.13814910834721864,129.88438940925712,0.00938578501248331,True,True,False
9.370000000000001,0.005939409587303653,0.17383236406147975,0.006367571201321469,-0.002107750095438154,0.0,-1.3217716340395048e-08,0.48089908277869725,0.0,0.3906909476216268,0.475,0.0,0.38999999999999996,-0.27475776907996374,129.88438932600832,0.008615220701144797,True,True,False
9.375,0.005907274522769242,0.17241153228270661,0.006510292021577509,-0.002107750095438154,0.0,-1.3217716340395048e-08,0.4808673938134504,0.0,0.39068526062577846,0.475,0.0,0.38999999999999996,-0.3835691085844139,129.88438927490233,0.00790179127652108,True,True,False
9.38,0.005874426328339903,0.17095230582722099,0.006654354730449121,-0.002107750095438154,0.0,-1.3217716340395048e-08,0.48083500398469337,0.0,0.39067942121375865,0.475,0.0,0.38999999999999996,-0.42493378696375217,129.8843892531761,0.007253595569718853,True,True,False
9.385,0.00584085924554608,0.16946093428013204,0.006798632081099735,-0.002107750095438154,0.0,-1.3217716340395048e-08,0.4808019045361212,0.0,0.3906734541409903,0.475,0.0,0.38999999999999996,-0.19640529161161854,129.88438925836383,0.006640458509540321,True,True,False
9.39,0.005806591651229911,0.16793168755786242,0.0069360513420395065,-0.002107750095438154,0.0,-1.3217716340395048e-08,0.48076811651243834,0.0,0.39066733687375177,0.475,0.0,0.38999999999999996,-0.1485188670266007,129.88438928995043,0.006004968832064515,True,True,False
9.395,0.005771648220454747,0.16635657128349116,0.007071473985972648,-0.002107750095438154,0.0,-1.3217716340395048e-08,0.4807336682863411,0.0,0.390661037943604,0.475,0.0,0.38999999999999996,-0.1570715747717603,129.88438934778338,0.005381043030899953,True,True,False
9.4,0.005736037509159578,0.16473538303371502,0.007205595069057043,-0.01024688483672957,0.0,-1.657860702697525e-06,0.4806985684071639,0.0,0.3906545566555759,0.475,0.0,0.38999999999999996,-0.03650115445857946,129.8843418732681,0.0176045912357191,True,True,False
9.405,0.005699768735053368,0.1630673295070719,0.007337557818005396,-0.01024688483672957,0.0,-1.657860702697525e-06,0.48066282635661095,0.0,0.39064788987333027,0.475,0.0,0.38999999999999996,-0.07726578002474727,129.8843422021994,0.016576654475948173,True,True,False
9.41,0.005662851289751874,0.161351884279228,0.007468136050670705,-0.01024688483672957,0.0,-1.657860702697525e-06,0.4806264516524946,0.0,0.3906410355153848,0.475,0.0,0.38999999999999996,-0.1492866690347687,129.88434264726527,0.015579094470581107,True,True,False
9.415000000000001,0.005625291035936575,0.15959118968857947,0.007597641927244448,-0.01024688483672957,0.0,-1.657860702697525e-06,0.48058944903556017,0.0,0.3906340021434219,0.475,0.0,0.38999999999999996,-0.21001504146448352,129.88434320281988,0.014611232222351639,True,True,False
9.42,0.005587092344801448,0.15778863132792723,0.007726191110705341,-0.01024688483672957,0.0,-1.657860702697525e-06,0.48055182119567363,0.0,0.390626803223195,0.475,0.0,0.38999999999999996,-0.09351651456982532,129.88434386359535,0.01366836765179448,True,True,False
9.425,0.005548265101613714,0.15594461852064592,0.007851829182958726,-0.01024688483672957,0.0,-1.657860702697525e-06,0.48051357770790215,0.0,0.390619440470674,0.475,0.0,0.38999999999999996,-0.1256103457289697,129.88434462461623,0.012748043204114108,True,True,False
9.43,0.005508821025696234,0.15405881616051303,0.007975880586286942,-0.01024688483672957,0.0,-1.657860702697525e-06,0.4804747303117196,0.0,0.39061191266296025,0.475,0.0,0.38999999999999996,-0.0591136146588493,129.88434548093983,0.011851311805377478,True,True,False
9.435,0.005468769705632896,0.15213243244413024,0.008097675264093588,-0.01024688483672957,0.0,-1.657860702697525e-06,0.48043528790851364,0.0,0.3906042246641881,0.475,0.0,0.38999999999999996,0.0713239884749006,129.88434642758114,0.010977155521157658,True,True,False
9.44,0.005428122647231349,0.15016584839332767,0.008217230761731595,-0.01024688483672957,0.0,-1.657860702697525e-06,0.4803952616867282,0.0,0.3905963780722901,0.475,0.0,0.38999999999999996,0.1407060389519913,129.88434745960336,0.010125408644322346,True,True,False
9.445,0.005386892102497897,0.14815937849290595,0.008334248651405866,-0.01024688483672957,0.0,-1.657860702697525e-06,0.4803546636028086,0.0,0.39058837422165726,0.475,0.0,0.38999999999999996,0.18637259857107782,129.88434857209688,0.00929560902215115,True,True,False
9.450000000000001,0.005345091311941636,0.14611305518095488,0.00844868176771524,-0.016616401629496205,0.0,-1.9546274382337113e-06,0.4803135067160698,0.0,0.39058021333255505,0.475,0.0,0.38999999999999996,0.2096715416142926,129.88432971939758,0.01852841700906394,True,True,False
9.455,0.005302733096059978,0.14402738119138278,0.008560688825816341,-0.016616401629496205,0.0,-1.9546274382337113e-06,0.4802718034517638,0.0,0.3905718974156446,0.475,0.0,0.38999999999999996,0.20725770882038433,129.8843316734487,0.017379969151714632,True,True,False
9.46,0.005259828685162169,0.1419039343002823,0.008670588188179833,-0.016616401629496205,0.0,-1.9546274382337113e-06,0.480229564166254,0.0,0.3905634327185091,0.475,0.0,0.38999999999999996,0.19643475668490396,129.88433379417293,0.01626293555428133,True,True,False
9.465,0.005216387963652904,0.13974519368078817,0.00877845442862037,-0.016616401629496205,0.0,-1.9546274382337113e-06,0.4801867974759685,0.0,0.390554829100381,0.475,0.0,0.38999999999999996,0.14088680008093002,129.8843360717823,0.015177276118382882,True,True,False
9.47,0.0051724189496073405,0.13755479938378812,0.008884766082251708,-0.016616401629496205,0.0,-1.9546274382337113e-06,0.48014350964813524,0.0,0.39054610098864273,0.475,0.0,0.38999999999999996,0.14087612354728354,129.88433849649715,0.014123381064451277,True,True,False
9.475,0.005127930271050013,0.13533615373802113,0.008988819890428459,-0.016616401629496205,0.0,-1.9546274382337113e-06,0.4800997076927729,0.0,0.3905372618663407,0.475,0.0,0.38999999999999996,0.05000765889136022,129.88434105862618,0.013100531429782578,True,True,False
9.48,0.005082930745528824,0.13309262172349207,0.009091237992704958,-0.016616401629496205,0.0,-1.9546274382337113e-06,0.48005539885595117,0.0,0.39052832506195484,0.475,0.0,0.38999999999999996,0.1484020345192778,129.8843437485817,0.012109229873103637,True,True,False
9.485,0.00503743159784163,0.13082636762857658,0.00919061578606753,-0.016616401629496205,0.0,-1.9546274382337113e-06,0.4800105933257568,0.0,0.39051929916889444,0.475,0.0,0.38999999999999996,0.13448970321676665,129.88434655694715,0.011148125122496334,True,True,False
9.49,0.0049914457825620965,0.12853876645405934,0.009287795521672962,-0.016616401629496205,0.0,-1.9546274382337113e-06,0.4799653033645663,0.0,0.3905101896687346,0.475,0.0,0.38999999999999996,0.14643740425067794,129.88434947448906,0.01021783985580699,True,True,False
9.495000000000001,0.004944984429211127,0.12623227022727024,0.009382488275071942,-0.016616401629496205,0.0,-1.9546274382337113e-06,0.4799195389734723,0.0,0.390501006281026,0.475,0.0,0.38999999999999996,0.12359580576138451,129.88435249208834,0.009318006923570491,True,True,False
9.5,0.004898058442851916,0.12390944882041713,0.009475053962575544,-0.019664569027652703,0.0,-1.1268176120533952e-06,0.47987330990329,0.0,0.39049175918505713,0.475,0.0,0.38999999999999996,0.09129615525470497,129.88436324399638,0.013255235720355557,True,True,False
9.505,0.0048506775038897505,0.12157344907506511,0.009565507263634481,-0.019664569027652703,0.0,-1.1268176120533952e-06,0.47982662447360563,0.0,0.39048246081450516,0.475,0.0,0.38999999999999996,0.1317434051130244,129.88436701161547,0.012246207853670196,True,True,False
9.51,0.004802853254362208,0.11922668625585434,0.00965318050266096,-0.019664569027652703,0.0,-1.1268176120533952e-06,0.47977949329613245,0.0,0.39047312071943885,0.475,0.0,0.38999999999999996,0.14779662413678574,129.88437090226105,0.011271392643622306,True,True,False
9.515,0.004754598932783602,0.11687121673190448,0.009738116226505264,-0.019664569027652703,0.0,-1.1268176120533952e-06,0.47973192874933207,0.0,0.39046374704621306,0.475,0.0,0.38999999999999996,0.32922835665670025,129.8843749047016,0.010330969539322547,True,True,False
9.52,0.004705937195335116,0.11450514114177796,0.009817268235395244,-0.019664569027652703,0.0,-1.1268176120533952e-06,0.47968395420387605,0.0,0.3904543323700004,0.475,0.0,0.38999999999999996,0.37219626809952694,129.8843790083694,0.009419212755333275,True,True,False
9.525,0.0046568936968035815,0.11212500678709832,0.009892693510754804,-0.019664569027652703,0.0,-1.1268176120533952e-06,0.47963559658205684,0.0,0.39044486316070404,0.475,0.0,0.38999999999999996,0.4674657505035454,129.88438320321583,0.00853900724867266,True,True,False
9.53,0.004607493035619482,0.10972734541344863,0.009962766726305358,-0.019664569027652703,0.0,-1.1268176120533952e-06,0.47958688167372393,0.0,0.390435325837204,0.475,0.0,0.38999999999999996,0.3939098763148723,129.88438747959472,0.007685369757028045,True,True,False
9.535,0.0045577492105965435,0.1073143974574567,0.010032412296763696,-0.019664569027652703,0.0,-1.1268176120533952e-06,0.479537822434316,0.0,0.39042572928171765,0.475,0.0,0.38999999999999996,0.27632821236741567,129.88439182763082,0.006868343514989848,True,True,False
9.540000000000001,0.004507658226761502,0.10489864016826095,0.010102199215140006,-0.019664569027652703,0.0,-1.1268176120533952e-06,0.4794884100351461,0.0,0.3904161226329946,0.475,0.0,0.38999999999999996,0.311222492690595,129.8843962366939,0.00608872367299574,True,True,False
9.545,0.0044572253374455546,0.10248705089339852,0.010168748577070808,-0.019664569027652703,0.0,-1.1268176120533952e-06,0.4794386471271755,0.0,0.3904065333801586,0.475,0.0,0.38999999999999996,0.2927637024281025,129.88440069710188,0.005338442412246031,True,True,False
9.55,0.004406463244102871,0.10008199808693738,0.010233218725707227,-0.020123955191269444,0.0,2.734321695092319e-07,0.4793885455953485,0.0,0.3903969708795072,0.475,0.0,0.38999999999999996,0.3400834047234786,129.88442421877753,0.005343358924904434,True,True,False
9.555,0.004355385555457575,0.09768505559683402,0.010294213912924854,-0.020123955191269444,0.0,2.734321695092319e-07,0.47933811854574293,0.0,0.3903874413759132,0.475,0.0,0.38999999999999996,0.26389140630252916,129.88442886907794,0.0046254006553243035,True,True,False
9.56,0.004304001657145326,0.09529976100528202,0.010354547278846394,-0.020123955191269444,0.0,2.734321695092319e-07,0.4792873741830549,0.0,0.3903779588326576,0.475,0.0,0.38999999999999996,0.2002643645743241,129.88443355154337,0.003940575711565492,True,True,False
9.565,0.004252313309819445,0.09293200565816251,0.010413986782854934,-0.020123955191269444,0.0,2.734321695092319e-07,0.47923631231170283,0.0,0.39036854644562446,0.475,0.0,0.38999999999999996,0.04148169847892727,129.88443825745276,0.003287055086223796,True,True,False
9.57,0.004200322369808907,0.09058635052533641,0.010472964089413556,-0.020123955191269444,0.0,2.734321695092319e-07,0.47918493338568724,0.0,0.39035922217035873,0.475,0.0,0.38999999999999996,0.1445080501874012,129.88444297852698,0.002665066734421531,True,True,False
9.575000000000001,0.004148036387128197,0.0882644300164013,0.010529255264260262,-0.020123955191269444,0.0,2.734321695092319e-07,0.47913324462770884,0.0,0.39034999245199764,0.475,0.0,0.38999999999999996,0.2608221019289382,129.8844477071573,0.0020699961807217095,True,True,False
9.58,0.004095473089818537,0.08596262449825788,0.010581821475966062,-0.020123955191269444,0.0,2.734321695092319e-07,0.4790812652228596,0.0,0.3903408430872181,0.475,0.0,0.38999999999999996,0.17756374046126797,129.88445243664452,0.0014991786339146572,True,True,False
9.585,0.004042643437315083,0.08368114023888878,0.010633811568886027,-0.020123955191269444,0.0,2.734321695092319e-07,0.47902900625100303,0.0,0.3903317749096074,0.475,0.0,0.38999999999999996,0.1912203936833404,129.884457160272,0.0009585995200632365,True,True,False
9.59,0.00398955303635833,0.0814253043137612,0.010683474885949135,-0.020123955191269444,0.0,2.734321695092319e-07,0.47897647178541247,0.0,0.39032280887493115,0.475,0.0,0.38999999999999996,0.34181406696137956,129.88446187123054,0.00044640722256131596,True,True,False
9.595,0.003936220984736627,0.07919460213098421,0.010728083655261147,-0.020123955191269444,0.0,2.734321695092319e-07,0.47892368136305585,0.0,0.3903139429914633,0.475,0.0,0.38999999999999996,0.3676675777954984,129.88446656364948,4.389784929002827e-05,True,True,False
9.6,0.003882667974662692,0.07698611703817204,0.010770014315853407,-0.01762167136086762,0.0,1.8039833165872065e-06,0.4788706568453299,0.0,0.39030516583552505,0.475,0.0,0.38999999999999996,0.3577032208587625,129.88448249315522,0.004452712406420572,True,True,False
9.605,0.003828904212423107,0.0748024463449028,0.010810291905894802,-0.01762167136086762,0.0,1.8039833165872065e-06,0.4788174078285876,0.0,0.39029648766947245,0.475,0.0,0.38999999999999996,0.33144971465748857,129.88448645349985,0.004747654361568546,True,True,False
9.61,0.0037749349548108287,0.07264755559656647,0.010849881707246383,-0.01762167136086762,0.0,1.8039833165872065e-06,0.47876393857696564,0.0,0.39028792412521757,0.475,0.0,0.38999999999999996,0.3654923186409299,129.88449035724926,0.005018039594091167,True,True,False
9.615,0.003720766615114884,0.07051908484894522,0.010887735801437495,-0.01762167136086762,0.0,1.8039833165872065e-06,0.47871025645777754,0.0,0.39027946595798657,0.475,0.0,0.38999999999999996,0.44017896169305276,129.88449420151892,0.005267602132003443,True,True,False
9.620000000000001,0.003666415348105902,0.06840917965227658,0.010921948517707168,-0.01762167136086762,0.0,1.8039833165872065e-06,0.47865638015915013,0.0,0.39027108234283997,0.475,0.0,0.38999999999999996,0.47486760253588683,129.8844979841239,0.005500091371096846,True,True,False
9.625,0.0036118994520688186,0.06631063818428826,0.010953522362693337,-0.01762167136086762,0.0,1.8039833165872065e-06,0.4786023301770378,0.0,0.39026274502365926,0.475,0.0,0.38999999999999996,0.3742467450314939,129.8845017031998,0.0057139867622631145,True,True,False
9.63,0.003557218768045669,0.06422546470915916,0.010987655548049733,-0.01762167136086762,0.0,1.8039833165872065e-06,0.4785481057630301,0.0,0.39025446189909074,0.475,0.0,0.38999999999999996,0.35240855388436576,129.8845053563138,0.005899586338260394,True,True,False
9.635,0.0035023664290464262,0.06215856799391764,0.011021352465835348,-0.01762167136086762,0.0,1.8039833165872065e-06,0.47849369867382385,0.0,0.39024625226868537,0.475,0.0,0.38999999999999996,0.38058469920400184,129.88450894093114,0.006062413735592274,True,True,False
9.64,0.0034473493198590817,0.06010878266942617,0.01105292742547231,-0.01762167136086762,0.0,1.8039833165872065e-06,0.47843911619597557,0.0,0.39023811157828053,0.475,0.0,0.38999999999999996,0.2165559678177197,129.88451245530482,0.006205978932835959,True,True,False
9.645,0.0033921634387292805,0.058079915720795655,0.01108785080157021,-0.01762167136086762,0.0,1.8039833165872065e-06,0.4783843533483786,0.0,0.39023005479427764,0.475,0.0,0.38999999999999996,0.24807299389007526,129.88451589748797,0.006320547322080049,True,True,False
9.65,0.00333680333028003,0.05607592353602737,0.011121096319365064,-0.01465089708155877,0.0,3.5326759585808388e-06,0.47832940372751426,0.0,0.39022209746550085,0.475,0.0,0.38999999999999996,0.07657345650883118,129.8845236509096,0.011098542672968063,True,True,False
9.655,0.00328126878021243,0.054098237998982904,0.011156019113550339,-0.01465089708155877,0.0,3.5326759585808388e-06,0.47827426690813934,0.0,0.39021424523859405,0.475,0.0,0.38999999999999996,0.062309404177393814,129.8845261782957,0.011000247724160384,True,True,False
9.66,0.003225556942109767,0.052149133804588986,0.011190149718627113,-0.01465089708155877,0.0,3.5326759585808388e-06,0.4782189396420907,0.0,0.3902065070637271,0.475,0.0,0.38999999999999996,0.13171948739404993,129.8845286209447,0.010885907711498133,True,True,False
9.665000000000001,0.0031696744921567285,0.050226807847799475,0.011222677154295034,-0.01465089708155877,0.0,3.5326759585808388e-06,0.47816342927450306,0.0,0.39019887586944096,0.475,0.0,0.38999999999999996,0.11607741887304926,129.88453098002168,0.010757366763818901,True,True,False
9.67,0.003113628026896081,0.04832964678159027,0.011254433483480927,-0.01465089708155877,0.0,3.5326759585808388e-06,0.47810774298401826,0.0,0.39019134532959526,0.475,0.0,0.38999999999999996,0.08467651429501272,129.88453325679131,0.010613820253517543,True,True,False
9.675,0.0030574213448520504,0.04645725482426538,0.011285546435793999,-0.01465089708155877,0.0,3.5326759585808388e-06,0.478051884820663,0.0,0.39018391389660223,0.475,0.0,0.38999999999999996,0.15301555713779494,129.8845354525361,0.010455535540966836,True,True,False
9.68,0.0030010611282779392,0.0446080354396863,0.011314862122471908,-0.01465089708155877,0.0,3.5326759585808388e-06,0.4779958619887368,0.0,0.39017657531000344,0.475,0.0,0.38999999999999996,0.12585735656179772,129.88453756869006,0.010284916487357331,True,True,False
9.685,0.0029445540786634888,0.04278053417966345,0.01134353331364384,-0.01465089708155877,0.0,3.5326759585808388e-06,0.47793968164098344,0.0,0.39016932386671277,0.475,0.0,0.38999999999999996,0.2818933906171238,129.88453960676168,0.010100601645926221,True,True,False
9.69,0.002887913536440597,0.04097056151148964,0.01136802258116592,-0.01465089708155877,0.0,3.5326759585808388e-06,0.47788335814619287,0.0,0.3901621431304123,0.475,0.0,0.38999999999999996,0.19236883218369558,129.88454156848672,0.009909265638667031,True,True,False
9.695,0.0028311485994581592,0.03917619620541797,0.011393395245276794,-0.01465089708155877,0.0,3.5326759585808388e-06,0.47782690103575803,0.0,0.39015502556642023,0.475,0.0,0.38999999999999996,0.1485866670331144,129.8845434555586,0.009702808253181408,True,True,False
9.700000000000001,0.002774257306195377,0.03740011250123647,0.01141841327008064,-0.00930387255861715,0.0,5.4282163480356605e-06,0.47777030774929174,0.0,0.3901479816718124,0.475,0.0,0.38999999999999996,0.21692040335216703,129.88452444721096,0.017912674351117076,True,True,False
9.705,0.002717246940182266,0.03564083206658204,0.011441086816528334,-0.00930387255861715,0.0,5.4282163480356605e-06,0.4777135858831386,0.0,0.3901410056337902,0.475,0.0,0.38999999999999996,0.05905496439270119,129.88452505072533,0.017382065889036125,True,True,False
9.71,0.002660120896327627,0.033898668346372035,0.011464820667502882,-0.00930387255861715,0.0,5.4282163480356605e-06,0.477656738739777,0.0,0.39013409866385224,0.475,0.0,0.38999999999999996,0.08178038966072784,129.88452560189697,0.01684527938280716,True,True,False
9.715,0.0026028793114715085,0.032175239611230026,0.011487303430259322,-0.00930387255861715,0.0,5.4282163480356605e-06,0.47759976610383403,0.0,0.39012726710274803,0.475,0.0,0.38999999999999996,0.06759248469807475,129.88452610416425,0.016306214702739415,True,True,False
9.72,0.002545528206426103,0.030469686768095226,0.011508807101244117,-0.00930387255861715,0.0,5.4282163480356605e-06,0.47754267413862694,0.0,0.3901205075701709,0.475,0.0,0.38999999999999996,0.02392516325826139,129.88452656086466,0.015764815225653418,True,True,False
9.725,0.0024880724997510327,0.028781635782518963,0.01152944913134818,-0.00930387255861715,0.0,5.4282163480356605e-06,0.4774854677815352,0.0,0.39011381858797056,0.475,0.0,0.38999999999999996,-0.0648201896792968,129.88452697518377,0.01522125595146843,True,True,False
9.73,0.002430516895325321,0.02711084851883888,0.011549187191715223,-0.00930387255861715,0.0,5.4282163480356605e-06,0.4774281517060595,0.0,0.39010719921092063,0.475,0.0,0.38999999999999996,-0.09614020076140362,129.88452735016122,0.014675732586929094,True,True,False
9.735,0.0023728661820914556,0.025457113891917404,0.011568034077034606,-0.00930387255861715,0.0,5.4282163480356605e-06,0.4773707306421429,0.0,0.39010064859918453,0.475,0.0,0.38999999999999996,-0.052369082147515386,129.88452768869388,0.014128519798616235,True,True,False
9.74,0.0023151264785260073,0.023819629614015618,0.011585517463727789,-0.00930387255861715,0.0,5.4282163480356605e-06,0.47731321071876537,0.0,0.3900941635925458,0.475,0.0,0.38999999999999996,-0.11162394273640243,129.88452799354815,0.013580968617943001,True,True,False
9.745000000000001,0.0022573034443685233,0.022197881186765887,0.011602282887631283,-0.00930387255861715,0.0,5.4282163480356605e-06,0.4772555975158299,0.0,0.3900877421594208,0.475,0.0,0.38999999999999996,-0.15716523640912797,129.8845282673486,0.013032000714081806,True,True,False
9.75,0.0021994004572790365,0.020592385020854538,0.0116184826655355,-0.0045663264637254355,0.0,7.779397705928845e-06,0.47719789413751423,0.0,0.39008138631186934,0.475,0.0,0.38999999999999996,-0.07506412540233207,129.88451051131784,0.01994989449664512,True,True,False
9.755,0.0021414244112666144,0.019001981592531216,0.011632749411518383,-0.0045663264637254355,0.0,7.779397705928845e-06,0.47714010742269064,0.0,0.39007509146764374,0.475,0.0,0.38999999999999996,-0.01132862909219011,129.88451007280167,0.01913309859915828,True,True,False
9.76,0.0020833845767638205,0.017424625186835924,0.011645654534428488,-0.0045663264637254355,0.0,7.779397705928845e-06,0.4770822466309976,0.0,0.39006884956351723,0.475,0.0,0.38999999999999996,0.08758025637559178,129.88450965069555,0.018324291249410412,True,True,False
9.765,0.0020252893933724943,0.015858992015027246,0.011656893231518622,-0.0045663264637254355,0.0,7.779397705928845e-06,0.4770243199918965,0.0,0.3900626553853651,0.475,0.0,0.38999999999999996,0.21455858809953318,129.884509247036,0.01752385665789832,True,True,False
9.77,0.00196715265786459,0.014301846863444309,0.011664890904009352,-0.0045663264637254355,0.0,7.779397705928845e-06,0.47696634121055365,0.0,0.3900564962213077,0.475,0.0,0.38999999999999996,0.21872759299830852,129.8845088635643,0.016734772560212902,True,True,False
9.775,0.0019089875963678618,0.01275055076647353,0.01167146644710227,-0.0045663264637254355,0.0,7.779397705928845e-06,0.47690832317557896,0.0,0.3900503616980897,0.475,0.0,0.38999999999999996,0.1822545772410881,129.8845085017803,0.015954418541173535,True,True,False
9.78,0.0018507998560120809,0.011205723962866924,0.011677460926802307,-0.0045663264637254355,0.0,7.779397705928845e-06,0.47685027070189856,0.0,0.3900442542281603,0.475,0.0,0.38999999999999996,0.13471718748931197,129.88450816303254,0.015181478710264517,True,True,False
9.785,0.0017925925387147707,0.009668974266955262,0.011682943393336576,-0.0045663264637254355,0.0,7.779397705928845e-06,0.4767921858971984,0.0,0.39003818009610947,0.475,0.0,0.38999999999999996,0.03728280319756218,129.88450784849167,0.014415862699224128,True,True,False
9.790000000000001,0.0017343681509954625,0.008142019893397584,0.01168809166492889,-0.0045663264637254355,0.0,7.779397705928845e-06,0.47673407021673364,0.0,0.3900321460203553,0.475,0.0,0.38999999999999996,0.04542052420017243,129.88450755914278,0.013657382431072545,True,True,False
9.795,0.0016761314845341864,0.006625572796128344,0.011691973380082063,-0.0045663264637254355,0.0,7.779397705928845e-06,0.47667592740934905,0.0,0.3900261547708701,0.475,0.0,0.38999999999999996,0.15070695517873225,129.88450729576863,0.012907500845356105,True,True,False
9.8,0.0016178933573013667,0.005118060758132553,0.011693489633254117,-0.0018626071802023067,0.0,1.0455350612192627e-05,0.47661776724814503,0.0,0.3900202001591348,0.475,0.0,0.38999999999999996,0.16304829616015182,129.88451177080054,0.01643027717405409,True,True,False
9.805,0.0015596654930827092,0.003617777954839102,0.011693509684246046,-0.0018626071802023067,0.0,1.0455350612192627e-05,0.47655960016068954,0.0,0.39001427547162115,0.475,0.0,0.38999999999999996,0.08045979149530522,129.88451141900745,0.01554734495312,True,True,False
9.81,0.0015014535909419363,0.0021255562141388354,0.011693307980374868,-0.0018626071802023067,0.0,1.0455350612192627e-05,0.4765014301832545,0.0,0.3900083839468419,0.475,0.0,0.38999999999999996,0.09001911553464292,129.88451112404482,0.014675862061852143,True,True,False
9.815,0.0014432630872768042,0.0006423714844276723,0.011691758824863233,-0.0018626071802023067,0.0,1.0455350612192627e-05,0.4764432608708341,0.0,0.39000252939021984,0.475,0.0,0.38999999999999996,0.15857751816931176,129.88451088536772,0.013817529914445553,True,True,False
9.82,0.001385105506879231,0.0008330324199937619,0.011688028134351977,-0.0018626071802023067,0.0,1.0455350612192627e-05,0.4763851015920587,0.0,0.3899967068459602,0.475,0.0,0.38999999999999996,0.19141425367897438,129.88451070215547,0.012973766168676713,True,True,False
9.825000000000001,0.0013269944739076952,0.0023024030691382808,0.011682386831370184,-0.0018626071802023067,0.0,1.0455350612192627e-05,0.47632696333615704,0.0,0.3899909094402546,0.475,0.0,0.38999999999999996,0.137082179293234,129.8845105733856,0.012144305853167305,True,True,False
9.83,0.0012689387744788914,0.003765307110961388,0.01167635932998253,-0.0018626071802023067,0.0,1.0455350612192627e-05,0.47626885174843725,0.0,0.3899851388471621,0.475,0.0,0.38999999999999996,0.13535935952604683,129.8845104979718,0.011326676148435029,True,True,False
9.835,0.0012109457611468475,0.0052206267473368555,0.011669073725848944,-0.0018626071802023067,0.0,1.0455350612192627e-05,0.47621077052031835,0.0,0.38997939942798127,0.475,0.0,0.38999999999999996,0.1661831280199123,129.88451047473154,0.010522197205622046,True,True,False
9.84,0.0011530277060737798,0.006668875359866559,0.011660013238659889,-0.0018626071802023067,0.0,1.0455350612192627e-05,0.476152727474243,0.0,0.38997368914484243,0.475,0.0,0.38999999999999996,0.20969722030851357,129.8845105022883,0.009731728627314272,True,True,False
9.845,0.0010952005909346193,0.008111514169386927,0.011648792640260563,-0.0018626071802023067,0.0,1.0455350612192627e-05,0.47609473306245764,0.0,0.38996800224467865,0.475,0.0,0.38999999999999996,0.15440615117680012,129.88451057910302,0.008955998940028333,True,True,False
9.85,0.0010374770398997295,0.009548168260600357,0.011637299360534445,-0.0011123376153187661,0.0,1.3021991204606043e-05,0.47603679329948734,0.0,0.38996234017449294,0.475,0.0,0.38999999999999996,0.08960329709899634,129.88453604085458,0.009374649794674374,True,True,False
9.855,0.0009798657284430011,0.010976588439498742,0.01162538439938308,-0.0011123376153187661,0.0,1.3021991204606043e-05,0.4759789090731591,0.0,0.3899567117537443,0.475,0.0,0.38999999999999996,0.17537814804078253,129.8845362321866,0.008579883648519422,True,True,False
9.86,0.00092238405569599,0.012397165594541723,0.011611005513810672,-0.0011123376153187661,0.0,1.3021991204606043e-05,0.4759210877519887,0.0,0.38995111544887673,0.475,0.0,0.38999999999999996,0.3291418841660938,129.88453647588184,0.0078012024096254145,True,True,False
9.865,0.0008650677411814155,0.013815713497911653,0.011591303243738351,-0.0011123376153187661,0.0,1.3021991204606043e-05,0.47586335105593225,0.0,0.3899455284381227,0.475,0.0,0.38999999999999996,0.3718120168941796,129.88453676954182,0.007043724536467823,True,True,False
9.870000000000001,0.0008079584932972401,0.0152380956129221,0.0115685940244175,-0.0011123376153187661,0.0,1.3021991204606043e-05,0.4758057221894042,0.0,0.3899399277069456,0.475,0.0,0.38999999999999996,0.25965169386989456,129.88453711064355,0.006304024526362229,True,True,False
9.875,0.0007510791611767369,0.016661223869076522,0.011547991892625863,-0.0011123376153187661,0.0,1.3021991204606043e-05,0.4757482023429258,0.0,0.38993432534435374,0.475,0.0,0.38999999999999996,0.28202126176579395,129.88453749703663,0.005573304906728858,True,True,False
9.88,0.000694455731207408,0.01808115455804593,0.011525402353067754,-0.0011123376153187661,0.0,1.3021991204606043e-05,0.4756907896337687,0.0,0.3899287367943151,0.475,0.0,0.38999999999999996,0.2904204463477599,129.8845379266213,0.004857976114890569,True,True,False
9.885,0.0006381365407442745,0.019498438514124763,0.011501184863563812,-0.0011123376153187661,0.0,1.3021991204606043e-05,0.47563349336228333,0.0,0.3899231598765227,0.475,0.0,0.38999999999999996,0.300287648998697,129.8845383970515,0.0041574259620041415,True,True,False
9.89,0.0005821835399031586,0.02091321682852536,0.01147528587565896,-0.0011123376153187661,0.0,1.3021991204606043e-05,0.4755763218963085,0.0,0.38991759401739234,0.475,0.0,0.38999999999999996,0.2712831392698074,129.88453890597629,0.0034716821043703867,True,True,False
9.895,0.0005266767738937777,0.022324349922113376,0.011448859294469494,-0.0011123376153187661,0.0,1.3021991204606043e-05,0.47551928037457675,0.0,0.38991204366572796,0.475,0.0,0.38999999999999996,0.24774829748231147,129.88453945109308,0.0027986819542969825,True,True,False
9.9,0.00047172664025308064,0.023729690481824044,0.01142173476481396,-0.002588579602229274,0.0,1.5121957742903829e-05,0.47546237105571576,0.0,0.3899065172210472,0.475,0.0,0.38999999999999996,0.19639736550398393,129.88458402824526,0.0001886645141716166,True,True,False
9.905,0.00041749668418975395,0.02512676903599266,0.011394515196107026,-0.002588579602229274,0.0,1.5121957742903829e-05,0.47540559500783447,0.0,0.3899010243922515,0.475,0.0,0.38999999999999996,0.21399590456735196,129.88458450775434,0.0007537562284310548,True,True,False
9.91,0.0003642470387646866,0.026514370577214876,0.011365704861028676,-0.002588579602229274,0.0,1.5121957742903829e-05,0.4753489559770524,0.0,0.38989556996922226,0.475,0.0,0.38999999999999996,0.227479462346682,129.88458500506067,0.0013071590759895727,True,True,False
9.915000000000001,0.0003124110280399944,0.027893033262829464,0.011335366795088123,-0.002588579602229274,0.0,1.5121957742903829e-05,0.47529246201154435,0.0,0.3898901518218429,0.475,0.0,0.38999999999999996,0.32033092432823945,129.88458551844167,0.0018489682766089938,True,True,False
9.92,0.000262749042552493,0.029265828923185473,0.011301171791565732,-0.002588579602229274,0.0,1.5121957742903829e-05,0.47523612775072444,0.0,0.3898847578866036,0.475,0.0,0.38999999999999996,0.25188114388248045,129.88458604609463,0.002375181807334318,True,True,False
9.925,0.00021664148443271313,0.03063300827408614,0.01126767424727397,-0.002588579602229274,0.0,1.5121957742903829e-05,0.47517996131781226,0.0,0.3898793871612618,0.475,0.0,0.38999999999999996,0.28746154048615297,129.88458658632103,0.0028933586288714813,True,True,False
9.93,0.00017672585215293386,0.0319930193825646,0.011231957713541494,-0.002588579602229274,0.0,1.5121957742903829e-05,0.4751239658975974,0.0,0.38987404571046586,0.475,0.0,0.38999999999999996,0.33184256386628724,129.88458713752524,0.003398882196225696,True,True,False
9.935,0.00014791339388304443,0.033348217660448,0.01119356454972901,-0.002588579602229274,0.0,1.5121957742903829e-05,0.4750681546603705,0.0,0.3898687242811492,0.475,0.0,0.38999999999999996,0.2600192227725109,129.8845876979996,0.0038908971565100713,True,True,False
9.94,0.00013714548319762246,0.0346972251597965,0.011156060057682568,-0.002588579602229274,0.0,1.5121957742903829e-05,0.47501253165447926,0.0,0.3898634282562258,0.475,0.0,0.38999999999999996,0.3107948742317107,129.8845882661884,0.004375479846270627,True,True,False
9.945,0.0001481832614729865,0.03603885959285186,0.011115859789223912,-0.002588579602229274,0.0,1.5121957742903829e-05,0.4749571009084942,0.0,0.389858162251397,0.475,0.0,0.38999999999999996,0.25828748951457015,129.8845888405793,0.004846882874908289,True,True,False
9.950000000000001,0.00017680492040174838,0.03737265912128575,0.01107595821088987,-0.004583162079755947,0.0,1.6386745065805834e-05,0.4749018683344852,0.0,0.38985292805807503,0.475,0.0,0.38999999999999996,0.3182222369434733,129.88462595892926,0.008454415998032021,True,True,False
9.955,0.0002159749159074344,0.038698511983002656,0.011033105098612115,-0.004583162079755947,0.0,1.6386745065805834e-05,0.4748468404915477,0.0,0.38984772613726615,0.475,0.0,0.38999999999999996,0.38454023286920497,129.8846262936593,0.008791439164187384,True,True,False
9.96,0.00026085053343692275,0.04002071441151852,0.010986627735017145,-0.004583162079755947,0.0,1.6386745065805834e-05,0.4747920354696171,0.0,0.3898425396719901,0.475,0.0,0.38999999999999996,0.34523757872693944,129.88462662179467,0.009116665846042657,True,True,False
9.965,0.00030882939491789704,0.041339700914465934,0.010940302457596193,-0.004583162079755947,0.0,1.6386745065805834e-05,0.474737462224961,0.0,0.389837366941113,0.475,0.0,0.38999999999999996,0.23550253198940785,129.88462694258854,0.009436398614180667,True,True,False
9.97,0.0003585577685603272,0.04264949264446136,0.010896038730667497,-0.004583162079755947,0.0,1.6386745065805834e-05,0.47468311302152577,0.0,0.38983223136089107,0.475,0.0,0.38999999999999996,0.14045437383209217,129.88462725544233,0.009754257299585945,True,True,False
9.975,0.00040930648217233175,0.04394395782714825,0.010852598818735291,-0.004583162079755947,0.0,1.6386745065805834e-05,0.4746289783366564,0.0,0.38982715694495274,0.475,0.0,0.38999999999999996,0.2010789300015171,129.88462755979634,0.010068594222101648,True,True,False
9.98,0.0004606569533999686,0.04522218323744697,0.01080709859280707,-0.004583162079755947,0.0,1.6386745065805834e-05,0.47457506091187207,0.0,0.3898221472516468,0.475,0.0,0.38999999999999996,0.13196172885212104,129.88462785503842,0.010374816348954267,True,True,False
9.985,0.0005123533049450165,0.04648401701042691,0.010761831424945877,-0.004583162079755947,0.0,1.6386745065805834e-05,0.474521365366083,0.0,0.3898172028547726,0.475,0.0,0.38999999999999996,0.05849986893014299,129.88462814056967,0.010676640476832647,True,True,False
9.99,0.0005642335321886569,0.047727293223540135,0.010716424162472078,-0.004583162079755947,0.0,1.6386745065805834e-05,0.4744678907219271,0.0,0.3898123322216393,0.475,0.0,0.38999999999999996,0.10922778526391476,129.88462841585007,0.010973594685412471,True,True,False
9.995000000000001,0.0006161882150314773,0.04895184926877141,0.010669664021942245,-0.004583162079755947,0.0,1.6386745065805834e-05,0.47441464069787087,0.0,0.3898075359676339,0.475,0.0,0.38999999999999996,0.06638147571050693,129.8846286803399,0.011263857861652729,True,True,False
10.0,0.0006681404748894762,0.05015792453860817,0.010622447740274812,-0.0061266857998311525,0.0,1.6776673424781362e-05,0.4743616199928572,0.0,0.38980281313262305,0.475,0.0,0.38999999999999996,0.05058834374574271,129.88464740679183,0.013982028939394237,True,True,False
10.005,0.0007200355062559357,0.051345115274444755,0.010574495420471045,-0.0061266857998311525,0.0,1.6776673424781362e-05,0.47430883150788683,0.0,0.38979816530085415,0.475,0.0,0.38999999999999996,-0.08896496370860234,129.88464743585993,0.014173990521425626,True,True,False
10.01,0.0007718328766355017,0.05251293412423599,0.010526218597392605,-0.0061266857998311525,0.0,1.6776673424781362e-05,0.4742562777998197,0.0,0.38979359438376227,0.475,0.0,0.38999999999999996,0.013118985621271131,129.88464745101854,0.014363403739264412,True,True,False
10.015,0.0008235013009851286,0.0536615055048886,0.010476809752424156,-0.0061266857998311525,0.0,1.6776673424781362e-05,0.4742039626085486,0.0,0.3897890998716561,0.475,0.0,0.38999999999999996,0.07862617348454547,129.8846474521809,0.014548763329432035,True,True,False
10.02,0.0008750147141749373,0.05479193071206473,0.010426229029338605,-0.0061266857998311525,0.0,1.6776673424781362e-05,0.4741518921416079,0.0,0.3897846774267377,0.475,0.0,0.38999999999999996,0.25467725117664597,129.88464743927497,0.014730135435408881,True,True,False
10.025,0.0009263466550413186,0.05590835249968192,0.010371669439286146,-0.0061266857998311525,0.0,1.6776673424781362e-05,0.4741000806827397,0.0,0.3897803107928732,0.475,0.0,0.38999999999999996,0.23201018892515182,129.8846474122505,0.014902722712946206,True,True,False
10.03,0.000977474757595508,0.05701365295614883,0.010316748500754102,-0.0061266857998311525,0.0,1.6776673424781362e-05,0.4740485401642638,0.0,0.38977598865493623,0.475,0.0,0.38999999999999996,0.10851127012716882,129.88464737108168,0.01507213567313032,True,True,False
10.035,0.0010283887839701725,0.05810465991606235,0.01026318922379459,-0.0061266857998311525,0.0,1.6776673424781362e-05,0.47399726708689294,0.0,0.38977172342220995,0.475,0.0,0.38999999999999996,0.24126153605987732,129.8846473157478,0.0152413781516964,True,True,False
10.040000000000001,0.0010790757607890937,0.05918177006524707,0.010206324987686166,-0.0061266857998311525,0.0,1.6776673424781362e-05,0.4739462663838761,0.0,0.3897675135191606,0.475,0.0,0.38999999999999996,0.13774498805422333,129.88464724624592,0.015403023817588613,True,True,False
10.045,0.0011295237361047478,0.06024546605138313,0.010150668895060663,-0.0061266857998311525,0.0,1.6776673424781362e-05,0.4738955435830792,0.0,0.38976335703359993,0.475,0.0,0.38999999999999996,0.20026060873513635,129.88464716258977,0.015564261945440193,True,True,False
10.05,0.0011797247340150103,0.06129478444371051,0.010093070157879525,-0.0065643413703465325,0.0,1.642624484217765e-05,0.47384510017643666,0.0,0.3897592577195833,0.475,0.0,0.38999999999999996,0.26365580276430267,129.88464559578412,0.016410091453564844,True,True,False
10.055,0.00122966477634657,0.06233279780687993,0.010033059885950667,-0.0065643413703465325,0.0,1.642624484217765e-05,0.47379494807393674,0.0,0.38975520351783827,0.475,0.0,0.38999999999999996,0.16513074444860248,129.88464542362445,0.016534940267578527,True,True,False
10.06,0.0012793367077882558,0.06335869087993935,0.00997441276535324,-0.0065643413703465325,0.0,1.642624484217765e-05,0.473745089732686,0.0,0.3897511976027358,0.475,0.0,0.38999999999999996,0.13739854985226926,129.88464523783523,0.016660291072207848,True,True,False
10.065,0.0013287383674345822,0.06436952165778265,0.009915435221597099,-0.0065643413703465325,0.0,1.642624484217765e-05,0.47369552162333406,0.0,0.38974725148090683,0.475,0.0,0.38999999999999996,0.12925590807757378,129.8846450385255,0.01678364670613436,True,True,False
10.07,0.0013778643821406736,0.06536481489688134,0.009855819108159268,-0.0065643413703465325,0.0,1.642624484217765e-05,0.4736462460505479,0.0,0.38974336699371515,0.475,0.0,0.38999999999999996,0.21030436961398655,129.88464482582762,0.016904555627683723,True,True,False
10.075000000000001,0.0014267060121308658,0.06634625432880559,0.00979396132287883,-0.0065643413703465325,0.0,1.642624484217765e-05,0.47359727075193886,0.0,0.3897395375234621,0.475,0.0,0.38999999999999996,0.24012935814517725,129.8846445999054,0.01702036718445303,True,True,False
10.08,0.001475252852566049,0.06731635034492246,0.009730577698972216,-0.0065643413703465325,0.0,1.642624484217765e-05,0.4735486059752396,0.0,0.38973575321403237,0.475,0.0,0.38999999999999996,0.24679386238164974,129.88464436094944,0.01713204086101247,True,True,False
10.085,0.0015234971109562582,0.06827607010093371,0.00966619174513861,-0.0065643413703465325,0.0,1.642624484217765e-05,0.47350025837415916,0.0,0.38973201025614324,0.475,0.0,0.38999999999999996,0.20750874879140785,129.88464410914918,0.017240373877544173,True,True,False
10.09,0.0015714345618209513,0.06922449996372436,0.009601937243708161,-0.0065643413703465325,0.0,1.642624484217765e-05,0.47345222988576796,0.0,0.38972831220937326,0.475,0.0,0.38999999999999996,0.30717365069144253,129.8846438446798,0.017347275078323426,True,True,False
10.095,0.0016190561626290194,0.07016359492369842,0.009534162269205679,-0.0065643413703465325,0.0,1.642624484217765e-05,0.473404529535402,0.0,0.38972465139487805,0.475,0.0,0.38999999999999996,0.36632893599314265,129.88464356776106,0.017446771461185888,True,True,False
10.1,0.0016663462926915598,0.07109853047709033,0.009463385662690109,-0.007059909888369327,0.0,1.555643780965427e-05,0.47335717524922594,0.0,0.3897210075172856,0.475,0.0,0.38999999999999996,0.2011837428422175,129.88463467764527,0.01832054536178126,True,True,False
10.105,0.0017133047480245415,0.07202574617431985,0.00939663016655182,-0.007059909888369327,0.0,1.555643780965427e-05,0.4733101635311733,0.0,0.38971739450071385,0.475,0.0,0.38999999999999996,0.08410646478272144,129.88463431081527,0.018389756886596085,True,True,False
10.11,0.0017599405499674327,0.0729376135575681,0.009330973060752371,-0.007059909888369327,0.0,1.555643780965427e-05,0.4732634792093454,0.0,0.38971384220603983,0.475,0.0,0.38999999999999996,0.1454287201313802,129.88463393316596,0.018460184599396773,True,True,False
10.115,0.001806251816304863,0.07383313453427122,0.009263886159398882,-0.007059909888369327,0.0,1.555643780965427e-05,0.4732171227966996,0.0,0.3897103545238461,0.475,0.0,0.38999999999999996,0.2130729156968972,129.88463354492933,0.018527907951687673,True,True,False
10.120000000000001,0.001852230233240902,0.07471475864245106,0.009194810129625983,-0.007059909888369327,0.0,1.555643780965427e-05,0.4731711036037958,0.0,0.38970692183827016,0.475,0.0,0.38999999999999996,0.26729795431207914,129.88463314641024,0.018591816191010888,True,True,False
10.125,0.0018978659554508084,0.07558551077867262,0.0091236137767009,-0.007059909888369327,0.0,1.555643780965427e-05,0.4731254328297275,0.0,0.3897035322800102,0.475,0.0,0.38999999999999996,0.34787823337364454,129.88463273794352,0.018651460954958256,True,True,False
10.13,0.0019431460186380572,0.0764497403768382,0.00904900026701907,-0.007059909888369327,0.0,1.555643780965427e-05,0.47308012560403273,0.0,0.3897001687917205,0.475,0.0,0.38999999999999996,0.335026549748697,129.8846323199159,0.018704446163865386,True,True,False
10.135,0.0019880608420026766,0.07730953348989392,0.008973974792187535,-0.007059909888369327,0.0,1.555643780965427e-05,0.47303519219021484,0.0,0.38969682318341975,0.475,0.0,0.38999999999999996,0.20271405566214468,129.88463189269274,0.018755489995697476,True,True,False
10.14,0.0020326144841706383,0.0781598530681568,0.008901908266078933,-0.007059909888369327,0.0,1.555643780965427e-05,0.47299062480119736,0.0,0.3896935151688954,0.475,0.0,0.38999999999999996,0.23818654850174267,129.88463145647526,0.01881039984302446,True,True,False
10.145,0.0020768091137669097,0.07899735063530851,0.008828328061280909,-0.007059909888369327,0.0,1.555643780965427e-05,0.47294641876380916,0.0,0.38969025784692696,0.475,0.0,0.38999999999999996,0.32389219848731404,129.88463101146942,0.018862249482507067,True,True,False
10.15,0.0021206335833234688,0.07982573157774846,0.008751473102810013,-0.007241673393685625,0.0,1.4221169127333232e-05,0.47290258712741573,0.0,0.3896870366848379,0.475,0.0,0.38999999999999996,0.2867174609762046,129.88461371293712,0.019194457292533242,True,True,False
10.155,0.0021640806710931442,0.08064626257858012,0.00867503135389936,-0.007241673393685625,0.0,1.4221169127333232e-05,0.4728591375022201,0.0,0.38968384668814227,0.475,0.0,0.38999999999999996,0.2629393966461995,129.88461322900903,0.01922951106190431,True,True,False
10.16,0.0022071502596829125,0.08145662294769161,0.008598554791351484,-0.007241673393685625,0.0,1.4221169127333232e-05,0.47281606826832745,0.0,0.38968069691480944,0.475,0.0,0.38999999999999996,0.2887910462843417,129.88461273782016,0.019263959569981656,True,True,False
10.165000000000001,0.0022498383197028615,0.08225674038259799,0.008520621987743046,-0.007241673393685625,0.0,1.4221169127333232e-05,0.47277338312030937,0.0,0.38967758763069593,0.475,0.0,0.38999999999999996,0.24122122212681063,129.88461223967658,0.019295523666700655,True,True,False
10.17,0.0022921422526483476,0.08304580989748665,0.008443327379319335,-0.007241673393685625,0.0,1.4221169127333232e-05,0.4727310839240887,0.0,0.3896745219717904,0.475,0.0,0.38999999999999996,0.257409483350447,129.8846117348641,0.019327613721677142,True,True,False
10.175,0.0023340604308886266,0.08382273179472566,0.008364956119731263,-0.007241673393685625,0.0,1.4221169127333232e-05,0.4726891714423074,0.0,0.38967150422834934,0.475,0.0,0.38999999999999996,0.1979057582837524,129.88461122364757,0.019357556160506818,True,True,False
10.18,0.002375591604159281,0.08458631397962169,0.008287397672875197,-0.007241673393685625,0.0,1.4221169127333232e-05,0.4726476460491442,0.0,0.3896685390526089,0.475,0.0,0.38999999999999996,0.2975277493210262,129.88461070628279,0.019388439367666908,True,True,False
10.185,0.0024167299864873352,0.08533786747163959,0.008206607407191722,-0.007241673393685625,0.0,1.4221169127333232e-05,0.4726065141095872,0.0,0.3896656212925707,0.475,0.0,0.38999999999999996,0.32938886567052517,129.8846101830893,0.019413699988573924,True,True,False
10.19,0.0024574640180901083,0.08608133890697153,0.008124069021016051,-0.007241673393685625,0.0,1.4221169127333232e-05,0.4725657892368653,0.0,0.3896627354734826,0.475,0.0,0.38999999999999996,0.2853857167504444,129.88460965448985,0.01943541183648701,True,True,False
10.195,0.002497790718698342,0.08681605246833439,0.008042263097236454,-0.007241673393685625,0.0,1.4221169127333232e-05,0.4725254738362954,0.0,0.3896598842262448,0.475,0.0,0.38999999999999996,0.20809475190390636,129.88460912078,0.01945762279662153,True,True,False
10.200000000000001,0.00253771416537546,0.08753799267300325,0.007961871935748826,-0.007253745020237144,0.0,1.2531987984897184e-05,0.4724855614352218,0.0,0.38965708326214143,0.475,0.0,0.38999999999999996,0.2269498947056418,129.8845862583007,0.01950074250925446,True,True,False
10.205,0.0025772348741777452,0.08824538496355563,0.007880500518858314,-0.007253745020237144,0.0,1.2531987984897184e-05,0.4724460504289334,0.0,0.389654339494407,0.475,0.0,0.38999999999999996,0.2827653883402274,129.88458571356367,0.019522312712097593,True,True,False
10.21,0.002616345685932562,0.08894039717027653,0.007797050213911633,-0.007253745020237144,0.0,1.2531987984897184e-05,0.472406949070847,0.0,0.38965164439559996,0.475,0.0,0.38999999999999996,0.16364903425144534,129.88458516448063,0.019540135607420354,True,True,False
10.215,0.0026550464899093348,0.08962149235388753,0.007715881155005328,-0.007253745020237144,0.0,1.2531987984897184e-05,0.47236825653794556,0.0,0.3896490039693761,0.475,0.0,0.38999999999999996,0.117827322938935,129.88458461127635,0.019561254374414794,True,True,False
10.22,0.002693342533947527,0.09028484337645952,0.0076349665380450495,-0.007253745020237144,0.0,1.2531987984897184e-05,0.47232996544678174,0.0,0.38964643318906944,0.475,0.0,0.38999999999999996,-0.029019423839377223,129.88458405406618,0.019582689925112917,True,True,False
10.225,0.0027312350582151873,0.09092899023246281,0.007554487793173426,-0.007253745020237144,0.0,1.2531987984897184e-05,0.4722920737413227,0.0,0.3896439377571409,0.475,0.0,0.38999999999999996,-0.01420604809950761,129.88458349302243,0.019604756823011063,True,True,False
10.23,0.0027687239578180916,0.09155335597545543,0.007473621797972519,-0.007253745020237144,0.0,1.2531987984897184e-05,0.4722545812004129,0.0,0.3896415199176107,0.475,0.0,0.38999999999999996,-0.013791664252242042,129.88458292833337,0.019626197598906398,True,True,False
10.235,0.0028058073854614674,0.0921582993123334,0.007392399616110485,-0.007253745020237144,0.0,1.2531987984897184e-05,0.4722174898474579,0.0,0.38963917824994804,0.475,0.0,0.38999999999999996,-0.1131692832633082,129.88458236021415,0.019647019148059976,True,True,False
10.24,0.002842484882041289,0.09274349209061661,0.007311425135132229,-0.007253745020237144,0.0,1.2531987984897184e-05,0.47218079995774,0.0,0.3896369140234675,0.475,0.0,0.38999999999999996,-0.11308866131003253,129.88458178885034,0.019668271653881846,True,True,False
10.245000000000001,0.0028787561413521935,0.0933086462294015,0.007230141610941304,-0.007253745020237144,0.0,1.2531987984897184e-05,0.47214451168035343,0.0,0.3896347283507646,0.475,0.0,0.38999999999999996,-0.14450425650552084,129.88458121441917,0.019688979148703524,True,True,False
10.25,0.002914620554411797,0.09385371482636254,0.007148966748722433,-0.005950965610445008,0.0,1.052613095840579e-05,0.4721086255965778,0.0,0.38963262140041266,0.475,0.0,0.38999999999999996,-0.1516973382059104,129.8845510855695,0.01765611231142171,True,True,False
10.255,0.0029500778661652994,0.09437858362677506,0.007067624861181691,-0.005950965610445008,0.0,1.052613095840579e-05,0.47207314190531396,0.0,0.38963059357069835,0.475,0.0,0.38999999999999996,-0.19467195323707662,129.88455063922368,0.01775031042800964,True,True,False
10.26,0.002985128674685039,0.09488277539040028,0.0069867847784513635,-0.005950965610445008,0.0,1.052613095840579e-05,0.4720380597714606,0.0,0.389628646681734,0.475,0.0,0.38999999999999996,-0.25286967004596994,129.8845501860118,0.017843334098723976,True,True,False
10.265,0.0030197764528632773,0.09536449214590621,0.006907082525166063,-0.005950965610445008,0.0,1.052613095840579e-05,0.4720033748232929,0.0,0.3896267877606604,0.475,0.0,0.38999999999999996,-0.21743802679516316,129.88454972600786,0.017936332643314012,True,True,False
10.27,0.0030540214446845458,0.09582380029172698,0.00682635529615837,-0.005950965610445008,0.0,1.052613095840579e-05,0.4719690868727529,0.0,0.38962501653413184,0.475,0.0,0.38999999999999996,-0.11994018606507044,129.88454925933445,0.018025808976378396,True,True,False
10.275,0.00308785724933068,0.09626403912274202,0.006743730354408654,-0.005950965610445008,0.0,1.052613095840579e-05,0.4719352040028666,0.0,0.38962331991265897,0.475,0.0,0.38999999999999996,-0.09225114021835232,129.8845487862314,0.01811011689533799,True,True,False
10.28,0.0031212783813339426,0.09668779634163244,0.006660546089835306,-0.005950965610445008,0.0,1.052613095840579e-05,0.4719017329722232,0.0,0.38962168775016665,0.475,0.0,0.38999999999999996,-0.07266734934386818,129.8845483069424,0.01819124826448304,True,True,False
10.285,0.0031542825348628983,0.09709592005976372,0.006576930736902777,-0.005950965610445008,0.0,1.052613095840579e-05,0.4718686764782181,0.0,0.3896201167130857,0.475,0.0,0.38999999999999996,-0.14113340381808281,129.8845478216703,0.018269211155205134,True,True,False
10.290000000000001,0.003186869627279603,0.09748809156413579,0.006493787129433902,-0.005950965610445008,0.0,1.052613095840579e-05,0.471836034419901,0.0,0.38961860803728143,0.475,0.0,0.38999999999999996,-0.0916071246333507,129.8845473306094,0.018343742529107497,True,True,False
10.295,0.003219038573775215,0.09786430968407704,0.006409763646530434,-0.005950965610445008,0.0,1.052613095840579e-05,0.4718038078614773,0.0,0.3896171617141682,0.475,0.0,0.38999999999999996,0.06594486603966317,129.88454683430965,0.0184020721030446,True,True,False
10.3,0.003250785022759433,0.09822587498209215,0.006324750359590978,-0.003941448319670452,0.0,8.352710780355857e-06,0.4717720017659867,0.0,0.3896157726383971,0.475,0.0,0.38999999999999996,0.19730427048126692,129.88451500247197,0.015276084163351501,True,True,False
10.305,0.0032821011284209192,0.09857511836751773,0.006237310725238297,-0.003941448319670452,0.0,8.352710780355857e-06,0.47174062508321213,0.0,0.38961443162863624,0.475,0.0,0.38999999999999996,0.24326536123456635,129.88451469785045,0.015386533679290323,True,True,False
10.31,0.0033129775250122003,0.0989143832056634,0.006148298162528364,-0.003941448319670452,0.0,8.352710780355857e-06,0.47170968827232385,0.0,0.3896131294584064,0.475,0.0,0.38999999999999996,0.31693029758372143,129.88451438636721,0.015470545145248614,True,True,False
10.315,0.003343404037534495,0.09924621955062342,0.006056490296185493,-0.003941448319670452,0.0,8.352710780355857e-06,0.4716792026711446,0.0,0.38961185613637594,0.475,0.0,0.38999999999999996,0.3240394474631834,129.884514068999,0.015518940489607638,True,True,False
10.32,0.0033733721528272313,0.09957207845360759,0.005963938158098664,-0.003941448319670452,0.0,8.352710780355857e-06,0.4716491774178562,0.0,0.3896106059778762,0.475,0.0,0.38999999999999996,0.33397109703946803,129.88451374668247,0.015549044367077882,True,True,False
10.325000000000001,0.0034028777312105035,0.09989148681102257,0.005870559132923836,-0.003941448319670452,0.0,8.352710780355857e-06,0.47161961636464833,0.0,0.3896093808358322,0.475,0.0,0.38999999999999996,0.3144758843896855,129.88451342011663,0.015561868789732095,True,True,False
10.33,0.003431918967488753,0.10020311814179286,0.005777479518881593,-0.003941448319670452,0.0,8.352710780355857e-06,0.4715905206386921,0.0,0.3896081859060411,0.475,0.0,0.38999999999999996,0.2960342360125089,129.88451308985245,0.015568147479975588,True,True,False
10.335,0.0034604966490901353,0.10050487607285134,0.005684691102468327,-0.003941448319670452,0.0,8.352710780355857e-06,0.47156188843034264,0.0,0.389607029399379,0.475,0.0,0.38999999999999996,0.32777313134515496,129.88451275625349,0.015569582739875947,True,True,False
10.34,0.003488607857442153,0.10079664652424239,0.005590464905349166,-0.003941448319670452,0.0,8.352710780355857e-06,0.47153372256693293,0.0,0.3896059117611279,0.475,0.0,0.38999999999999996,0.3818956369282005,129.88451241987926,0.015553033437783297,True,True,False
10.345,0.0035162434167089734,0.10108099777383442,0.005493708713081628,-0.003941448319670452,0.0,8.352710780355857e-06,0.4715060333647016,0.0,0.38960482292959875,0.475,0.0,0.38999999999999996,0.3732367420721742,129.88451208170008,0.015509252979193412,True,True,False
10.35,0.0035433971469844114,0.10135885404431821,0.0053969409982509995,-0.003627467702690049,0.0,6.228757041421318e-06,0.4714788273776743,0.0,0.38960375928396795,0.475,0.0,0.38999999999999996,0.34963106328443655,129.88448352690543,0.01496368140692743,True,True,False
10.355,0.0035700699179422152,0.10162814918952076,0.005300805140290083,-0.003627467702690049,0.0,6.228757041421318e-06,0.47145210275194716,0.0,0.3896027288882197,0.475,0.0,0.38999999999999996,0.4629813831366822,129.88448321533073,0.014928013441992613,True,True,False
10.36,0.003596250502844526,0.10189233495970938,0.005199106616815663,-0.003627467702690049,0.0,6.228757041421318e-06,0.4714258722349934,0.0,0.3896017181919564,0.475,0.0,0.38999999999999996,0.384302997425404,129.88448290324808,0.014841113599838368,True,True,False
10.365,0.003621933260815829,0.10215175375294193,0.005100763260986132,-0.003627467702690049,0.0,6.228757041421318e-06,0.4714001415718322,0.0,0.38960072585489,0.475,0.0,0.38999999999999996,0.3788028013434062,129.88448259146833,0.014774635070891877,True,True,False
10.370000000000001,0.0036471251727319244,0.10240181881336524,0.005002393803864226,-0.003627467702690049,0.0,6.228757041421318e-06,0.47137490167756335,0.0,0.3895997698434125,0.475,0.0,0.38999999999999996,0.5467458928238929,129.8844822799486,0.014704422722931265,True,True,False
10.375,0.0036718056827809817,0.10265021869146308,0.004894875914152246,-0.003627467702690049,0.0,6.228757041421318e-06,0.47135017649581784,0.0,0.38959882003985447,0.475,0.0,0.38999999999999996,0.718688266933716,129.8844819703593,0.01455489504101478,True,True,False
10.38,0.0036959247725806034,0.10291560322850457,0.0047744288441644986,-0.003627467702690049,0.0,6.228757041421318e-06,0.47132602424946335,0.0,0.3895978033950369,0.475,0.0,0.38999999999999996,0.8460441817796496,129.8844816664991,0.014288234309222943,True,True,False
10.385,0.003719424743045695,0.10321762961459943,0.00464210631431366,-0.003627467702690049,0.0,6.228757041421318e-06,0.47130251119117694,0.0,0.38959664292765717,0.475,0.0,0.38999999999999996,0.9376265849369789,129.88448137226104,0.013952942970500438,True,True,False
10.39,0.003742253638056449,0.10357275542259407,0.004500129018350715,-0.003627467702690049,0.0,6.228757041421318e-06,0.471279696339879,0.0,0.38959527420636053,0.475,0.0,0.38999999999999996,0.7356247275283525,129.8844810895104,0.013606566896382871,True,True,False
10.395,0.003764423633958687,0.10396649541844437,0.004374728266160769,-0.003627467702690049,0.0,6.228757041421318e-06,0.4712575610265171,0.0,0.38959375398381857,0.475,0.0,0.38999999999999996,0.8604452937539234,129.8844808183706,0.013291720869829346,True,True,False
10.4,0.0037859451072132593,0.10438766186851729,0.004238245270467566,-0.007597249320476094,0.0,4.4066599193073405e-06,0.4712360899011757,0.0,0.3895921260944841,0.475,0.0,0.38999999999999996,0.845612919853614,129.88445444596795,0.019221967338233406,True,True,False
10.405,0.0038067907006410053,0.104843198595675,0.004102121272017838,-0.007597249320476094,0.0,4.4066599193073405e-06,0.4712153133207573,0.0,0.38959036335802355,0.475,0.0,0.38999999999999996,0.9439896603379504,129.8844539631363,0.018674276658564245,True,True,False
10.41,0.0038269358022810706,0.10533889557785917,0.003956543989532926,-0.007597249320476094,0.0,4.4066599193073405e-06,0.4711952584106705,0.0,0.3895884431106064,0.475,0.0,0.38999999999999996,0.9889789345123994,129.88445352497746,0.018119356180538598,True,True,False
10.415000000000001,0.0038463454054865212,0.10589208051228476,0.0038075611919407425,-0.007597249320476094,0.0,4.4066599193073405e-06,0.4711759676804582,0.0,0.3895862974529842,0.475,0.0,0.38999999999999996,1.0429051396103337,129.88445313200813,0.017563382775961305,True,True,False
10.42,0.0038649960627729837,0.10651862390351069,0.003655043841951188,-0.007597249320476094,0.0,4.4066599193073405e-06,0.47115747146479275,0.0,0.3895838641791807,0.475,0.0,0.38999999999999996,1.0813363931367723,129.88445278444027,0.01700607341391442,True,True,False
10.425,0.0038828646976485264,0.10722957253729769,0.0035008823158402484,-0.007597249320476094,0.0,4.4066599193073405e-06,0.47113979779121096,0.0,0.38958110005072144,0.475,0.0,0.38999999999999996,1.0802404792736149,129.88445248228578,0.016450373918583505,True,True,False
10.43,0.0038999400496485884,0.10802870288776237,0.0033487694940709492,-0.007597249320476094,0.0,4.4066599193073405e-06,0.4711229598640544,0.0,0.3895779903139499,0.475,0.0,0.38999999999999996,1.1302329261290907,129.88445222512047,0.01590294492404955,True,True,False
10.435,0.003916207574986072,0.10892175037328979,0.0031955371026736734,-0.007597249320476094,0.0,4.4066599193073405e-06,0.47110697518582484,0.0,0.38957451255412767,0.475,0.0,0.38999999999999996,0.9620291158610819,129.8844520125143,0.0153552113963417,True,True,False
10.44,0.003931689859782505,0.1098931005796562,0.003055044842651051,-0.007597249320476094,0.0,4.4066599193073405e-06,0.47109181491556507,0.0,0.38957072794253866,0.475,0.0,0.38999999999999996,0.8180196123140809,129.8844518429407,0.014842892931723905,True,True,False
10.445,0.003946448228367137,0.11090463840588326,0.0029221821095410405,-0.007597249320476094,0.0,4.4066599193073405e-06,0.47107740149900984,0.0,0.38956678571213305,0.475,0.0,0.38999999999999996,0.8766266489492281,129.88445171363796,0.01435992050406419,True,True,False
10.450000000000001,0.003960495414110773,0.11194578800682638,0.00278715045162344,-0.018758593188299495,0.0,3.3023714943261687e-06,0.47106371793658763,0.0,0.38956272726765695,0.475,0.0,0.38999999999999996,0.9737082490549972,129.8844275209093,0.03147390653484798,True,True,False
10.455,0.003973797572999565,0.11303257465123175,0.002649342313756594,-0.018758593188299495,0.0,3.3023714943261687e-06,0.4710508056516894,0.0,0.38955848992033143,0.475,0.0,0.38999999999999996,0.9789223451872653,129.8844274563056,0.0303565046309368,True,True,False
10.46,0.003986330352513855,0.11417529133313782,0.0025134758920516533,-0.018758593188299495,0.0,3.3023714943261687e-06,0.47103869421784117,0.0,0.38955403343218525,0.475,0.0,0.38999999999999996,0.907718692894169,129.88442759519032,0.029262844574958032,True,True,False
10.465,0.003998102576011228,0.11536461244852224,0.0023816068524004324,-0.018758593188299495,0.0,3.3023714943261687e-06,0.4710273713071631,0.0,0.38954939432187685,0.475,0.0,0.38999999999999996,0.951214113902637,129.884427929818,0.028203780396202173,True,True,False
10.47,0.004009115304875235,0.11659530731728189,0.0022509592038893913,-0.018758593188299495,0.0,3.3023714943261687e-06,0.4710168341656464,0.0,0.389544593078859,0.475,0.0,0.38999999999999996,1.0062639121488244,129.8844284528072,0.027162676901288065,True,True,False
10.475,0.004019343877744819,0.11787671970253659,0.0021231067966198747,-0.018758593188299495,0.0,3.3023714943261687e-06,0.4710071124782989,0.0,0.38953959317271714,0.475,0.0,0.38999999999999996,0.9646112833422545,129.88442915847122,0.026136652925400974,True,True,False
10.48,0.004028780742042392,0.11920795973950842,0.0019995878558988316,-0.018758593188299495,0.0,3.3023714943261687e-06,0.47099821425373756,0.0,0.38953439812235924,0.475,0.0,0.38999999999999996,0.8887167137548074,129.88443004000766,0.025139741590833965,True,True,False
10.485,0.004037444188732737,0.12057269616293587,0.001879048946219895,-0.018758593188299495,0.0,3.3023714943261687e-06,0.47099011443404326,0.0,0.38952907184723806,0.475,0.0,0.38999999999999996,0.9048750791636683,129.8844310888172,0.024176571584507492,True,True,False
10.49,0.004045340483482447,0.12196115218120716,0.0017626022689802461,-0.018758593188299495,0.0,3.3023714943261687e-06,0.4709828028682347,0.0,0.3895236526143257,0.475,0.0,0.38999999999999996,0.9404015035298672,129.8844322970139,0.02323412260465755,True,True,False
10.495000000000001,0.00405245414153672,0.12337589319316751,0.001652617018984768,-0.018758593188299495,0.0,3.3023714943261687e-06,0.470976296944985,0.0,0.38951813041772565,0.475,0.0,0.38999999999999996,0.9783827479709314,129.88443365819347,0.02230899914638311,True,True,False
10.5,0.004058765088297214,0.12482190754280778,0.0015521437902530555,-0.025267282297984008,0.0,2.645567641240256e-06,0.4709706199068356,0.0,0.389512485788114,0.475,0.0,0.38999999999999996,0.9765610043822853,129.88442352747137,0.031660264929164364,True,True,False
10.505,0.0040642604177691,0.12629981133176454,0.00146160237825384,-0.025267282297984008,0.0,2.645567641240256e-06,0.4709657858248152,0.0,0.3895067163775445,0.475,0.0,0.38999999999999996,1.0420299214339734,129.88442578359997,0.030404437162949452,True,True,False
10.51,0.004068921033478844,0.12781368167214516,0.001390332462563485,-0.025267282297984008,0.0,2.645567641240256e-06,0.47096181674016313,0.0,0.3895008063134814,0.475,0.0,0.38999999999999996,0.9571326471298645,129.88442830923424,0.029168939379095968,True,True,False
10.515,0.004072744906594613,0.12935719751556946,0.0013250183332845895,-0.025267282297984008,0.0,2.645567641240256e-06,0.4709587125571213,0.0,0.38949478036635193,0.475,0.0,0.38999999999999996,0.9489449955828221,129.88443109140928,0.02797635670760373,True,True,False
10.52,0.004075744909225274,0.13091486581407116,0.001274322589610791,-0.025267282297984008,0.0,2.645567641240256e-06,0.4709564535359963,0.0,0.3894886991506763,0.475,0.0,0.38999999999999996,1.0288756810682256,129.8844341157974,0.026815020007938277,True,True,False
10.525,0.004077900073967551,0.13249109736160697,0.0012548623838921872,-0.025267282297984008,0.0,2.645567641240256e-06,0.47095506368038914,0.0,0.38948254547682165,0.475,0.0,0.38999999999999996,1.0997274636309504,129.88443737119627,0.02567096376168259,True,True,False
10.53,0.004079172608124249,0.13410035606318763,0.001271846244418815,-0.025267282297984008,0.0,2.645567641240256e-06,0.47095458919268507,0.0,0.3894762628837566,0.475,0.0,0.38999999999999996,1.068932564269083,129.88444084816527,0.024543650244188364,True,True,False
10.535,0.004079547791901088,0.13574331178531943,0.0013062283114247835,-0.025267282297984008,0.0,2.645567641240256e-06,0.47095504636280316,0.0,0.3894698488335075,0.475,0.0,0.38999999999999996,1.0856134203977916,129.88444453544633,0.0234490859757686,True,True,False
10.540000000000001,0.004079022444691693,0.13741363301190704,0.0013661529415046024,-0.025267282297984008,0.0,2.645567641240256e-06,0.47095643629661754,0.0,0.3894633281440333,0.475,0.0,0.38999999999999996,0.9968509389808619,129.88444842085391,0.022379246983336414,True,True,False
10.545,0.004077605008329408,0.13909771535039755,0.0014254694511615456,-0.025267282297984008,0.0,2.645567641240256e-06,0.47095874444783914,0.0,0.38945675404641883,0.475,0.0,0.38999999999999996,1.1546470778047353,129.8844524877656,0.02138714233808553,True,True,False
10.55,0.004075273227692999,0.1408005049955223,0.001538646577011539,-0.030735428506978447,0.0,2.326572203687131e-06,0.47096199679450507,0.0,0.3894501072897699,0.475,0.0,0.38999999999999996,1.1465732206822077,129.8844572576948,0.02897773882059987,True,True,False
10.555,0.0040719885104100765,0.14253737370391853,0.0016642313497005983,-0.030735428506978447,0.0,2.326572203687131e-06,0.4709662416261785,0.0,0.3894433279147138,0.475,0.0,0.38999999999999996,1.1033693430228668,129.88446268645862,0.027667493262492408,True,True,False
10.56,0.00406775587586667,0.14429701039357126,0.0017910181944123104,-0.030735428506978447,0.0,2.326572203687131e-06,0.47097146915426913,0.0,0.3894364602137888,0.475,0.0,0.38999999999999996,1.1892849202961822,129.88446838951873,0.02644175788974495,True,True,False
10.565,0.004062558834197351,0.1460817510201923,0.0019489589460392259,-0.030735428506978447,0.0,2.326572203687131e-06,0.47097769861006744,0.0,0.38942949512722347,0.475,0.0,0.38999999999999996,1.1316626921468356,129.88447435026328,0.02518965873706994,True,True,False
10.57,0.004056384498626669,0.14789157164414132,0.002100249025440421,-0.030735428506978447,0.0,2.326572203687131e-06,0.47098494441622524,0.0,0.3894224328091918,0.475,0.0,0.38999999999999996,1.2184530015940997,129.8844805551924,0.02401364527990352,True,True,False
10.575000000000001,0.004049219281064404,0.14972688156962322,0.0022792670781726027,-0.030735428506978447,0.0,2.326572203687131e-06,0.47099322203790295,0.0,0.3894152717309747,0.475,0.0,0.38999999999999996,1.1950932751402066,129.88448698802088,0.02282137346250386,True,True,False
10.58,0.004041042100326618,0.15159279968308847,0.0024572227922781778,-0.030735428506978447,0.0,2.326572203687131e-06,0.47100255734882224,0.0,0.3894079919703608,0.475,0.0,0.38999999999999996,1.1029774731210487,129.8844936392917,0.02166423751752292,True,True,False
10.585,0.004031871903049187,0.15346833142803076,0.002618354240653945,-0.030735428506978447,0.0,2.326572203687131e-06,0.47101292070919754,0.0,0.3894006755707867,0.475,0.0,0.38999999999999996,1.1137754865703229,129.88450048488176,0.02059890789623424,True,True,False
10.59,0.004021719253215388,0.15533749019463902,0.002786249824035382,-0.030735428506978447,0.0,2.326572203687131e-06,0.4710242932717158,0.0,0.3893933849965923,0.475,0.0,0.38999999999999996,1.144750472794037,129.88450750049205,0.019566325204049932,True,True,False
10.595,0.004010567507393457,0.1572017971861253,0.002964563576355615,-0.030735428506978447,0.0,2.326572203687131e-06,0.4710366937873863,0.0,0.389386114345812,0.475,0.0,0.38999999999999996,1.1295648242031637,129.88451467419492,0.018542558688630556,True,True,False
10.6,0.003998405673212436,0.1590590561887537,0.0031428481417203925,-0.036827229536894775,0.0,2.152022382046314e-06,0.4710501331385334,0.0,0.3893788722319317,0.475,0.0,0.38999999999999996,1.079690416376595,129.88453845214008,0.027170190582808628,True,True,False
10.605,0.003985239647916247,0.16089593218907292,0.0033143024690916573,-0.036827229536894775,0.0,2.152022382046314e-06,0.4710645981487728,0.0,0.3893717107985321,0.475,0.0,0.38999999999999996,1.0740153232393428,129.88454753783324,0.02598240356144667,True,True,False
10.61,0.0039710728521647155,0.16270035118913007,0.0034878171058117433,-0.036827229536894775,0.0,2.152022382046314e-06,0.47108007849368483,0.0,0.38936467726191515,0.475,0.0,0.38999999999999996,1.2714523968356266,129.88455684664692,0.024853302456549573,True,True,False
10.615,0.003955855456976978,0.16449561660261244,0.003704073917518282,-0.036827229536894775,0.0,2.152022382046314e-06,0.47109664011941477,0.0,0.3893576807342665,0.475,0.0,0.38999999999999996,1.2836707740385749,129.88456638416744,0.023577207426921827,True,True,False
10.620000000000001,0.003939534778489193,0.16630779836648268,0.003924273151516853,-0.036827229536894775,0.0,2.152022382046314e-06,0.47111435470970897,0.0,0.38935061956530453,0.475,0.0,0.38999999999999996,1.4236463767421415,129.88457616408272,0.02231539934390366,True,True,False
10.625,0.003922067100066914,0.16815829312862213,0.004177713791375143,-0.036827229536894775,0.0,2.152022382046314e-06,0.471133282986836,0.0,0.3893434104192606,0.475,0.0,0.38999999999999996,1.3662868283190734,129.88458617642064,0.021044748351539057,True,True,False
10.63,0.0039034269598659174,0.17005659086376818,0.004418257505842411,-0.036827229536894775,0.0,2.152022382046314e-06,0.4711534602763202,0.0,0.38933601642703924,0.475,0.0,0.38999999999999996,1.2146179950650027,129.88459640676382,0.019817264070763313,True,True,False
10.635,0.0038836582155884138,0.17196371136285835,0.004627471402869765,-0.036827229536894775,0.0,2.152022382046314e-06,0.4711748190503477,0.0,0.389328589665015,0.475,0.0,0.38999999999999996,1.106774117570754,129.88460683004317,0.018654436172255054,True,True,False
10.64,0.00386281119488414,0.1738356037424296,0.004818655095991551,-0.036827229536894775,0.0,2.152022382046314e-06,0.47119728002071093,0.0,0.38932130191805325,0.475,0.0,0.38999999999999996,1.1111553621830466,129.88461740166514,0.017659367455667693,True,True,False
10.645,0.003840899221213694,0.17565371709913538,0.005013245681179283,-0.036827229536894775,0.0,2.152022382046314e-06,0.4712208175219218,0.0,0.3893142255291228,0.475,0.0,0.38999999999999996,1.0427426018095136,129.88462807774584,0.01672916988585823,True,True,False
10.65,0.0038179260380129796,0.17740588820929967,0.005199078062580235,-0.04198434423810754,0.0,1.1269539634912778e-06,0.4712454194071848,0.0,0.38930740790952173,0.475,0.0,0.38999999999999996,0.9469703949551127,129.88465662563908,0.02405218886175419,True,True,False
10.655,0.003793912386503287,0.17906739184919385,0.005373419970446296,-0.04198434423810754,0.0,1.1269539634912778e-06,0.47127104653128915,0.0,0.3893009454780544,0.475,0.0,0.38999999999999996,0.9201867010915056,129.88466916830444,0.023115484716099657,True,True,False
10.66,0.0037688693323643468,0.18061779682752205,0.00554693251684522,-0.04198434423810754,0.0,1.1269539634912778e-06,0.47129767163662606,0.0,0.38929491792378934,0.475,0.0,0.38999999999999996,0.955420306372708,129.88468180911823,0.022228694252397027,True,True,False
10.665000000000001,0.003742785923973816,0.1820529332195615,0.005728519934332285,-0.04198434423810754,0.0,1.1269539634912778e-06,0.4713253012455667,0.0,0.3892893414766126,0.475,0.0,0.38999999999999996,0.9572055716167824,129.88469453110739,0.021356898311774848,True,True,False
10.67,0.0037156476769307258,0.18337342424206277,0.005913468151615001,-0.04198434423810754,0.0,1.1269539634912778e-06,0.4713539490460925,0.0,0.38928421364878113,0.475,0.0,0.38999999999999996,0.9328081199112218,129.88470732082965,0.02051749582251622,True,True,False
10.675,0.0036874502317888356,0.18457335199502725,0.006098331488916214,-0.04198434423810754,0.0,1.1269539634912778e-06,0.471383613444667,0.0,0.3892795574316252,0.475,0.0,0.38999999999999996,1.011381257488334,129.88472015963083,0.019725447217761122,True,True,False
10.68,0.003658177666975286,0.1856572018347554,0.006296436889447325,-0.04198434423810754,0.0,1.1269539634912778e-06,0.4714143126377103,0.0,0.3892753552711344,0.475,0.0,0.38999999999999996,0.9498475685306701,129.88473303637292,0.0189242394859404,True,True,False
10.685,0.003627820780388118,0.18662444266088274,0.006488825385256924,-0.04198434423810754,0.0,1.1269539634912778e-06,0.471446054242466,0.0,0.38927160919341186,0.475,0.0,0.38999999999999996,0.9156179210832788,129.8847459358007,0.018201896522120793,True,True,False
10.69,0.0035963867151724894,0.1874564409042999,0.006678953925914186,-0.04198434423810754,0.0,1.1269539634912778e-06,0.47147881453446894,0.0,0.38926839196122365,0.475,0.0,0.38999999999999996,1.071775794656798,129.8847588265314,0.017554558583639655,True,True,False
10.695,0.003563853180826423,0.18816893540911114,0.006891104406157654,-0.04198434423810754,0.0,1.1269539634912778e-06,0.47151262732890287,0.0,0.38926564222114035,0.475,0.0,0.38999999999999996,0.9677871356459846,129.88477170271352,0.016858869897004636,True,True,False
10.700000000000001,0.003530226265520227,0.18878171967327909,0.0070908014552078175,-0.036831032463333316,0.0,-4.87351018158722e-06,0.47154750166472326,0.0,0.389263282462079,0.475,0.0,0.38999999999999996,1.0451674176127395,129.88465552880206,0.008124768886564791,True,True,False
10.705,0.003495525980238272,0.18930383298088196,0.007300727799107106,-0.036831032463333316,0.0,-4.87351018158722e-06,0.47158342420253263,0.0,0.38926127698108076,0.475,0.0,0.38999999999999996,0.9487377118603482,129.88466639550825,0.007820088428086867,True,True,False
10.71,0.0034597664866291866,0.18974237397118893,0.0074995298907317865,-0.036831032463333316,0.0,-4.87351018158722e-06,0.47162038633665054,0.0,0.3892595976576858,0.475,0.0,0.38999999999999996,1.045223669057648,129.8846771253347,0.007533173070444002,True,True,False
10.715,0.003422956627173182,0.1901044451836829,0.007710131780582203,-0.036831032463333316,0.0,-4.87351018158722e-06,0.47165838521028375,0.0,0.3892582165621567,0.475,0.0,0.38999999999999996,1.0077563229761266,129.8846877165659,0.007251347582599349,True,True,False
10.72,0.003385092137502038,0.1904011270298553,0.007916444793919886,-0.036831032463333316,0.0,-4.87351018158722e-06,0.4716974352256599,0.0,0.3892570903886299,0.475,0.0,0.38999999999999996,0.9629917881074492,129.88469816807194,0.0069841827785226615,True,True,False
10.725,0.003346193469735224,0.19062734957379257,0.008117853360146142,-0.036831032463333316,0.0,-4.87351018158722e-06,0.47173751172668976,0.0,0.38925623861123876,0.475,0.0,0.38999999999999996,0.8946226331625333,129.8847084773969,0.006732694368641365,True,True,False
10.73,0.003306284969582241,0.1907748339583285,0.008312177918665136,-0.036831032463333316,0.0,-4.87351018158722e-06,0.4717785829731096,0.0,0.38925569318225195,0.475,0.0,0.38999999999999996,0.8561650796270632,129.88471864183964,0.006499017820153143,True,True,False
10.735,0.003265388690108023,0.19083557453188418,0.008502599283800738,-0.036831032463333316,0.0,-4.87351018158722e-06,0.4718206194322748,0.0,0.38925548505518215,0.475,0.0,0.38999999999999996,0.9114038941962834,129.88472865780267,0.006292302792964305,True,True,False
10.74,0.0032235066595673336,0.1908118833690883,0.008698142797320904,-0.036831032463333316,0.0,-4.87351018158722e-06,0.4718636212478522,0.0,0.38925560527450087,0.475,0.0,0.38999999999999996,0.7514109114903552,129.88473852034807,0.00610832681396839,True,True,False
10.745000000000001,0.0031806591533312303,0.19069445040386263,0.008877990604314183,-0.036831032463333316,0.0,-4.87351018158722e-06,0.4719075590933691,0.0,0.3892560901340445,0.475,0.0,0.38999999999999996,0.7106564990628433,129.88474822250427,0.005974513302204783,True,True,False
10.75,0.003136883048275801,0.190466430333824,0.00905358119962994,-0.028649638001381386,0.0,-1.2810741934132374e-05,0.4719523789576817,0.0,0.38925700522143214,0.475,0.0,0.38999999999999996,0.6312804793127239,129.88454447262578,0.007023993266079189,True,True,False
10.755,0.0030922033520699448,0.19012141187220022,0.00922221343035175,-0.028649638001381386,0.0,-1.2810741934132374e-05,0.47199804824013214,0.0,0.38925837529573304,0.475,0.0,0.38999999999999996,0.6301291944137194,129.88455094553697,0.006627827969833959,True,True,False
10.76,0.0030466416612478057,0.1896571991024999,0.00938941422109119,-0.028649638001381386,0.0,-1.2810741934132374e-05,0.47204454161500564,0.0,0.3892602087141514,0.475,0.0,0.38999999999999996,0.5703123491860395,129.88455718996153,0.00621892830282347,True,True,False
10.765,0.003000217319682923,0.189073917914603,0.009551325889486617,-0.028649638001381386,0.0,-1.2810741934132374e-05,0.4720918381822036,0.0,0.38926250504622956,0.475,0.0,0.38999999999999996,0.46926283966147087,129.88456321058445,0.005792557629944014,True,True,False
10.77,0.0029529533122657895,0.1883639144647099,0.009708093723070781,-0.028649638001381386,0.0,-1.2810741934132374e-05,0.47213990549565216,0.0,0.3892652941468717,0.475,0.0,0.38999999999999996,0.3860562323652039,129.8845690116424,0.00534956717603741,True,True,False
10.775,0.002904862583940734,0.1875157089476625,0.009862021723312681,-0.028649638001381386,0.0,-1.2810741934132374e-05,0.4721887171759598,0.0,0.3892686208132333,0.475,0.0,0.38999999999999996,0.3447530917300657,129.88457459790246,0.0048950314647782656,True,True,False
10.78,0.0028559526459169295,0.1865224216572003,0.010014897842244058,-0.028649638001381386,0.0,-1.2810741934132374e-05,0.4722382565858363,0.0,0.38927251197257723,0.475,0.0,0.38999999999999996,0.3387284226363185,129.88457997480285,0.004433428584037256,True,True,False
10.785,0.002806227909593325,0.1853819911273759,0.010167665323867025,-0.028649638001381386,0.0,-1.2810741934132374e-05,0.4722885149616046,0.0,0.3892769758184274,0.475,0.0,0.38999999999999996,0.2813834717129786,129.88458514826354,0.003967858248401655,True,True,False
10.790000000000001,0.002755694810813628,0.18409291405561282,0.010318676207418418,-0.028649638001381386,0.0,-1.2810741934132374e-05,0.4723394819548463,0.0,0.389282018369485,0.475,0.0,0.38999999999999996,0.39799416358772327,129.88459012420688,0.003497652045891749,True,True,False
10.795,0.0027043569180605115,0.1826602029725728,0.010472388660391936,-0.028649638001381386,0.0,-1.2810741934132374e-05,0.47239115706398316,0.0,0.3892876202729885,0.475,0.0,0.38999999999999996,0.40920137180260824,129.88459490909233,0.0030319650692637833,True,True,False
10.8,0.0026522168696913157,0.18109237977151377,0.010625461756524773,-0.009397421119787155,0.0,-2.221547941067271e-05,0.4724435448054636,0.0,0.3892937485134861,0.475,0.0,0.38999999999999996,0.4463950646720353,129.8841605237399,0.032915766716058996,True,True,False
10.805,0.002599281744329221,0.17939542197205896,0.010778563506296364,-0.009397421119787155,0.0,-2.221547941067271e-05,0.47249664291569216,0.0,0.389300379463674,0.475,0.0,0.38999999999999996,0.3637819208350334,129.88415978464886,0.031360792218927874,True,True,False
10.81,0.0025455648515095106,0.17757125128126475,0.010927415980770397,-0.009397421119787155,0.0,-2.221547941067271e-05,0.47255043851942735,0.0,0.3893075052591279,0.475,0.0,0.38999999999999996,0.3587923479080393,129.88415904813422,0.029829616644603575,True,True,False
10.815,0.002491082946866252,0.17562028093157067,0.011074382774945789,-0.009397421119787155,0.0,-2.221547941067271e-05,0.47260491343133487,0.0,0.38931512440781707,0.475,0.0,0.38999999999999996,0.43919458040218246,129.88415832236305,0.028325796219507024,True,True,False
10.82,0.0024358454928047825,0.1735509588148647,0.011221833262387557,-0.009397421119787155,0.0,-2.221547941067271e-05,0.47266006609771727,0.0,0.38932320416833033,0.475,0.0,0.38999999999999996,0.36914523436229096,129.88415761444344,0.02685324150049067,True,True,False
10.825000000000001,0.0023798664723872942,0.1713688926684964,0.011364865788818448,-0.009397421119787155,0.0,-2.221547941067271e-05,0.47271588746598725,0.0,0.38933172284315626,0.475,0.0,0.38999999999999996,0.444112402867724,129.88415693065014,0.025403984742537904,True,True,False
10.83,0.0023231611191928164,0.16907976549335224,0.011507755531496772,-0.009397421119787155,0.0,-2.221547941067271e-05,0.47277236755900115,0.0,0.38934065843939664,0.475,0.0,0.38999999999999996,0.4760812262899554,129.88415627644616,0.023985012522523913,True,True,False
10.835,0.002265740445474494,0.16669451864232046,0.011649074853450311,-0.009397421119787155,0.0,-2.221547941067271e-05,0.472829507244153,0.0,0.38934996849070613,0.475,0.0,0.38999999999999996,0.5292450223100815,129.8841556564352,0.022594010227143795,True,True,False
10.84,0.0022076170730108173,0.16422381418334975,0.011789519638142851,-0.009397421119787155,0.0,-2.221547941067271e-05,0.4728873060242444,0.0,0.38935961159765736,0.475,0.0,0.38999999999999996,0.6075260333949596,129.88415507451225,0.02123216250659761,True,True,False
10.845,0.0021488012173068523,0.16168194461461857,0.011930223086047255,-0.009397421119787155,0.0,-2.221547941067271e-05,0.47294577094144563,0.0,0.38936953220027476,0.475,0.0,0.38999999999999996,0.6418591223025488,129.8841545338358,0.019901447741481254,True,True,False
10.85,0.0020893049770440257,0.15908264117183943,0.01206936388332516,0.005515233821744486,0.0,-2.5044486175390087e-05,0.47300490738933615,0.0,0.3893796768890525,0.475,0.0,0.38999999999999996,0.5204928278625047,129.88384462711292,0.04210712001602408,True,True,False
10.855,0.002029154602436787,0.15642581263996944,0.012200311247706569,0.005515233821744486,0.0,-2.5044486175390087e-05,0.4730646901660466,0.0,0.3893900457007335,0.475,0.0,0.38999999999999996,0.49423912512141266,129.88384263461268,0.03997499848575873,True,True,False
10.86,0.0019683762451203025,0.1537036922629863,0.012328042742864911,0.005515233821744486,0.0,-2.5044486175390087e-05,0.47312508479812077,0.0,0.38940066868251677,0.475,0.0,0.38999999999999996,0.3854944444116676,129.88384103884914,0.03788776533177694,True,True,False
10.865,0.0019069885812546194,0.15090744565637787,0.01245027383754947,0.005515233821744486,0.0,-2.5044486175390087e-05,0.47318606285049397,0.0,0.3894115805350963,0.475,0.0,0.38999999999999996,0.3849299835922692,129.88383983154773,0.03584036114439751,True,True,False
10.870000000000001,0.0018450093068939702,0.14803032198628555,0.012570221756459159,0.005515233821744486,0.0,-2.5044486175390087e-05,0.47324759920544096,0.0,0.3894228078329063,0.475,0.0,0.38999999999999996,0.3722613994222947,129.88383900349922,0.033837957247009734,True,True,False
10.875,0.0017824528405643932,0.1450716799864724,0.012687454253736042,0.005515233821744486,0.0,-2.5044486175390087e-05,0.4733096799266533,0.0,0.38943435330949666,0.475,0.0,0.38999999999999996,0.3406219979094449,129.88383854429878,0.031879223390655624,True,True,False
10.88,0.0017193359454970596,0.14203028139017956,0.012801419489416089,0.005515233821744486,0.0,-2.5044486175390087e-05,0.47337228810148824,0.0,0.38944622200393875,0.475,0.0,0.38999999999999996,0.38266564598937836,129.88383844305895,0.029962576035707237,True,True,False
10.885,0.0016556750007690885,0.13890818765747048,0.01291372815157107,0.005515233821744486,0.0,-2.5044486175390087e-05,0.4734354119665361,0.0,0.38945840606196763,0.475,0.0,0.38999999999999996,0.31686402768893146,129.88383868813895,0.028090616402661323,True,True,False
10.89,0.0015914891163646546,0.13570680391648263,0.013021738698502814,0.005515233821744486,0.0,-2.5044486175390087e-05,0.4734990366508452,0.0,0.389470900168209,0.475,0.0,0.38999999999999996,0.29694216432751397,129.88383926757487,0.026257847698989676,True,True,False
10.895,0.001526800905104015,0.13242566400592778,0.013126432740539802,0.005515233821744486,0.0,-2.5044486175390087e-05,0.4735631416851519,0.0,0.3894837062978513,0.475,0.0,0.38999999999999996,0.2037468696172049,129.88384016926864,0.024465705724366103,True,True,False
10.9,0.0014616346404966764,0.1290650264184812,0.013226610065680494,0.015867025805110166,0.0,-2.1765799378463392e-05,0.47362770654602304,0.0,0.38949682359110155,0.475,0.0,0.38999999999999996,0.13458311552973173,129.8836942503436,0.03902996349939785,True,True,False
10.905,0.001396016929611652,0.1256252017007768,0.013322883534289637,0.015867025805110166,0.0,-2.1765799378463392e-05,0.4736927093038777,0.0,0.3895102507747893,0.475,0.0,0.38999999999999996,0.16610424334696156,129.88369665751844,0.036727480036009404,True,True,False
10.91,0.0013299744833815239,0.12211052712346836,0.013416131462097322,0.015867025805110166,0.0,-2.1765799378463392e-05,0.47375813512444226,0.0,0.3895239708440631,0.475,0.0,0.38999999999999996,0.17410627158862219,129.8836996654178,0.03448131323171498,True,True,False
10.915000000000001,0.0012635357243145928,0.11852722496877913,0.013506054500288564,0.015867025805110166,0.0,-2.1765799378463392e-05,0.4738239722843147,0.0,0.3895379595920708,0.475,0.0,0.38999999999999996,0.16637750026765838,129.8837032397292,0.032364840238109024,True,True,False
10.92,0.0011967326245584465,0.11488089101448977,0.013592371675344096,0.015867025805110166,0.0,-2.1765799378463392e-05,0.47389020731263826,0.0,0.3895521951700115,0.475,0.0,0.38999999999999996,-0.02040761198993049,129.8837073253756,0.030408425681061786,True,True,False
10.925,0.0011296025813534024,0.11117615353698403,0.013674209417270005,0.015867025805110166,0.0,-2.1765799378463392e-05,0.4739568231064686,0.0,0.38956665953269687,0.475,0.0,0.38999999999999996,-0.025279248515558995,129.88371187319785,0.028558835508504854,True,True,False
10.93,0.001062189371119253,0.10741933205316548,0.013752171268436275,0.015867025805110166,0.0,-2.1765799378463392e-05,0.47402380327147975,0.0,0.38958132804327833,0.475,0.0,0.38999999999999996,-0.05891741834783573,129.8837168506152,0.026770005445034627,True,True,False
10.935,0.000994542527316115,0.10361794418439385,0.013826202309168428,0.015867025805110166,0.0,-2.1765799378463392e-05,0.4740911340649724,0.0,0.3895961713843884,0.475,0.0,0.38999999999999996,-0.11936494669819353,129.8837222316527,0.025034325199085092,True,True,False
10.94,0.0009267201098573127,0.09977819478398865,0.013895976311743604,0.015867025805110166,0.0,-2.1765799378463392e-05,0.47415879978945696,0.0,0.3896111653721743,0.475,0.0,0.38999999999999996,-0.16253236039351976,129.88372799176955,0.023347140058507306,True,True,False
10.945,0.0008587928370158603,0.09590596349626791,0.013961435686812627,0.015867025805110166,0.0,-2.1765799378463392e-05,0.4742267834751762,0.0,0.38962628708525227,0.475,0.0,0.38999999999999996,-0.171633896968535,129.88373410729105,0.021707730249489604,True,True,False
10.950000000000001,0.000790848196912658,0.09200744494407465,0.014022894628563726,0.023174548776610335,0.0,-1.4541615115997007e-05,0.4742950691638629,0.0,0.3896415123616872,0.475,0.0,0.38999999999999996,-0.2159821747672156,129.88371339996695,0.031639250234410006,True,True,False
10.955,0.0007229986735174697,0.08808827083916722,0.014079882618085758,0.023174548776610335,0.0,-1.4541615115997007e-05,0.47436364005610476,0.0,0.3896568191384798,0.475,0.0,0.38999999999999996,-0.2701129571528683,129.8837219678922,0.029713895263244573,True,True,False
10.96,0.0006553939182992205,0.08415217867305351,0.014132155903440536,0.023174548776610335,0.0,-1.4541615115997007e-05,0.47443247588962967,0.0,0.3896721927818183,0.475,0.0,0.38999999999999996,-0.30858550917074734,129.8837310312887,0.027847798430034112,True,True,False
10.965,0.0005882407548605062,0.08020219972077487,0.014179871027237258,0.023174548776610335,0.0,-1.4541615115997007e-05,0.4745015555355407,0.0,0.3896876215411896,0.475,0.0,0.38999999999999996,-0.2864936735814377,129.8837405554044,0.026043889307644272,True,True,False
10.97,0.0005218400769419621,0.07624366315183215,0.014224190099181194,0.023174548776610335,0.0,-1.4541615115997007e-05,0.4745708632485906,0.0,0.38970308466780473,0.475,0.0,0.38999999999999996,-0.30496241935455026,129.88375050339593,0.024314385922140344,True,True,False
10.975,0.0004566526121577484,0.07228224219604995,0.014264404591647071,0.023174548776610335,0.0,-1.4541615115997007e-05,0.4746403846894828,0.0,0.3897185600656763,0.475,0.0,0.38999999999999996,-0.3806267542436921,129.88376083725421,0.022659611620646336,True,True,False
10.98,0.00039341624929223107,0.06831870170814118,0.014299204300903066,0.023174548776610335,0.0,-1.4541615115997007e-05,0.4747100961824864,0.0,0.3897340448876253,0.475,0.0,0.38999999999999996,-0.40800814385453904,129.8837715201481,0.021070717796644677,True,True,False
10.985,0.0003333819185144133,0.06435351577907442,0.014329515769228194,0.023174548776610335,0.0,-1.4541615115997007e-05,0.4747799727200759,0.0,0.3897495374285815,0.475,0.0,0.38999999999999996,-0.41344935359846025,129.8837825171547,0.019552858785043987,True,True,False
10.99,0.00027877535287122837,0.06039064072857716,0.01435586392198338,0.023174548776610335,0.0,-1.4541615115997007e-05,0.47484999603702516,0.0,0.3897650223234851,0.475,0.0,0.38999999999999996,-0.4258539790490415,129.8837937928413,0.01810866173432725,True,True,False
10.995000000000001,0.00023359162758723815,0.05643506028853939,0.01437803666762185,0.023174548776610335,0.0,-1.4541615115997007e-05,0.47492014956221373,0.0,0.38978048016931444,0.475,0.0,0.38999999999999996,-0.41002185012477677,129.8838053135696,0.01672405611153,True,True,False
11.0,0.00020433938407602117,0.05249334434922678,0.014396792574057304,0.028491396386983496,0.0,-5.113157834207491e-06,0.47499041941117814,0.0,0.38979588533565074,0.475,0.0,0.38999999999999996,-0.3948542538275565,129.88386850502982,0.0237594423950743,True,True,False
11.005,0.00019834090537901308,0.048573578568967636,0.014412159492784444,0.028491396386983496,0.0,-5.113157834207491e-06,0.47506079495490927,0.0,0.3898112062283756,0.475,0.0,0.38999999999999996,-0.4255565104235758,129.88388240491685,0.022148204861582324,True,True,False
11.01,0.00021761967666723297,0.04468092137277385,0.014423037986647274,0.028491396386983496,0.0,-5.113157834207491e-06,0.4751312602183148,0.0,0.38982642270090617,0.475,0.0,0.38999999999999996,-0.4324381169854596,129.88389663086792,0.020579948039375677,True,True,False
11.015,0.0002565871228679814,0.04081850574303345,0.014430141815749323,0.028491396386983496,0.0,-5.113157834207491e-06,0.47520179652386246,0.0,0.389841522510814,0.475,0.0,0.38999999999999996,-0.348754232119122,129.88391115366474,0.01905516942081116,True,True,False
11.02,0.00030789757890975955,0.0369950018418214,0.014435901227664725,0.028491396386983496,0.0,-5.113157834207491e-06,0.4752723977390848,0.0,0.3898564716375068,0.475,0.0,0.38999999999999996,-0.3990539157318238,129.88392594401196,0.017576859601124345,True,True,False
11.025,0.0003664200845898106,0.03321692694349895,0.014436976117015277,0.028491396386983496,0.0,-5.113157834207491e-06,0.4753430534824348,0.0,0.38987124446971033,0.475,0.0,0.38999999999999996,-0.3386903438700403,129.8839409732039,0.016142076975784306,True,True,False
11.03,0.00042921593800032557,0.02948924611002038,0.01443621464513345,0.028491396386983496,0.0,-5.113157834207491e-06,0.4754137506299754,0.0,0.3898858214659909,0.475,0.0,0.38999999999999996,-0.3365075876734945,129.88395621312708,0.014754214457393403,True,True,False
11.035,0.000494659068569922,0.02581916281245156,0.014432277200781553,0.028491396386983496,0.0,-5.113157834207491e-06,0.47548448159740764,0.0,0.3899001742723954,0.475,0.0,0.38999999999999996,-0.23861658264078328,129.88397163588823,0.0134124335217009,True,True,False
11.040000000000001,0.0005618196450337242,0.022214319545133334,0.014427200508564669,0.028491396386983496,0.0,-5.113157834207491e-06,0.47555524063200216,0.0,0.38991427279241897,0.475,0.0,0.38999999999999996,-0.049473323941899766,129.88398721404016,0.012119234775573369,True,True,False
11.045,0.0006301480959516288,0.018685495346048204,0.014421199540664743,0.028491396386983496,0.0,-5.113157834207491e-06,0.47562602983747976,0.0,0.3899280745843494,0.475,0.0,0.38999999999999996,0.047284177823426886,129.88400292035624,0.01087521304407859,True,True,False
11.05,0.0006992911828850119,0.015239708892085703,0.014412600768461821,0.02838309899924632,0.0,4.03939636808229e-06,0.4756968443061478,0.0,0.3899415519765081,0.475,0.0,0.38999999999999996,0.030599987873274403,129.88414096588014,0.009508804220168476,True,True,False
11.055,0.0007690071236580562,0.011879934256739737,0.014401328763396348,0.02838309899924632,0.0,4.03939636808229e-06,0.4757676713238894,0.0,0.38995469332593674,0.475,0.0,0.38999999999999996,0.0703472705897465,129.88415680010675,0.008373438336634183,True,True,False
11.06,0.0008391280875879763,0.008608496633688572,0.014387657830504512,0.02838309899924632,0.0,4.03939636808229e-06,0.4758384980728763,0.0,0.3899674895530371,0.475,0.0,0.38999999999999996,0.10448155520416172,129.884172680653,0.007291040809340073,True,True,False
11.065,0.0009095339055128437,0.005427137079201641,0.014371805002501391,0.02838309899924632,0.0,4.03939636808229e-06,0.4759093125264007,0.0,0.3899799337445389,0.475,0.0,0.38999999999999996,0.13294603725801074,129.88418858300224,0.0062585802563578236,True,True,False
11.07,0.000980135577535408,0.002336973111007919,0.014353923144204446,0.02838309899924632,0.0,4.03939636808229e-06,0.47598010310312117,0.0,0.38999202142851846,0.475,0.0,0.38999999999999996,0.09151036005592046,129.88420448431916,0.005274106569641904,True,True,False
11.075000000000001,0.0010508632349276023,0.0006624540802276047,0.014333650627372787,0.02838309899924632,0.0,4.03939636808229e-06,0.4760508565285222,0.0,0.39000375432880074,0.475,0.0,0.38999999999999996,0.11350613816482148,129.88422036329763,0.004335423639906778,True,True,False
11.08,0.001121661361143403,0.0035731859209158414,0.014311449225956398,0.02838309899924632,0.0,4.03939636808229e-06,0.47612155917255605,0.0,0.3900151403942288,0.475,0.0,0.38999999999999996,0.1482372053592626,129.88423619922423,0.0034467279711901527,True,True,False
11.085,0.0011924869571763935,0.006396109707218246,0.014287520009919275,0.02838309899924632,0.0,4.03939636808229e-06,0.4761921994763497,0.0,0.39002618304083203,0.475,0.0,0.38999999999999996,0.10894340159100224,129.88425197131141,0.0026077383867339,True,True,False
11.09,0.001263303462558589,0.009132660864856491,0.014261233637878195,0.02838309899924632,0.0,4.03939636808229e-06,0.4762627647941953,0.0,0.39003688784424845,0.475,0.0,0.38999999999999996,0.027561366732497594,129.88426766050455,0.001814529663098155,True,True,False
11.095,0.001334078224359826,0.011784496693397338,0.014232606656942079,0.02838309899924632,0.0,4.03939636808229e-06,0.4763332408189984,0.0,0.39004726126603717,0.475,0.0,0.38999999999999996,-0.02918604034658367,129.88428324949837,0.0010650870848916347,True,True,False
11.1,0.0014047843397733512,0.014351220657108131,0.014201846831378534,0.02047152203055007,0.0,9.681086490881102e-06,0.47640361517354946,0.0,0.3900573017089982,0.475,0.0,0.38999999999999996,-0.22947397874304828,129.88441385807494,0.01211187480425479,True,True,False
11.105,0.0014753939887812595,0.016828707712429315,0.014166858443216709,0.02047152203055007,0.0,9.681086490881102e-06,0.47647387222676724,0.0,0.3900669931436491,0.475,0.0,0.38999999999999996,-0.34453649115576973,129.88442535468226,0.012327865966263125,True,True,False
11.11,0.0015458760021490716,0.019220457369204053,0.014128729600589555,0.02047152203055007,0.0,9.681086490881102e-06,0.47654398943083426,0.0,0.390076349534985,0.475,0.0,0.38999999999999996,-0.4814657295019499,129.88443660325262,0.012516467428864052,True,True,False
11.115,0.0016161972149739006,0.02154256270733643,0.01408550510513431,0.02047152203055007,0.0,9.681086490881102e-06,0.4766139375559665,0.0,0.39008543420351505,0.475,0.0,0.38999999999999996,-0.37694610368402726,129.88444760273393,0.012682860750284339,True,True,False
11.120000000000001,0.0016863469513079103,0.023801542781471247,0.014046441360823145,0.02047152203055007,0.0,9.681086490881102e-06,0.47668370979796004,0.0,0.3900942727767638,0.475,0.0,0.38999999999999996,-0.35501589674278494,129.8844583512237,0.012810683522440178,True,True,False
11.125,0.0017563331419337854,0.025995675192003152,0.014008084248290713,0.02047152203055007,0.0,9.681086490881102e-06,0.47675331863833703,0.0,0.3901028584362845,0.475,0.0,0.38999999999999996,-0.521006872832851,129.88446884601228,0.01290588712260482,True,True,False
11.13,0.0018261324894692404,0.028136490230063056,0.01396241526856119,0.02047152203055007,0.0,9.681086490881102e-06,0.47682274142262676,0.0,0.39011123657373187,0.475,0.0,0.38999999999999996,-0.411094805854456,129.8844790869923,0.012983305253885725,True,True,False
11.135,0.0018957329834945616,0.030229579070891383,0.013921105263008366,0.02047152203055007,0.0,9.681086490881102e-06,0.47689196728606653,0.0,0.3901194291972808,0.475,0.0,0.38999999999999996,-0.37532924225060904,129.8844890739384,0.013023358129021868,True,True,False
11.14,0.001965146589864248,0.03227020391712878,0.01388073396663956,0.02047152203055007,0.0,9.681086490881102e-06,0.4769610114397782,0.0,0.39012741763109554,0.475,0.0,0.38999999999999996,-0.41820943698278035,129.88449880546946,0.013032185117636402,True,True,False
11.145,0.002034367520078811,0.0342615763818842,0.013838218482473704,0.02047152203055007,0.0,9.681086490881102e-06,0.4770298690206898,0.0,0.3901352145169552,0.475,0.0,0.38999999999999996,-0.506258026021595,129.8845082818129,0.013015851116690375,True,True,False
11.15,0.0021033753244802545,0.03621301116890122,0.013791039879778779,0.013059192365401328,0.0,1.3334345767033889e-05,0.47709851846868856,0.0,0.390142856544146,0.475,0.0,0.38999999999999996,-0.4980271553716045,129.88456970245332,0.024664652544470207,True,True,False
11.155,0.002172154696709408,0.03813100210593913,0.013743394024526673,0.013059192365401328,0.0,1.3334345767033889e-05,0.4771669437198339,0.0,0.3901503693502977,0.475,0.0,0.38999999999999996,-0.5626899078773118,129.88457543411693,0.024183566845609645,True,True,False
11.16,0.0022406918480158853,0.0400210354649759,0.013691397913847323,0.013059192365401328,0.0,1.3334345767033889e-05,0.47723513022783737,0.0,0.39015777459355805,0.475,0.0,0.38999999999999996,-0.5868585578439496,129.8845809080114,0.023695326850286372,True,True,False
11.165000000000001,0.0023089677708251705,0.04189017178363866,0.013636875284255346,0.013059192365401328,0.0,1.3334345767033889e-05,0.47730305756193014,0.0,0.39016510007009575,0.475,0.0,0.38999999999999996,-0.5763615108038805,129.88458613323795,0.023197750951374954,True,True,False
11.17,0.002376973747846046,0.04374043213441568,0.013581723856865858,0.013059192365401328,0.0,1.3334345767033889e-05,0.47737071685212756,0.0,0.3901723537205503,0.475,0.0,0.38999999999999996,-0.5630304896924597,129.88459111839094,0.022688213609561896,True,True,False
11.175,0.002444706697204669,0.04557122319835617,0.013526100357723662,0.013059192365401328,0.0,1.3334345767033889e-05,0.4774381055496702,0.0,0.3901795331836308,0.475,0.0,0.38999999999999996,-0.497753627415327,129.88459587172616,0.022166918112277473,True,True,False
11.18,0.0025121711799093943,0.047378620592180176,0.013472743320407793,0.013059192365401328,0.0,1.3334345767033889e-05,0.47750522971083753,0.0,0.3901866229704622,0.475,0.0,0.38999999999999996,-0.30308160289592323,129.8846004010961,0.02162951115297626,True,True,False
11.185,0.0025793909812057607,0.0491506926810473,0.013426262884770836,0.013059192365401328,0.0,1.3334345767033889e-05,0.4775721170564008,0.0,0.39019357603699223,0.475,0.0,0.38999999999999996,-0.1482483226802623,129.8846047135433,0.021068147671450908,True,True,False
11.19,0.002646391592723962,0.050876013437473826,0.013382803432923921,0.013059192365401328,0.0,1.3334345767033889e-05,0.4776387969626418,0.0,0.39020034732838865,0.475,0.0,0.38999999999999996,-0.1535535498667324,129.88460881593076,0.020489406669694794,True,True,False
11.195,0.0027131786688959006,0.052552822611165985,0.013338797875618489,0.013059192365401328,0.0,1.3334345767033889e-05,0.4777052760515908,0.0,0.3902069298771103,0.475,0.0,0.38999999999999996,-0.2000275175128859,129.88461271569489,0.019899642920502936,True,True,False
11.200000000000001,0.0027797463791387677,0.054184550990699555,0.013293418937736452,0.00654734524339657,0.0,1.6045125851389565e-05,0.47777154779571707,0.0,0.39021333717067314,0.475,0.0,0.38999999999999996,-0.21518674352629213,129.88463032212584,0.029566324537566822,True,True,False
11.205,0.002846088101653611,0.05577493007626862,0.01324712233224659,0.00654734524339657,0.0,1.6045125851389565e-05,0.47783760469383346,0.0,0.3902195838880893,0.475,0.0,0.38999999999999996,-0.26778033921351596,129.88463163738945,0.028590607712113393,True,True,False
11.21,0.002912195823392046,0.05732810857243805,0.013198834609495419,0.00654734524339657,0.0,1.6045125851389565e-05,0.47790343765016297,0.0,0.39022568634295873,0.475,0.0,0.38999999999999996,-0.18396040638767747,129.88463282337693,0.027618411242939324,True,True,False
11.215,0.00297806723831243,0.05884531807591625,0.013151826099544885,0.00654734524339657,0.0,1.6045125851389565e-05,0.47796904413219327,0.0,0.3902316493405957,0.475,0.0,0.38999999999999996,-0.18716764165637723,129.8846338898646,0.026644980319261886,True,True,False
11.22,0.003043703439669424,0.060326367606203184,0.013104086865525015,0.00654734524339657,0.0,1.6045125851389565e-05,0.478034425421657,0.0,0.390237472080584,0.475,0.0,0.38999999999999996,-0.18815144284672694,129.8846348460957,0.025673877507769997,True,True,False
11.225,0.003109100417429362,0.0617733098207814,0.013055630835211307,0.00654734524339657,0.0,1.6045125851389565e-05,0.47809957696366245,0.0,0.390243162604017,0.475,0.0,0.38999999999999996,-0.19534475514918312,129.88463570088047,0.024705606593776155,True,True,False
11.23,0.0031742538743629203,0.0631882103271912,0.013006300786241234,0.00654734524339657,0.0,1.6045125851389565e-05,0.47816449388404203,0.0,0.39024872900266844,0.475,0.0,0.38999999999999996,-0.3792894859916467,129.88463646255408,0.023740929804286593,True,True,False
11.235,0.0032391453344323535,0.06457923444088771,0.012950571506330557,0.00654734524339657,0.0,1.6045125851389565e-05,0.47822915517229236,0.0,0.3902542034044465,0.475,0.0,0.38999999999999996,-0.42053121400177484,129.8846371390942,0.02278957670558724,True,True,False
11.24,0.0033037514293461144,0.06595584889329971,0.012892048719947213,0.00654734524339657,0.0,1.6045125851389565e-05,0.4782935344801533,0.0,0.3902596230632041,0.475,0.0,0.38999999999999996,-0.5167987092244481,129.88463773803875,0.02184681380073504,True,True,False
11.245000000000001,0.0033680503030557355,0.0673261670847373,0.012827635019911996,0.00654734524339657,0.0,1.6045125851389565e-05,0.4783576073769177,0.0,0.3902650198980862,0.475,0.0,0.38999999999999996,-0.5170182284805822,129.88463826643772,0.020918523794413002,True,True,False
11.25,0.0034320235164657558,0.06869592644258139,0.01276182432928315,0.00033948434892881046,0.0,1.803628238937677e-05,0.47842135358502674,0.0,0.39027041646362315,0.475,0.0,0.38999999999999996,-0.3063276593220754,129.88462679246814,0.029784161256921574,True,True,False
11.255,0.0034956868994700536,0.07005536714706163,0.012703721507317023,0.00033948434892881046,0.0,1.803628238937677e-05,0.478484792028252,0.0,0.3902757742173548,0.475,0.0,0.38999999999999996,-0.2279410064511715,129.88462587594444,0.02850515104665964,True,True,False
11.26,0.003559063102287331,0.07139277357229304,0.012646839234829293,0.00033948434892881046,0.0,1.803628238937677e-05,0.478547949098016,0.0,0.39028104690702853,0.475,0.0,0.38999999999999996,-0.19915935203698737,129.88462499129412,0.027238033974002256,True,True,False
11.265,0.0036221545082153056,0.07270607094767798,0.012589695927436298,0.00033948434892881046,0.0,1.803628238937677e-05,0.47861082785344944,0.0,0.39028622629882315,0.475,0.0,0.38999999999999996,-0.26508359819904054,129.8846241435379,0.02598523558421744,True,True,False
11.27,0.0036849539888888115,0.07399750874990775,0.012529986893371446,0.00033948434892881046,0.0,1.803628238937677e-05,0.4786734204576928,0.0,0.39029132119941995,0.475,0.0,0.38999999999999996,-0.26392922785516726,129.88462333696413,0.024750730182095455,True,True,False
11.275,0.003747452603931117,0.07526988090440115,0.012469313286705799,0.00033948434892881046,0.0,1.803628238937677e-05,0.4787357170804604,0.0,0.39029634256101037,0.475,0.0,0.38999999999999996,-0.2946912841150442,129.8846225752452,0.023532371324884095,True,True,False
11.28,0.0038096430874192916,0.07652506993588665,0.01240670933052861,0.00033948434892881046,0.0,1.803628238937677e-05,0.47879770985232917,0.0,0.3903012977448362,0.475,0.0,0.38999999999999996,-0.21387869294615558,129.88462186152464,0.02233196659296681,True,True,False
11.285,0.003871523436414428,0.07776245433634005,0.012345271307135593,0.00033948434892881046,0.0,1.803628238937677e-05,0.47885939696405555,0.0,0.39030618424607544,0.475,0.0,0.38999999999999996,-0.20926953562582465,129.88462119850735,0.02114472267911421,True,True,False
11.290000000000001,0.003933094431789717,0.07898034574731796,0.012282978304266085,0.00033948434892881046,0.0,1.803628238937677e-05,0.4789207797307442,0.0,0.39031099535745806,0.475,0.0,0.38999999999999996,-0.02249196364459599,129.88462058847225,0.019973831510904285,True,True,False
11.295,0.00399435761523725,0.08017687231765992,0.0122221974874628,0.00033948434892881046,0.0,1.803628238937677e-05,0.47898186028570655,0.0,0.3903157236505499,0.475,0.0,0.38999999999999996,-0.09184444717584372,129.8846200332611,0.018815776039112483,True,True,False
11.3,0.00405531337598089,0.0813509105494876,0.01216006267542275,-0.003623896569845013,0.0,1.9430930660698448e-05,0.47904263936935676,0.0,0.3903203646465141,0.475,0.0,0.38999999999999996,-0.14064739158276274,129.8846075442414,0.02392267313326927,True,True,False
11.305,0.00411595444453734,0.08250474085385189,0.012096379347010338,-0.003623896569845013,0.0,1.9430930660698448e-05,0.47910310897634123,0.0,0.3903249272499722,0.475,0.0,0.38999999999999996,-0.13067505458817882,129.88460678713267,0.02257515493005964,True,True,False
11.31,0.004176274948382086,0.08363985941752625,0.012031909697646809,-0.003623896569845013,0.0,1.9430930660698448e-05,0.4791632627474327,0.0,0.39032941727386805,0.475,0.0,0.38999999999999996,-0.10818182028128695,129.8846061528406,0.02125027420164768,True,True,False
11.315,0.004236271316018662,0.08475659410506876,0.011966808574061558,-0.003623896569845013,0.0,1.9430930660698448e-05,0.4792230969935364,0.0,0.3903338359568804,0.475,0.0,0.38999999999999996,-0.07759266377086475,129.8846056399617,0.019947796765389353,True,True,False
11.32,0.0042959404513755566,0.08585504811852522,0.011901110920369008,-0.003623896569845013,0.0,1.9430930660698448e-05,0.4792826085716203,0.0,0.3903381836543195,0.475,0.0,0.38999999999999996,-0.13535857138142976,129.88460524669253,0.018667659645149638,True,True,False
11.325000000000001,0.004355276802441951,0.0869363800767501,0.011833779213876251,-0.003623896569845013,0.0,1.9430930660698448e-05,0.47934179154626116,0.0,0.39034246488097885,0.475,0.0,0.38999999999999996,-0.20434817740495553,129.8846049707859,0.01741143427375348,True,True,False
11.33,0.0044142706918637985,0.0880034108505389,0.011764181581093701,-0.003623896569845013,0.0,1.9430930660698448e-05,0.4794006353289577,0.0,0.39034669070160116,0.475,0.0,0.38999999999999996,-0.10328227412841069,129.88460480952517,0.016180282670423412,True,True,False
11.335,0.00447291822835056,0.08905618164426103,0.011695319095865372,-0.003623896569845013,0.0,1.9430930660698448e-05,0.4794591360008602,0.0,0.3903508612308918,0.475,0.0,0.38999999999999996,-0.05196623889942013,129.88460476003257,0.014969577468719155,True,True,False
11.34,0.004531220056012477,0.09009285595188453,0.011625996811087879,-0.003623896569845013,0.0,1.9430930660698448e-05,0.47951729477359506,0.0,0.39035496918804347,0.475,0.0,0.38999999999999996,-0.10823037409990616,129.88460481929135,0.013780978749587282,True,True,False
11.345,0.004589171403008141,0.09111407229164387,0.011555214912191485,-0.003623896569845013,0.0,1.9430930660698448e-05,0.47957510665756065,0.0,0.3903590170443471,0.475,0.0,0.38999999999999996,-0.015041549340787705,129.88460498389153,0.012615901201899215,True,True,False
11.35,0.004646768029883573,0.09212017132203314,0.011484205755660526,-0.005185599385563261,0.0,2.0189436436395215e-05,0.47963256728991355,0.0,0.3903630060990822,0.475,0.0,0.38999999999999996,0.0037977146670365412,129.88460291166243,0.013934431826002076,True,True,False
11.355,0.004704007158439557,0.0931109222407934,0.011412314320466254,-0.005185599385563261,0.0,2.0189436436395215e-05,0.47968967395085416,0.0,0.39036693539122075,0.475,0.0,0.38999999999999996,-0.13002649787216347,129.8846033405224,0.01272530762064079,True,True,False
11.36,0.004760881745444056,0.09408789703091487,0.011338460158098484,-0.005185599385563261,0.0,2.0189436436395215e-05,0.4797464190871204,0.0,0.390370811061757,0.475,0.0,0.38999999999999996,-0.194164304326357,129.8846038879832,0.011542577127343589,True,True,False
11.365,0.004817381669401081,0.09505379665370918,0.01126247686070793,-0.005185599385563261,0.0,2.0189436436395215e-05,0.47980279171301543,0.0,0.3903746437108395,0.475,0.0,0.38999999999999996,-0.04157105318125781,129.88460454876878,0.010386674732900003,True,True,False
11.370000000000001,0.004873504191124131,0.09600790159872688,0.011187562643192445,-0.005185599385563261,0.0,2.0189436436395215e-05,0.47985878930219783,0.0,0.390378430466205,0.475,0.0,0.38999999999999996,-0.055849384652062836,129.88460531769132,0.009252584487454939,True,True,False
11.375,0.004929249434589301,0.09694839703640651,0.011111645668403924,-0.005185599385563261,0.0,2.0189436436395215e-05,0.47991441253421907,0.0,0.39038216414262616,0.475,0.0,0.38999999999999996,-0.11423441191917719,129.88460618956836,0.008143092044270417,True,True,False
11.38,0.004984611183286346,0.09787630021038649,0.011034224953268893,-0.005185599385563261,0.0,2.0189436436395215e-05,0.4799696548592089,0.0,0.39038584871243076,0.475,0.0,0.38999999999999996,-0.050498647999207044,129.8846071589364,0.007058855587877409,True,True,False
11.385,0.005039584903176371,0.09879180943553285,0.010956500526773234,-0.005185599385563261,0.0,2.0189436436395215e-05,0.4800245116668843,0.0,0.3903894849235418,0.475,0.0,0.38999999999999996,0.10932240665112825,129.88460822031774,0.005997986087874493,True,True,False
11.39,0.005094169306518015,0.09969370949047478,0.010878589683285275,-0.005185599385563261,0.0,2.0189436436395215e-05,0.48007898203431076,0.0,0.39039306795674344,0.475,0.0,0.38999999999999996,0.09795196200900527,129.8846093683095,0.004959866736398127,True,True,False
11.395,0.005148361486869033,0.10058160205525322,0.01079970639177265,-0.005185599385563261,0.0,2.0189436436395215e-05,0.4801330631638384,0.0,0.3903965962121872,0.475,0.0,0.38999999999999996,-0.029392418899748113,129.88461059744537,0.003945653437475147,True,True,False
11.4,0.005202155691998222,0.1014564195418494,0.01071947534733061,-0.004422636523185624,0.0,2.0144516015206763e-05,0.48018674899826364,0.0,0.3904000733342781,0.475,0.0,0.38999999999999996,0.02221254967175711,129.88461671807943,0.001753175260701378,True,True,False
11.405,0.0052555466222829654,0.10231881002302201,0.010638465064288867,-0.004422636523185624,0.0,2.0144516015206763e-05,0.480240034021838,0.0,0.39040350185745515,0.475,0.0,0.38999999999999996,-0.08109080216118661,129.88461798992006,0.0008299628730355172,True,True,False
11.41,0.005308529088918629,0.10316929837501194,0.01055614415986153,-0.004422636523185624,0.0,2.0144516015206763e-05,0.48029291286871745,0.0,0.39040688383116096,0.475,0.0,0.38999999999999996,-0.17887744770716207,129.88461931676295,7.045817075002764e-05,True,True,False
11.415000000000001,0.005361094127291242,0.10401000058241744,0.010471496156127778,-0.004422636523185624,0.0,2.0144516015206763e-05,0.48034537590704696,0.0,0.39041022756372323,0.475,0.0,0.38999999999999996,-0.1839090325429997,129.88462069356075,0.0009465277375539944,True,True,False
11.42,0.005413233423921691,0.10484255307870056,0.01038582398944485,-0.004422636523185624,0.0,2.0144516015206763e-05,0.4803974143072405,0.0,0.39041353947557456,0.475,0.0,0.38999999999999996,-0.22838902144784012,129.8846221153363,0.0018002859471171716,True,True,False
11.425,0.005464939644705393,0.10566806766671642,0.010298212460978139,-0.004422636523185624,0.0,2.0144516015206763e-05,0.48044902038337534,0.0,0.39041682392185734,0.475,0.0,0.38999999999999996,-0.2190695621769313,129.88462357721514,0.002630451739181701,True,True,False
11.43,0.005516206158591578,0.10648721182617678,0.01020988266270577,-0.004422636523185624,0.0,2.0144516015206763e-05,0.4805001872904384,0.0,0.3904200835085826,0.475,0.0,0.38999999999999996,-0.20091921557481945,129.88462507442645,0.003439079138541112,True,True,False
11.435,0.0055670298541109055,0.1072990777470527,0.010121047197900695,-0.004422636523185624,0.0,2.0144516015206763e-05,0.48055091218754586,0.0,0.39042331463796637,0.475,0.0,0.38999999999999996,-0.21858082709401133,129.8846266023978,0.004226787535739773,True,True,False
11.44,0.005617406187647059,0.10810345957593497,0.010030898470071756,-0.004422636523185624,0.0,2.0144516015206763e-05,0.4806011905851055,0.0,0.3904265164783932,0.475,0.0,0.38999999999999996,-0.2546164835936142,129.88462815662783,0.0049925643464802955,True,True,False
11.445,0.0056673273229966275,0.10890158048053747,0.00993890009460873,-0.004422636523185624,0.0,2.0144516015206763e-05,0.4806510142629482,0.0,0.39042969382813786,0.475,0.0,0.38999999999999996,-0.2437278098945136,129.88462973264035,0.005735705329402159,True,True,False
11.450000000000001,0.005716787048806726,0.10969381996604029,0.009846268265472432,-0.0016290029919662947,0.0,1.9229720352682355e-05,0.48070037688481293,0.0,0.39043284816332574,0.475,0.0,0.38999999999999996,-0.22830538082068616,129.8846345318637,0.010862188412838888,True,True,False
11.455,0.005765782478451024,0.11047904803019197,0.009753140715818434,-0.0016290029919662947,0.0,1.9229720352682355e-05,0.4807492758984835,0.0,0.39043597503590166,0.475,0.0,0.38999999999999996,-0.18822370667268928,129.88463560108573,0.011406713075166565,True,True,False
11.46,0.005814312438454519,0.11125549508219733,0.009660075572744403,-0.0016290029919662947,0.0,1.9229720352682355e-05,0.4807977106586006,0.0,0.39043906747900015,0.475,0.0,0.38999999999999996,-0.16530407321207818,129.8846366596182,0.011936589399658061,True,True,False
11.465,0.005862376047683654,0.11202140856526421,0.009566599319006856,-0.0016290029919662947,0.0,1.9229720352682355e-05,0.4808456808066684,0.0,0.390442118571204,0.475,0.0,0.38999999999999996,-0.28424975169962385,129.884637705116,0.012439265108989784,True,True,False
11.47,0.005909962374540185,0.11277844969650935,0.00946912524118134,-0.0016290029919662947,0.0,1.9229720352682355e-05,0.48089317488701117,0.0,0.3904451348330352,0.475,0.0,0.38999999999999996,-0.3591160159034077,129.88463873356446,0.012865148736793565,True,True,False
11.475,0.0059570521945687465,0.11353066946599367,0.009367890667463736,-0.0016290029919662947,0.0,1.9229720352682355e-05,0.480940172419838,0.0,0.39044813220305175,0.475,0.0,0.38999999999999996,-0.39309193695852473,129.8846397403816,0.013221042027459263,True,True,False
11.48,0.006003629824608311,0.11428009166701827,0.009264118807811191,-0.0016290029919662947,0.0,1.9229720352682355e-05,0.480986657083862,0.0,0.3904511186442289,0.475,0.0,0.38999999999999996,-0.2791735495018625,129.88464072198238,0.013522546805527856,True,True,False
11.485,0.006049696618232552,0.11502178153155798,0.009163563131120163,-0.0016290029919662947,0.0,1.9229720352682355e-05,0.4810326317078606,0.0,0.39045407471848703,0.475,0.0,0.38999999999999996,-0.2832996075711877,129.88464167669017,0.013823878225242519,True,True,False
11.49,0.006095258095322552,0.11575017208242608,0.009062061151691937,-0.0016290029919662947,0.0,1.9229720352682355e-05,0.4810781034790582,0.0,0.39045697849670985,0.475,0.0,0.38999999999999996,-0.22357187712758447,129.8846426036115,0.014096804765328708,True,True,False
11.495000000000001,0.0061403141203226754,0.11646262494911758,0.00896151739038399,-0.0016290029919662947,0.0,1.9229720352682355e-05,0.4811230730395349,0.0,0.3904598195828308,0.475,0.0,0.38999999999999996,-0.32673921359050223,129.88464350171148,0.014360164982443717,True,True,False
11.5,0.006184857601728284,0.11715983040766798,0.00885712568864677,0.0017651394411559232,0.0,1.7533153825853988e-05,0.4811675330689135,0.0,0.3904626006890548,0.475,0.0,0.38999999999999996,-0.2719943665791687,129.88463378026532,0.019926694823613714,True,True,False
11.505,0.006228881981333404,0.11784247519421355,0.00875400009242941,0.0017651394411559232,0.0,1.7533153825853988e-05,0.4812114767825655,0.0,0.3904653245287212,0.475,0.0,0.38999999999999996,-0.21758667927550948,129.88463393152406,0.019975522094729716,True,True,False
11.51,0.00627239267868708,0.11850714309245575,0.008651839148400764,0.0017651394411559232,0.0,1.7533153825853988e-05,0.481254910617538,0.0,0.39046797765145075,0.475,0.0,0.38999999999999996,-0.22117554871647777,129.88463405190618,0.020029547280716438,True,True,False
11.515,0.00631539066709842,0.11915254684662205,0.008549128605741535,0.0017651394411559232,0.0,1.7533153825853988e-05,0.4812978359216278,0.0,0.3904705549726953,0.475,0.0,0.38999999999999996,-0.3386582996729964,129.88463414218668,0.02007684540969865,True,True,False
11.52,0.006357864370693162,0.1197825564205745,0.008442222910409091,0.0017651394411559232,0.0,1.7533153825853988e-05,0.4813402399406633,0.0,0.39047307171860873,0.475,0.0,0.38999999999999996,-0.29861677751229676,129.8846342030773,0.020086099783104636,True,True,False
11.525,0.0063998053903183,0.12039916114375177,0.008336151078733993,0.0017651394411559232,0.0,1.7533153825853988e-05,0.48138211366413075,0.0,0.3904755357106069,0.475,0.0,0.38999999999999996,-0.2833342093466,129.88463423539505,0.020097586841188893,True,True,False
11.53,0.006441215654933972,0.1210002925560927,0.008230065316612177,0.0017651394411559232,0.0,1.7533153825853988e-05,0.4814234596307235,0.0,0.39047793878879133,0.475,0.0,0.38999999999999996,-0.2115207157345766,129.88463424002856,0.020105736825741613,True,True,False
11.535,0.006482098810194303,0.12158351874665925,0.00812553763741239,0.0017651394411559232,0.0,1.7533153825853988e-05,0.48146428220337445,0.0,0.39048027136106417,0.475,0.0,0.38999999999999996,-0.1806151440108875,129.8846342178395,0.02012442325671328,True,True,False
11.540000000000001,0.006522459420825621,0.12214651951995126,0.00802134618832477,0.0017651394411559232,0.0,1.7533153825853988e-05,0.48150458662954776,0.0,0.3904825242740268,0.475,0.0,0.38999999999999996,-0.07410829270339751,129.88463416964103,0.0201446230686838,True,True,False
11.545,0.00656230132351782,0.12268760128925708,0.00791843486617689,0.0017651394411559232,0.0,1.7533153825853988e-05,0.48154437723918264,0.0,0.39048469084158005,0.475,0.0,0.38999999999999996,-0.008200105281731249,129.8846340961972,0.020174225975303193,True,True,False
11.55,0.0066016278681989985,0.12320561127948168,0.007815639416907811,0.003346563249566348,0.0,1.5302060199809727e-05,0.48158365771269296,0.0,0.3904867665069413,0.475,0.0,0.38999999999999996,-0.05338795942502797,129.88460694446465,0.022696886816101335,True,True,False
11.555,0.006640438433189055,0.12370129412461617,0.0077124862484954995,0.003346563249566348,0.0,1.5302060199809727e-05,0.48162242719440995,0.0,0.3904887541710446,0.475,0.0,0.38999999999999996,-0.04219046925270967,129.88460653523492,0.02264661365942822,True,True,False
11.56,0.006678731770247917,0.12417572541537722,0.00760917993578363,0.003346563249566348,0.0,1.5302060199809727e-05,0.48166068410524054,0.0,0.3904906580368388,0.475,0.0,0.38999999999999996,-0.1264729635694758,129.88460610755675,0.022597352918364184,True,True,False
11.565,0.006716504860125133,0.1246304832472554,0.007504775990570181,0.003346563249566348,0.0,1.5302060199809727e-05,0.48169842494547144,0.0,0.3904924843002271,0.475,0.0,0.38999999999999996,-0.24741010686302978,129.88460566242776,0.022540442391104767,True,True,False
11.57,0.006753748050906139,0.12506952174842806,0.007397450323163523,0.003346563249566348,0.0,1.5302060199809727e-05,0.48173563888133275,0.0,0.3904942485158264,0.475,0.0,0.38999999999999996,-0.273903453372536,129.8846052011553,0.022459298579773735,True,True,False
11.575000000000001,0.006790451358165647,0.12549632603422395,0.007288928992093514,0.003346563249566348,0.0,1.5302060199809727e-05,0.48177231488988975,0.0,0.39049596439367246,0.475,0.0,0.38999999999999996,-0.2413606023536339,129.88460472515965,0.022366232657769842,True,True,False
11.58,0.006826613106613448,0.1259107193943038,0.0071809595694076085,0.003346563249566348,0.0,1.5302060199809727e-05,0.48180845134169703,0.0,0.3904976312240305,0.475,0.0,0.38999999999999996,-0.3756515067180007,129.88460423553852,0.022275605659039802,True,True,False
11.585,0.006862222306169912,0.12631632420986025,0.007067841238985917,0.003346563249566348,0.0,1.5302060199809727e-05,0.48184403617589494,0.0,0.3904992632595504,0.475,0.0,0.38999999999999996,-0.4752343242453257,129.88460373382682,0.022140775198829572,True,True,False
11.59,0.006897253470866732,0.1267217506764758,0.0069493073745790935,0.003346563249566348,0.0,1.5302060199809727e-05,0.4818790413752174,0.0,0.3905008943994792,0.475,0.0,0.38999999999999996,-0.682360143060201,129.88460322242454,0.021956426601354287,True,True,False
11.595,0.006931658884402632,0.12714321374337378,0.00681642850984713,0.003346563249566348,0.0,1.5302060199809727e-05,0.4819134144741456,0.0,0.3905025884980695,0.475,0.0,0.38999999999999996,-0.5796939324272026,129.8846027051645,0.021645024870284645,True,True,False
11.6,0.006965417619092506,0.12758368301080703,0.00668965147418787,0.004958149623240945,0.0,1.287044642281209e-05,0.4819471336800598,0.0,0.39050435725407945,0.475,0.0,0.38999999999999996,-0.549628566481125,129.8845697933948,0.02391271205278115,True,True,False
11.605,0.006998546576671409,0.12803185791055577,0.006563983939155524,0.004958149623240945,0.0,1.287044642281209e-05,0.48198021920453527,0.0,0.3905061561443624,0.475,0.0,0.38999999999999996,-0.5930594244048032,129.88456903132882,0.023568916204459285,True,True,False
11.61,0.007031039661188145,0.12848705800250698,0.00643480534706875,0.004958149623240945,0.0,1.287044642281209e-05,0.4820126651518163,0.0,0.3905079824659393,0.475,0.0,0.38999999999999996,-0.5498634240558943,129.8845682791891,0.023199863722181663,True,True,False
11.615,0.007062892666375491,0.12894766782862094,0.006307581430837378,0.004958149623240945,0.0,1.287044642281209e-05,0.4820444677824867,0.0,0.3905098298522517,0.475,0.0,0.38999999999999996,-0.6574591474272895,129.88456753844537,0.022851158870319403,True,True,False
11.620000000000001,0.007094090931674903,0.12941668803620518,0.006172461792705693,0.004958149623240945,0.0,1.287044642281209e-05,0.4820756115569431,0.0,0.3905117101153238,0.475,0.0,0.38999999999999996,-0.6198099398302312,129.88456681133204,0.022441494749310696,True,True,False
11.625,0.007124618844922174,0.12989663440392646,0.006039085940087657,0.004958149623240945,0.0,1.287044642281209e-05,0.4821060801192486,0.0,0.39051363316115645,0.475,0.0,0.38999999999999996,-0.6389730664248698,129.88456610027205,0.022049248620806365,True,True,False
11.63,0.007154475236273523,0.1303844000572916,0.005903605148462171,0.004958149623240945,0.0,1.287044642281209e-05,0.4821358731917308,0.0,0.3905155867511763,0.475,0.0,0.38999999999999996,-0.6543577119074551,129.88456540627215,0.021645112677597375,True,True,False
11.635,0.007183649942493816,0.1308806768857576,0.005766237321825156,0.004958149623240945,0.0,1.287044642281209e-05,0.4821649803947377,0.0,0.3905175736076302,0.475,0.0,0.38999999999999996,-0.6582757416444974,129.88456473102468,0.021231051247777938,True,True,False
11.64,0.007212135298036203,0.13138507545925968,0.005627785424910629,0.004958149623240945,0.0,1.287044642281209e-05,0.48219339415772905,0.0,0.3905195921946382,0.475,0.0,0.38999999999999996,-0.7966846873125076,129.88456407592108,0.020814425984711282,True,True,False
11.645,0.007239900057109002,0.13190781798621706,0.005478024222771211,0.004958149623240945,0.0,1.287044642281209e-05,0.48222108024598725,0.0,0.3905216827751989,0.475,0.0,0.38999999999999996,-0.7544496057122376,129.88456344237582,0.020384800775445824,True,True,False
11.65,0.0072669209907688945,0.1324545960542601,0.005330624192036961,0.009481577118579186,0.0,1.0576950467200867e-05,0.48224801374497517,0.0,0.3905238677683617,0.475,0.0,0.38999999999999996,-0.8625104276668484,129.88452620380997,0.027096539400153004,True,True,False
11.655,0.007293178315250412,0.1330294657154266,0.005173390433005415,0.009481577118579186,0.0,1.0576950467200867e-05,0.4822741736493923,0.0,0.39052616314630095,0.475,0.0,0.38999999999999996,-0.9975872211342535,129.88452518738265,0.0264115251606189,True,True,False
11.66,0.007318609974394512,0.1336542946688471,0.005002555138763653,0.009481577118579186,0.0,1.0576950467200867e-05,0.48229949147541856,0.0,0.39052865504594036,0.475,0.0,0.38999999999999996,-0.9562620080840925,129.88452424499766,0.02571429465818845,True,True,False
11.665000000000001,0.007343184963095702,0.13433524984686854,0.004834476569792216,0.009481577118579186,0.0,1.0576950467200867e-05,0.48232393430430015,0.0,0.39053136777144454,0.475,0.0,0.38999999999999996,-1.0036225224008073,129.88452337717064,0.025031775772850248,True,True,False
11.67,0.0073668955586464165,0.13507072573560983,0.004662314009266164,0.009481577118579186,0.0,1.0576950467200867e-05,0.4823474947442243,0.0,0.39053429500802506,0.475,0.0,0.38999999999999996,-1.1006088528198401,129.88452258348923,0.024351784043087746,True,True,False
11.675,0.007389703958541428,0.1358793499787602,0.004482812669191758,0.009481577118579186,0.0,1.0576950467200867e-05,0.48237012940531676,0.0,0.39053751013364185,0.475,0.0,0.38999999999999996,-1.1409775626140912,129.8845218644134,0.023666357130632393,True,True,False
11.68,0.00741157303827884,0.13678007008797444,0.004301471895407024,0.009481577118579186,0.0,1.0576950467200867e-05,0.4823917953768837,0.0,0.39054108780065916,0.475,0.0,0.38999999999999996,-1.1381690660524841,129.88452122027192,0.022984083358206467,True,True,False
11.685,0.00743248961060436,0.1377779186253497,0.004122288224852154,0.009481577118579186,0.0,1.0576950467200867e-05,0.4824124776309986,0.0,0.3905450478710048,0.475,0.0,0.38999999999999996,-1.0639241170443052,129.88452065043305,0.022312655603985963,True,True,False
11.69,0.007452469245053223,0.13886087327031554,0.003949928222775017,0.009481577118579186,0.0,1.0576950467200867e-05,0.48243219483575395,0.0,0.39054934303659566,0.475,0.0,0.38999999999999996,-0.8790442617577041,129.88452015309701,0.02166476714610904,True,True,False
11.695,0.007471567532679071,0.13999319340156466,0.003788449197414873,0.009481577118579186,0.0,1.0576950467200867e-05,0.48245101274394936,0.0,0.3905538325422796,0.475,0.0,0.38999999999999996,-0.8617124733964064,129.88451972485908,0.021056621358500935,True,True,False
11.700000000000001,0.007489823831321334,0.14114684449483658,0.003627085006728742,0.021654175207241198,0.0,9.020056047566587e-06,0.4824689787651162,0.0,0.390558405972812,0.475,0.0,0.38999999999999996,-1.051998715110212,129.88447414767396,0.03965236483722247,True,True,False
11.705,0.007507193471478181,0.142340108976706,0.0034561412946760134,0.021654175207241198,0.0,9.020056047566587e-06,0.4824860424988102,0.0,0.39056313544037957,0.475,0.0,0.38999999999999996,-1.1394998178811353,129.88447359833862,0.03835387002818668,True,True,False
11.71,0.007523606372534697,0.14360604571846985,0.003282758189626096,0.021654175207241198,0.0,9.020056047566587e-06,0.48250212349525157,0.0,0.39056815130980993,0.475,0.0,0.38999999999999996,-1.049844041400448,129.88447333799553,0.03706829756139652,True,True,False
11.715,0.007539057197100731,0.14494190881943822,0.0031153387233717918,0.021654175207241198,0.0,9.020056047566587e-06,0.48251721668847314,0.0,0.3905734428303649,0.475,0.0,0.38999999999999996,-1.095277128633389,129.8844733577569,0.03582501237154712,True,True,False
11.72,0.007553550925507924,0.14633831799834995,0.002948531807532366,0.021654175207241198,0.0,9.020056047566587e-06,0.4825313293465,0.0,0.390578973107138,0.475,0.0,0.38999999999999996,-1.1987289796591964,129.88447364767904,0.034601360520478554,True,True,False
11.725,0.0075670420972960934,0.14781323958691503,0.0027832191465078857,0.021654175207241198,0.0,9.020056047566587e-06,0.48254440983686164,0.0,0.390584813060487,0.475,0.0,0.38999999999999996,-1.073543158484878,129.8844742012642,0.03338742592754646,True,True,False
11.73,0.007579529777919482,0.1493622599793564,0.0026257622795325414,0.021654175207241198,0.0,9.020056047566587e-06,0.48255645784973805,0.0,0.3905909453608414,0.475,0.0,0.38999999999999996,-1.162007872302813,129.8844750090024,0.032218636581473656,True,True,False
11.735,0.007591017988379193,0.15098101843284903,0.0024757045447389874,0.021654175207241198,0.0,9.020056047566587e-06,0.4825674780277589,0.0,0.3905973528264622,0.475,0.0,0.38999999999999996,-1.0945378334146847,129.88447606072597,0.031063988126915833,True,True,False
11.74,0.007601495184233378,0.15267325340299948,0.0023338448965563377,0.021654175207241198,0.0,9.020056047566587e-06,0.48257745685469666,0.0,0.3906040502058053,0.475,0.0,0.38999999999999996,-1.0373250414999398,129.88447734726103,0.02994489117334504,True,True,False
11.745000000000001,0.007610986471597662,0.1544218953403365,0.0021992417717068874,0.021654175207241198,0.0,9.020056047566587e-06,0.4825864240932429,0.0,0.39061097016973456,0.475,0.0,0.38999999999999996,-1.1144931407895444,129.88447885725876,0.028858910595953833,True,True,False
11.75,0.007619479910728022,0.15622953657598154,0.002079651585021944,0.033250992456612435,0.0,8.848335676011797e-06,0.4825943662117273,0.0,0.39061812292641696,0.475,0.0,0.38999999999999996,-1.0547312973964063,129.8844581073756,0.046068136647686914,True,True,False
11.755,0.007626964286200003,0.1580976002161761,0.001969698473859226,0.033250992456612435,0.0,8.848335676011797e-06,0.48260127070345415,0.0,0.39062551412116714,0.475,0.0,0.38999999999999996,-1.0513761587328863,129.88446112111987,0.04437101756045052,True,True,False
11.76,0.007633448053459055,0.16001588824150376,0.001874207931288874,0.033250992456612435,0.0,8.848335676011797e-06,0.48260714855165876,0.0,0.3906331035443381,0.475,0.0,0.38999999999999996,-1.0975919784127381,129.884464641777,0.042714697385281705,True,True,False
11.765,0.00763891319132365,0.16198811398238636,0.0018018485289000802,0.033250992456612435,0.0,8.848335676011797e-06,0.48261197966673075,0.0,0.3906409058416458,0.475,0.0,0.38999999999999996,-1.0905235098034731,129.8844686482982,0.04109155317187656,True,True,False
11.77,0.0076433425445484385,0.1640167551633796,0.001749705858670292,0.033250992456612435,0.0,8.848335676011797e-06,0.48261574514162053,0.0,0.39064893080616275,0.475,0.0,0.38999999999999996,-1.024847904646219,129.88447311975503,0.039507963298675,True,True,False
11.775,0.007646745951595156,0.16608849885656674,0.0017088153194742108,0.033250992456612435,0.0,8.848335676011797e-06,0.4826184584522001,0.0,0.39065712590904456,0.475,0.0,0.38999999999999996,-0.8933556868204482,129.8844780329866,0.037971056181019855,True,True,False
11.78,0.007649159795631958,0.1681744140508824,0.0016662008004069014,0.033250992456612435,0.0,8.848335676011797e-06,0.4826201652944089,0.0,0.3906653769345254,0.475,0.0,0.38999999999999996,-0.8739342210705232,129.8844833626493,0.036487554429670624,True,True,False
11.785,0.007650608140596543,0.17025167478446926,0.0016384822354826947,0.033250992456612435,0.0,8.848335676011797e-06,0.4826208973490842,0.0,0.3906735937319209,0.475,0.0,0.38999999999999996,-0.9350382916796833,129.88448908471076,0.03504332683161981,True,True,False
11.790000000000001,0.007651073805394604,0.17231996200978325,0.0016411997022584386,0.033250992456612435,0.0,8.848335676011797e-06,0.4826206373216648,0.0,0.3906817750268558,0.475,0.0,0.38999999999999996,-0.8773893111484343,129.88449517904672,0.03363063781101823,True,True,False
11.795,0.007650547589304658,0.17437428587940357,0.001653193105824388,0.033250992456612435,0.0,8.848335676011797e-06,0.4826193775887788,0.0,0.39068990113482294,0.475,0.0,0.38999999999999996,-0.8632991719145219,129.8845016120339,0.032353764759446596,True,True,False
11.8,0.00764903564680528,0.1763983832480585,0.0016776311925008123,0.036101205108432226,0.0,8.142874013598374e-06,0.4826171300891705,0.0,0.3906979079672498,0.475,0.0,0.38999999999999996,-0.924380811525945,129.88449823674796,0.03569810977317911,True,True,False
11.805,0.007646520360720804,0.17838599173383254,0.001730384073278518,0.036101205108432226,0.0,8.142874013598374e-06,0.4826138794866167,0.0,0.3907057710607517,0.475,0.0,0.38999999999999996,-0.8423037561963406,129.88450582365036,0.03446612119240369,True,True,False
11.81,0.0076429977130246084,0.18032398747568826,0.001781418928056109,0.036101205108432226,0.0,8.142874013598374e-06,0.48260962673730357,0.0,0.3907134388272401,0.475,0.0,0.38999999999999996,-0.8671991942146636,129.88451368779045,0.03338874578443851,True,True,False
11.815,0.00763847116660754,0.1821963666143739,0.0018543941250962481,0.036101205108432226,0.0,8.142874013598374e-06,0.4826043816041121,0.0,0.39072084823793607,0.475,0.0,0.38999999999999996,-0.8045745696677075,129.88452178447355,0.03236962563992008,True,True,False
11.82,0.0076329396528199275,0.18399284822935957,0.0019326820312154612,0.036101205108432226,0.0,8.142874013598374e-06,0.482598147394227,0.0,0.39072795873453897,0.475,0.0,0.38999999999999996,-0.8592566208154244,129.88453008593325,0.03142103455208242,True,True,False
11.825000000000001,0.007626396887020024,0.18570779942078394,0.002037575336292521,0.036101205108432226,0.0,8.142874013598374e-06,0.48259092054838826,0.0,0.3907347480564147,0.475,0.0,0.38999999999999996,-0.8920005967633701,129.88453857313158,0.03048077236415184,True,True,False
11.83,0.00761881891765026,0.18734678602790572,0.002163010256263334,0.036101205108432226,0.0,8.142874013598374e-06,0.48258267549552825,0.0,0.39074123817323486,0.475,0.0,0.38999999999999996,-0.8498177677621346,129.88454723620976,0.029556429884474062,True,True,False
11.835,0.007610200399454263,0.18890487292869093,0.0022933751394345237,0.036101205108432226,0.0,8.142874013598374e-06,0.4825734093420077,0.0,0.3907474095652611,0.475,0.0,0.38999999999999996,-0.8718855988498498,129.88455605801843,0.028685215139086388,True,True,False
11.84,0.007600538426266356,0.19037612197548678,0.0024388640424028063,0.036101205108432226,0.0,8.142874013598374e-06,0.4825631220910823,0.0,0.3907532387433833,0.475,0.0,0.38999999999999996,-0.8092498746241246,129.88456502077003,0.02783527177348294,True,True,False
11.845,0.0075898339453208735,0.1917514125153521,0.002583034288487192,0.036101205108432226,0.0,8.142874013598374e-06,0.48255181893843924,0.0,0.39075868968529637,0.475,0.0,0.38999999999999996,-0.7459344152007013,129.88457410369614,0.027061883171667973,True,True,False
11.85,0.007578103279566339,0.19301075476729437,0.0027272191928099892,0.03259833958824709,0.0,5.114652045062935e-06,0.48253952497729846,0.0,0.39076368346352813,0.475,0.0,0.38999999999999996,-0.6436489508629841,129.88453570216376,0.020800827543478645,True,True,False
11.855,0.007565367054308877,0.19413328831027166,0.00286860024315995,0.03259833958824709,0.0,5.114652045062935e-06,0.4825262702167625,0.0,0.3907681375467297,0.475,0.0,0.38999999999999996,-0.5393463034264395,129.88454399278805,0.020287301101535288,True,True,False
11.86,0.007551649015955519,0.19509754598720264,0.003009976135984596,0.03259833958824709,0.0,5.114652045062935e-06,0.4825120882505637,0.0,0.3907719669526117,0.475,0.0,0.38999999999999996,-0.4219336600445728,129.88455228506922,0.01979518814201317,True,True,False
11.865,0.007536972507713164,0.1958880214719601,0.0031537630899531304,0.03259833958824709,0.0,5.114652045062935e-06,0.48249700998563355,0.0,0.3907751102227003,0.475,0.0,0.38999999999999996,-0.21405253150743828,129.88456057109232,0.01932572975741259,True,True,False
11.870000000000001,0.0075213769202055955,0.19650627826057684,0.0032976751890277517,0.03259833958824709,0.0,5.114652045062935e-06,0.4824810755223867,0.0,0.390777573021746,0.475,0.0,0.38999999999999996,-0.17944537841595415,129.88456884045738,0.01889697573578369,True,True,False
11.875,0.007504895263789636,0.19696144509536692,0.003447082152128921,0.03259833958824709,0.0,5.114652045062935e-06,0.48246431527973876,0.0,0.3907793909962978,0.475,0.0,0.38999999999999996,-0.048017238290096936,129.8845770812726,0.01850105322431068,True,True,False
11.88,0.0074875469687411215,0.1972642943821808,0.003598704124258204,0.03259833958824709,0.0,5.114652045062935e-06,0.48244674513906083,0.0,0.3907806064584526,0.475,0.0,0.38999999999999996,-0.05671471873134133,129.88458528346183,0.01813796317391192,True,True,False
11.885,0.00746934892765464,0.1974237484123415,0.0037529369191244195,0.03259833958824709,0.0,5.114652045062935e-06,0.4824283790156552,0.0,0.39078125450579715,0.475,0.0,0.38999999999999996,0.12535072225410587,129.88459343779348,0.017804141275445197,True,True,False
11.89,0.007450316290287557,0.19744750955615817,0.003907435499641695,0.03259833958824709,0.0,5.114652045062935e-06,0.48240922943415154,0.0,0.39078136548261755,0.475,0.0,0.38999999999999996,0.05976245188054456,129.88460153579106,0.017500280468553526,True,True,False
11.895,0.007430462457487691,0.1973428466420713,0.004063263851781003,0.03259833958824709,0.0,5.114652045062935e-06,0.4823893072209487,0.0,0.3907809680701342,0.475,0.0,0.38999999999999996,0.06102628489160211,129.88460956969246,0.017222709752978873,True,True,False
11.9,0.007409798129817293,0.19711734349781743,0.004219035132563569,0.017064475712040776,0.0,-2.1970463903253337e-06,0.48236862025288907,0.0,0.39078009223387783,0.475,0.0,0.38999999999999996,-0.039696298294404096,129.8844451577271,0.007515950041111382,True,True,False
11.905,0.007388334231596161,0.19677775905550354,0.00437491045934614,0.017064475712040776,0.0,-2.1970463903253337e-06,0.4823471769178247,0.0,0.3907787644418945,0.475,0.0,0.38999999999999996,0.0033274712828705935,129.8844487484878,0.006863996968877371,True,True,False
11.91,0.007366076364456369,0.19632783848900218,0.004531562347199945,0.017064475712040776,0.0,-2.1970463903253337e-06,0.4823249814438878,0.0,0.390776999262356,0.475,0.0,0.38999999999999996,-0.033621658476919294,129.884452166422,0.006213613709229411,True,True,False
11.915000000000001,0.007343026651723694,0.19576834963678316,0.004688987538177401,0.017064475712040776,0.0,-2.1970463903253337e-06,0.48230203572441077,0.0,0.390774799772427,0.475,0.0,0.38999999999999996,-0.06404529371457986,129.88445541839977,0.005566364592444643,True,True,False
11.92,0.007319187348657162,0.1951003098010497,0.004846978180354369,0.017064475712040776,0.0,-2.1970463903253337e-06,0.48227834162801564,0.0,0.390772170052927,0.475,0.0,0.38999999999999996,-0.2168417457839813,129.88445851114048,0.004923214907652899,True,True,False
11.925,0.007294557109353128,0.19432763428048241,0.0050068042706060386,0.017064475712040776,0.0,-2.1970463903253337e-06,0.4822538961352564,0.0,0.3907691256597764,0.475,0.0,0.38999999999999996,-0.14306009542483467,129.8844614513451,0.004287855376223549,True,True,False
11.93,0.007269138401109942,0.1934527179659704,0.0051654232191457065,0.017064475712040776,0.0,-2.1970463903253337e-06,0.48222870065433204,0.0,0.3907656761355497,0.475,0.0,0.38999999999999996,-0.1684129177974302,129.88446424535744,0.003655473398799323,True,True,False
11.935,0.007242937995081666,0.19247601415659518,0.005323955689485468,0.017064475712040776,0.0,-2.1970463903253337e-06,0.48220276169182863,0.0,0.3907618233465333,0.475,0.0,0.38999999999999996,-0.17272302218657373,129.88446689911314,0.003028859996210692,True,True,False
11.94,0.0072159604152515185,0.19140007660861744,0.005481908610354456,0.017064475712040776,0.0,-2.1970463903253337e-06,0.4821760825725129,0.0,0.3907575774725752,0.475,0.0,0.38999999999999996,-0.1820061578889653,129.88446941842815,0.002407720955855071,True,True,False
11.945,0.007188211311248636,0.19022747650689803,0.005639114365602789,0.017064475712040776,0.0,-2.1970463903253337e-06,0.4821486677090014,0.0,0.3907529487641555,0.475,0.0,0.38999999999999996,-0.08117504761929083,129.88447180885092,0.0017923040348361424,True,True,False
11.950000000000001,0.007159699828683095,0.18895928031599313,0.005794365182119136,0.0012195037786505124,0.0,-8.714988722259632e-06,0.48212052562076557,0.0,0.3907479415223568,0.475,0.0,0.38999999999999996,-0.04515755627031058,129.88427436158545,0.02615840596759123,True,True,False
11.955,0.007130436742837834,0.18759675539317786,0.005948080447777739,0.0012195037786505124,0.0,-8.714988722259632e-06,0.4820916663753153,0.0,0.39074256054624096,0.475,0.0,0.38999999999999996,0.027742815511196707,129.88427361676693,0.024654885173752195,True,True,False
11.96,0.007100431040880934,0.186143086892133,0.006100238776297231,0.0012195037786505124,0.0,-8.714988722259632e-06,0.48206209741425576,0.0,0.3907368182122255,0.475,0.0,0.38999999999999996,0.02029480974897705,129.88427291790185,0.023179969672241434,True,True,False
11.965,0.00706969148675273,0.1846015392356911,0.006250773435091106,0.0012195037786505124,0.0,-8.714988722259632e-06,0.482031825866995,0.0,0.390730727510173,0.475,0.0,0.38999999999999996,-0.03191567999925975,129.88427226883732,0.02173348480608648,True,True,False
11.97,0.007038226873468479,0.18297579163101368,0.006399548058424084,0.0012195037786505124,0.0,-8.714988722259632e-06,0.48200085870324005,0.0,0.39072430307170514,0.475,0.0,0.38999999999999996,-0.09063192379941938,129.8842716727038,0.02031513617526387,True,True,False
11.975,0.007006045783633029,0.18127010030943713,0.006546560752674624,0.0012195037786505124,0.0,-8.714988722259632e-06,0.4819692024344361,0.0,0.3907175618093321,0.475,0.0,0.38999999999999996,-0.03245156526170125,129.88427113196335,0.018925025489270917,True,True,False
11.98,0.006973158052086403,0.1794883193614622,0.006691280585179481,0.0012195037786505124,0.0,-8.714988722259632e-06,0.4819368649913135,0.0,0.3907105190438449,0.475,0.0,0.38999999999999996,0.05153190861226508,129.88427064848435,0.017561738643736058,True,True,False
11.985,0.006939575022645726,0.17763371305476233,0.006833655900333176,0.0012195037786505124,0.0,-8.714988722259632e-06,0.4819038560575831,0.0,0.39070318776375934,0.475,0.0,0.38999999999999996,-0.038698893785655906,129.88427022359681,0.016225185871341717,True,True,False
11.99,0.006905307224015507,0.1757103770204353,0.006973832352409772,0.0012195037786505124,0.0,-8.714988722259632e-06,0.48187018416215566,0.0,0.3906955842408407,0.475,0.0,0.38999999999999996,-0.0008961135565893202,129.88426985809923,0.014915684555018672,True,True,False
11.995000000000001,0.006870365190882332,0.17372266813002205,0.0071115408158515655,0.0012195037786505124,0.0,-8.714988722259632e-06,0.4818358577454176,0.0,0.39068772577420185,0.475,0.0,0.38999999999999996,-0.08387965521187726,129.88426955231498,0.01363253560380253,True,True,False
12.0,0.006834759581906189,0.1716752127751881,0.007246876626259094,-0.010357582259978002,0.0,-1.2383613313227282e-05,0.48180088528237797,0.0,0.39067963072207845,0.475,0.0,0.38999999999999996,-0.17308641690848375,129.88412486063973,0.03062630608781593,True,True,False
